dMomentum = 0 0 0
dEnergy = 0
0 -1 0 0 0.350112 0.0793395 0 
1 1 0 0 0.350112 0.0793395 0 
2 0 0 0 -0.700224 -0.158679 0 
dMomentum = -1.0571e-18 2.64274e-19 0
dEnergy = -9.76506e-14
0 -0.980844 0.00396949 0 0.415592 0.079006 0 
1 1.01601 0.00397029 0 0.289938 0.0790695 0 
2 -0.0351696 -0.00793978 0 -0.70553 -0.158076 0 
dMomentum = -5.42101e-19 6.77626e-21 0
dEnergy = -2.24207e-13
0 -0.958245 0.00790246 0 0.487828 0.0778335 0 
1 1.02912 0.0079154 0 0.234024 0.0783568 0 
2 -0.0708776 -0.0158179 0 -0.721852 -0.15619 0 
dMomentum = -1.97867e-18 3.38813e-19 0
dEnergy = -4.26633e-13
0 -0.931816 0.0117484 0 0.568918 0.0754567 0 
1 1.03952 0.0118162 0 0.181591 0.0773169 0 
2 -0.107704 -0.0235646 0 -0.750509 -0.152774 0 
dMomentum = -3.36103e-18 4.13352e-19 0
dEnergy = -8.08747e-13
0 -0.901039 0.0154333 0 0.662056 0.0712717 0 
1 1.04737 0.0156585 0 0.13204 0.076037 0 
2 -0.146327 -0.0310918 0 -0.794096 -0.147309 0 
dMomentum = -3.2255e-18 2.30393e-19 0
dEnergy = -1.6531e-12
0 -0.865192 0.0188421 0 0.772442 0.0641965 0 
1 1.05279 0.0194323 0 0.0848957 0.0745873 0 
2 -0.187599 -0.0382744 0 -0.857338 -0.138784 0 
dMomentum = -4.09286e-18 6.77626e-21 0
dEnergy = -3.91516e-12
0 -0.823203 0.0217828 0 0.909357 0.0520703 0 
1 1.05591 0.0231304 0 0.0397682 0.0730273 0 
2 -0.232704 -0.0449131 0 -0.949125 -0.125098 0 
dMomentum = -1.13841e-18 6.77626e-20 0
dEnergy = -1.19968e-11
0 -0.773328 0.0238952 0 1.09178 0.0298377 0 
1 1.0568 0.0267487 0 -0.00367773 0.0714116 0 
2 -0.283476 -0.0506439 0 -1.0881 -0.101249 0 
dMomentum = -2.54788e-18 1.15196e-19 0
dEnergy = -6.07031e-11
0 -0.712287 0.0243672 0 1.36831 -0.0179056 0 
1 1.05556 0.0302858 0 -0.0457521 0.0697941 0 
2 -0.343274 -0.054653 0 -1.32256 -0.0518885 0 
dMomentum = -1.84314e-18 3.52366e-19 0
dEnergy = -1.20184e-09
0 -0.631757 0.0205172 0 1.93848 -0.17432 0 
1 1.05224 0.033743 0 -0.0867833 0.0682327 0 
2 -0.420481 -0.0542602 0 -1.8517 0.106087 0 
dMomentum = -4.77049e-18 1.73472e-18 0
dEnergy = 3.42476e-07
0 -0.548373 -0.0493315 0 -3.0026 -1.57194 0 
1 1.04687 0.0371247 0 -0.127272 0.0667858 0 
2 -0.498502 0.0122068 0 3.12987 1.50516 0 
dMomentum = -3.03577e-18 1.21973e-18 0
dEnergy = 2.97864e-10
0 -0.648104 -0.0839856 0 -1.50239 -0.383473 0 
1 1.03947 0.040437 0 -0.168444 0.0654708 0 
2 -0.391369 0.0435486 0 1.67083 0.318002 0 
dMomentum = -3.46945e-18 8.94467e-19 0
dEnergy = 3.06376e-11
0 -0.71252 -0.0983985 0 -1.1148 -0.21862 0 
1 1.02997 0.0436874 0 -0.211324 0.0643048 0 
2 -0.317448 0.0547111 0 1.32612 0.154315 0 
dMomentum = -3.46945e-18 6.09864e-19 0
dEnergy = 7.60873e-12
0 -0.762399 -0.107269 0 -0.891756 -0.142918 0 
1 1.01826 0.0468821 0 -0.256483 0.0632427 0 
2 -0.255861 0.060387 0 1.14824 0.0796754 0 
dMomentum = -4.77049e-18 5.96311e-19 0
dEnergy = 2.75407e-12
0 -0.802937 -0.113202 0 -0.733977 -0.0971233 0 
1 1.00422 0.0500252 0 -0.304482 0.0622377 0 
2 -0.201284 0.0631768 0 1.03846 0.0348856 0 
dMomentum = -6.93889e-18 5.82759e-19 0
dEnergy = 1.20352e-12
0 -0.836511 -0.117234 0 -0.610675 -0.0655403 0 
1 0.987693 0.0531184 0 -0.355967 0.0612389 0 
2 -0.151182 0.0641155 0 0.966642 0.00430142 0 
dMomentum = -7.91468e-18 5.69206e-19 0
dEnergy = 5.56601e-13
0 -0.864475 -0.119902 0 -0.508475 -0.0420158 0 
1 0.968481 0.0561605 0 -0.411751 0.0601855 0 
2 -0.104006 0.0637417 0 0.920226 -0.0181697 0 
dMomentum = -7.80626e-18 5.69206e-19 0
dEnergy = 2.11997e-13
0 -0.887695 -0.121528 0 -0.420412 -0.0235862 0 
1 0.946346 0.0591468 0 -0.472902 0.0589988 0 
2 -0.0586509 0.0623815 0 0.893314 -0.0354125 0 
dMomentum = -6.93889e-18 5.75982e-19 0
dEnergy = -3.91874e-14
0 -0.906768 -0.122323 0 -0.342416 -0.00862581 0 
1 0.920983 0.0620681 0 -0.540896 0.0575685 0 
2 -0.0142147 0.060255 0 0.883311 -0.0489427 0 
dMomentum = -6.17995e-18 5.89535e-19 0
dEnergy = -3.12556e-13
0 -0.92213 -0.122434 0 -0.271904 0.00384293 0 
1 0.891999 0.0649084 0 -0.617869 0.0557274 0 
2 0.0301307 0.0575257 0 0.889773 -0.0595704 0 
dMomentum = -5.42101e-18 5.55654e-19 0
dEnergy = -7.46123e-13
0 -0.934109 -0.121969 0 -0.207138 0.01445 0 
1 0.858869 0.0676407 0 -0.707087 0.0532011 0 
2 0.0752396 0.0543283 0 0.914225 -0.0676511 0 
dMomentum = -4.87891e-18 5.35325e-19 0
dEnergy = -1.65513e-12
0 -0.942945 -0.121012 0 -0.147002 0.0236084 0 
1 0.820938 0.0702147 0 -0.813681 0.0495027 0 
2 0.122007 0.0507976 0 0.960682 -0.0731111 0 
dMomentum = -5.20417e-18 6.09864e-19 0
dEnergy = -4.09763e-12
0 -0.948868 -0.119627 0 -0.0904526 0.0316495 0 
1 0.777053 0.0725553 0 -0.947458 0.0436235 0 
2 0.171816 0.0470715 0 1.03791 -0.0752731 0 
dMomentum = -3.46945e-18 6.91179e-19 0
dEnergy = -1.31124e-11
0 -0.952039 -0.117862 0 -0.036785 0.0388092 0 
1 0.725418 0.0745024 0 -1.12856 0.0331335 0 
2 0.22662 0.0433596 0 1.16534 -0.0719427 0 
dMomentum = -2.1684e-18 7.2506e-19 0
dEnergy = -7.17635e-11
0 -0.952585 -0.115757 0 0.0145862 0.0452831 0 
1 0.662578 0.0756725 0 -1.41053 0.0101932 0 
2 0.290008 0.0400848 0 1.39595 -0.0554763 0 
dMomentum = 1.73472e-18 5.96311e-19 0
dEnergy = -1.90095e-09
0 -0.950609 -0.113342 0 0.0642057 0.0512571 0 
1 0.579228 0.0746604 0 -2.03716 -0.0735812 0 
2 0.371381 0.0386817 0 1.97295 0.0223241 0 
dMomentum = 4.77049e-18 2.87314e-18 0
dEnergy = -0.0796935
0 -0.946182 -0.110636 0 0.11283 0.0569908 0 
1 0.527872 0.0297224 0 2.59236 -0.698736 0 
2 0.41831 0.0809135 0 -2.70519 0.641745 0 
dMomentum = 5.52943e-18 1.97867e-18 0
dEnergy = -0.0796935
0 -0.939307 -0.107636 0 0.162509 0.0631309 0 
1 0.620415 0.0093264 0 1.44515 -0.274042 0 
2 0.318892 0.0983093 0 -1.60766 0.210911 0 
dMomentum = 2.98156e-18 1.70762e-18 0
dEnergy = -0.0796935
0 -0.929891 -0.10431 0 0.21458 0.0700491 0 
1 0.682772 -0.00179384 0 1.08846 -0.183962 0 
2 0.247119 0.106104 0 -1.30304 0.113913 0 
dMomentum = 3.7676e-18 2.00577e-18 0
dEnergy = -0.0796935
0 -0.917796 -0.100615 0 0.269859 0.0779346 0 
1 0.731553 -0.0097879 0 0.876727 -0.139877 0 
2 0.186243 0.110403 0 -1.14659 0.0619427 0 
dMomentum = 2.11419e-18 2.00577e-18 0
dEnergy = -0.0796935
0 -0.902837 -0.0964966 0 0.329247 0.087005 0 
1 0.771421 -0.0160539 0 0.724952 -0.112616 0 
2 0.131416 0.11255 0 -1.0542 0.0256112 0 
dMomentum = 2.95445e-18 2.10064e-18 0
dEnergy = -0.0796935
0 -0.884784 -0.0918896 0 0.393881 0.0975497 0 
1 0.804579 -0.0211867 0 0.605483 -0.0937249 0 
2 0.0802045 0.113076 0 -0.999364 -0.00382477 0 
dMomentum = 2.00577e-18 2.15485e-18 0
dEnergy = -0.0796935
0 -0.863336 -0.0867103 0 0.465311 0.109981 0 
1 0.8323 -0.0255072 0 0.506022 -0.0797379 0 
2 0.0310364 0.112218 0 -0.971333 -0.0302431 0 
dMomentum = 3.79471e-19 2.15485e-18 0
dEnergy = -0.0796935
0 -0.838103 -0.0808499 0 0.545774 0.12492 0 
1 0.855405 -0.0292133 0 0.420065 -0.0689416 0 
2 -0.0173024 0.110063 0 -0.965839 -0.0559788 0 
dMomentum = 7.58942e-19 1.99222e-18 0
dEnergy = -0.0796935
0 -0.808552 -0.0741603 0 0.638708 0.143363 0 
1 0.874466 -0.0324385 0 0.343766 -0.0603814 0 
2 -0.0659144 0.106599 0 -0.982473 -0.0829816 0 
dMomentum = -5.14996e-19 2.09387e-18 0
dEnergy = -0.0796935
0 -0.773931 -0.0664273 0 0.749825 0.167033 0 
1 0.889901 -0.035279 0 0.274655 -0.0534794 0 
2 -0.11597 0.101706 0 -1.02448 -0.113553 0 
dMomentum = -5.42101e-19 1.87703e-18 0
dEnergy = -0.0796935
0 -0.733097 -0.0573164 0 0.889661 0.199259 0 
1 0.902023 -0.0378078 0 0.211041 -0.0478629 0 
2 -0.168926 0.0951242 0 -1.1007 -0.151396 0 
dMomentum = 2.1684e-19 1.99222e-18 0
dEnergy = -0.0796935
0 -0.684125 -0.0462387 0 1.08097 0.247643 0 
1 0.911076 -0.0400824 0 0.151693 -0.0432782 0 
2 -0.226951 0.0863211 0 -1.23266 -0.204365 0 
dMomentum = -5.96311e-19 1.8838e-18 0
dEnergy = -0.0796935
0 -0.623147 -0.0319272 0 1.38842 0.335506 0 
1 0.917248 -0.0421497 0 0.0956459 -0.0395411 0 
2 -0.2941 0.0740769 0 -1.48407 -0.295965 0 
dMomentum = 1.30104e-18 1.54499e-18 0
dEnergy = -0.0796935
0 -0.538458 -0.0100419 0 2.17456 0.614651 0 
1 0.920682 -0.0440481 0 0.0420497 -0.0364995 0 
2 -0.382223 0.0540901 0 -2.21661 -0.578152 0 
dMomentum = 5.42101e-19 4.87891e-19 0
dEnergy = -7.97554
0 -0.516214 0.0196789 0 -0.384245 -0.434307 0 
1 0.921475 -0.0458075 0 -0.0102795 -0.0338951 0 
2 -0.405261 0.0261286 0 0.394524 0.468202 0 
dMomentum = -5.63785e-18 -2.38524e-18 0
dEnergy = 20.6263
0 -0.529935 0.0665255 0 -4.46837 2.42393 0 
1 0.919652 -0.0474356 0 -0.0626538 -0.0312399 0 
2 -0.389717 -0.0190899 0 4.53103 -2.39269 0 
dMomentum = -8.67362e-19 -4.11997e-18 0
dEnergy = 20.6263
0 -0.73851 0.179279 0 -4.04583 2.18827 0 
1 0.915162 -0.0489528 0 -0.118048 -0.0299644 0 
2 -0.176652 -0.130326 0 4.16388 -2.1583 0 
dMomentum = -5.63785e-18 -8.0231e-18 0
dEnergy = 20.6263
0 -0.938567 0.28763 0 -3.9681 2.15188 0 
1 0.907667 -0.0505287 0 -0.184319 -0.0346682 0 
2 0.0308998 -0.237101 0 4.15242 -2.11721 0 
dMomentum = -1.38778e-17 -8.78204e-18 0
dEnergy = 20.6263
0 -1.13593 0.394775 0 -3.92997 2.13557 0 
1 0.896388 -0.0526903 0 -0.27109 -0.0561141 0 
2 0.239546 -0.342085 0 4.20106 -2.07945 0 
dMomentum = -2.12504e-17 -6.83047e-18 0
dEnergy = 20.6263
0 -1.33179 0.50129 0 -3.90571 2.12568 0 
1 0.880113 -0.0568352 0 -0.383489 -0.11993 0 
2 0.451675 -0.444455 0 4.2892 -2.00575 0 
dMomentum = -1.56125e-17 -7.37257e-18 0
dEnergy = 20.6263
0 -1.52662 0.607391 0 -3.88833 2.11874 0 
1 0.858087 -0.0659869 0 -0.490554 -0.259402 0 
2 0.66853 -0.541405 0 4.37888 -1.85933 0 
dMomentum = -4.77049e-18 -9.32414e-18 0
dEnergy = 20.6263
0 -1.72069 0.71319 0 -3.87499 2.11342 0 
1 0.832369 -0.0834682 0 -0.52296 -0.43761 0 
2 0.888318 -0.629722 0 4.39795 -1.67581 0 
dMomentum = -2.1684e-18 -1.09504e-17 0
dEnergy = 20.6263
0 -1.91416 0.81875 0 -3.86433 2.10912 0 
1 0.806887 -0.108872 0 -0.490852 -0.567381 0 
2 1.10727 -0.709878 0 4.35518 -1.54173 0 
dMomentum = 3.90313e-18 -1.12757e-17 0
dEnergy = 20.6263
0 -2.10715 0.924113 0 -3.85556 2.1055 0 
1 0.783445 -0.139238 0 -0.447489 -0.639788 0 
2 1.32371 -0.784875 0 4.30305 -1.46571 0 
dMomentum = 5.20417e-18 -1.37694e-17 0
dEnergy = 20.6263
0 -2.29974 1.02931 0 -3.84821 2.10239 0 
1 0.761999 -0.172309 0 -0.411979 -0.67923 0 
2 1.53774 -0.857 0 4.26019 -1.42316 0 
dMomentum = 1.04083e-17 -1.53957e-17 0
dEnergy = 20.6263
0 -2.49199 1.13436 0 -3.84196 2.09968 0 
1 0.742096 -0.206886 0 -0.385457 -0.701904 0 
2 1.74989 -0.927473 0 4.22741 -1.39778 0 
dMomentum = 2.12504e-17 -1.33357e-17 0
dEnergy = 20.6263
0 -2.68395 1.23928 0 -3.83657 2.09728 0 
1 0.72334 -0.242354 0 -0.365758 -0.715766 0 
2 1.96061 -0.996928 0 4.20233 -1.38152 0 
dMomentum = 1.34441e-17 -1.20346e-17 0
dEnergy = 20.6263
0 -2.87566 1.34409 0 -3.83188 2.09514 0 
1 0.705441 -0.278381 0 -0.350883 -0.724695 0 
2 2.17022 -1.06571 0 4.18276 -1.37045 0 
dMomentum = 1.43115e-17 -8.89046e-18 0
dEnergy = 20.6263
0 -3.06715 1.4488 0 -3.82775 2.09322 0 
1 0.688195 -0.314775 0 -0.339414 -0.73069 0 
2 2.37895 -1.13402 0 4.16717 -1.36253 0 
dMomentum = 8.67362e-18 -7.26415e-18 0
dEnergy = 20.6263
0 -3.25844 1.55342 0 -3.8241 2.09149 0 
1 0.671459 -0.35142 0 -0.330386 -0.734848 0 
2 2.58698 -1.202 0 4.15449 -1.35664 0 
dMomentum = 1.9082e-17 -1.02999e-17 0
dEnergy = 20.6263
0 -3.44956 1.65795 0 -3.82085 2.08991 0 
1 0.655127 -0.38824 0 -0.323147 -0.737803 0 
2 2.79444 -1.26971 0 4.14399 -1.3521 0 
dMomentum = 7.80626e-18 -1.17094e-17 0
dEnergy = 20.6263
0 -3.64053 1.76241 0 -3.81792 2.08847 0 
1 0.639122 -0.425187 0 -0.317246 -0.739944 0 
2 3.00141 -1.33722 0 4.13517 -1.34852 0 
dMomentum = 9.1073e-18 -1.19262e-17 0
dEnergy = 20.6263
0 -3.83136 1.8668 0 -3.81529 2.08714 0 
1 0.623385 -0.462225 0 -0.312365 -0.741515 0 
2 3.20798 -1.40457 0 4.12765 -1.34563 0 
dMomentum = 5.63785e-18 -1.33357e-17 0
dEnergy = 20.6263
0 -4.02207 1.97113 0 -3.8129 2.08593 0 
1 0.607872 -0.499332 0 -0.308275 -0.74268 0 
2 3.41419 -1.47179 0 4.12118 -1.34325 0 
dMomentum = 1.0842e-17 -1.79978e-17 0
dEnergy = 20.6263
0 -4.21266 2.07539 0 -3.81072 2.08481 0 
1 0.592547 -0.536488 0 -0.304809 -0.743548 0 
2 3.62011 -1.53891 0 4.11553 -1.34126 0 
dMomentum = 2.34188e-17 -1.84314e-17 0
dEnergy = 20.6263
0 -4.40314 2.17961 0 -3.80874 2.08377 0 
1 0.577383 -0.573683 0 -0.301842 -0.744195 0 
2 3.82576 -1.60593 0 4.11058 -1.33957 0 
dMomentum = 2.51535e-17 -1.55041e-17 0
dEnergy = 20.6263
0 -4.59353 2.28377 0 -3.80691 2.0828 0 
1 0.562356 -0.610905 0 -0.29928 -0.744676 0 
2 4.03117 -1.67287 0 4.10619 -1.33812 0 
dMomentum = 2.21177e-17 -1.6263e-17 0
dEnergy = 20.6263
0 -4.78383 2.38789 0 -3.80523 2.0819 0 
1 0.547449 -0.648148 0 -0.297049 -0.74503 0 
2 4.23638 -1.73974 0 4.10228 -1.33687 0 
dMomentum = 1.82146e-17 -1.27936e-17 0
dEnergy = 20.6263
0 -4.97406 2.49196 0 -3.80367 2.08106 0 
1 0.532647 -0.685406 0 -0.295093 -0.745287 0 
2 4.44141 -1.80656 0 4.09876 -1.33577 0 
dMomentum = 1.21431e-17 -1.09504e-17 0
dEnergy = 20.6263
0 -5.1642 2.596 0 -3.80223 2.08027 0 
1 0.517936 -0.722676 0 -0.293366 -0.745467 0 
2 4.64627 -1.87332 0 4.0956 -1.33481 0 
dMomentum = 8.67362e-18 -4.98733e-18 0
dEnergy = 20.6263
0 -5.35428 2.69999 0 -3.80089 2.07954 0 
1 0.503307 -0.759952 0 -0.291832 -0.745589 0 
2 4.85097 -1.94004 0 4.09272 -1.33395 0 
dMomentum = 1.30104e-17 -1.21431e-17 0
dEnergy = 20.6263
0 -5.54429 2.80395 0 -3.79964 2.07884 0 
1 0.48875 -0.797234 0 -0.290462 -0.745663 0 
2 5.05554 -2.00672 0 4.0901 -1.33318 0 
dMomentum = 1.64799e-17 -1.35525e-17 0
dEnergy = 20.6263
0 -5.73425 2.90788 0 -3.79848 2.07819 0 
1 0.474259 -0.834518 0 -0.289233 -0.7457 0 
2 5.25999 -2.07336 0 4.08771 -1.33249 0 
dMomentum = 1.77809e-17 -1.0842e-17 0
dEnergy = 20.6263
0 -5.92414 3.01177 0 -3.79738 2.07758 0 
1 0.459825 -0.871803 0 -0.288124 -0.745708 0 
2 5.46432 -2.13997 0 4.08551 -1.33187 0 
dMomentum = 1.64799e-17 -9.86624e-18 0
dEnergy = 20.6263
0 -6.11399 3.11563 0 -3.79636 2.077 0 
1 0.445444 -0.909088 0 -0.287121 -0.745693 0 
2 5.66854 -2.20655 0 4.08348 -1.3313 0 
dMomentum = 2.81893e-17 -2.05998e-18 0
dEnergy = 20.6263
0 -6.30378 3.21947 0 -3.7954 2.07645 0 
1 0.431111 -0.946372 0 -0.286209 -0.745659 0 
2 5.87267 -2.2731 0 4.08161 -1.33079 0 
dMomentum = 3.51282e-17 -5.96311e-18 0
dEnergy = 20.6263
0 -6.49353 3.32328 0 -3.79449 2.07593 0 
1 0.416822 -0.983654 0 -0.285377 -0.74561 0 
2 6.0767 -2.33963 0 4.07987 -1.33032 0 
dMomentum = 2.90566e-17 -6.83047e-18 0
dEnergy = 20.6263
0 -6.68323 3.42706 0 -3.79364 2.07543 0 
1 0.402573 -1.02093 0 -0.284615 -0.74555 0 
2 6.28066 -2.40613 0 4.07825 -1.32988 0 
dMomentum = 2.77556e-17 -5.09575e-18 0
dEnergy = 20.6263
0 -6.87289 3.53082 0 -3.79283 2.07496 0 
1 0.38836 -1.05821 0 -0.283915 -0.74548 0 
2 6.48453 -2.47261 0 4.07674 -1.32948 0 
dMomentum = 2.90566e-17 -3.90313e-18 0
dEnergy = 20.6263
0 -7.06251 3.63456 0 -3.79206 2.07452 0 
1 0.37418 -1.09548 0 -0.283271 -0.745404 0 
2 6.68833 -2.53908 0 4.07534 -1.32911 0 
dMomentum = 2.38524e-17 -1.19262e-18 0
dEnergy = 20.6263
0 -7.2521 3.73828 0 -3.79134 2.07409 0 
1 0.360032 -1.13275 0 -0.282676 -0.745321 0 
2 6.89207 -2.60553 0 4.07402 -1.32877 0 
dMomentum = 2.9924e-17 2.38524e-18 0
dEnergy = 20.6263
0 -7.44165 3.84197 0 -3.79065 2.07369 0 
1 0.345912 -1.17001 0 -0.282125 -0.745235 0 
2 7.09574 -2.67196 0 4.07278 -1.32845 0 
dMomentum = 3.1225e-17 2.92735e-18 0
dEnergy = 20.6263
0 -7.63116 3.94564 0 -3.79 2.0733 0 
1 0.331819 -1.20727 0 -0.281614 -0.745145 0 
2 7.29935 -2.73837 0 4.07161 -1.32815 0 
dMomentum = 2.86229e-17 -2.38524e-18 0
dEnergy = 20.6263
0 -7.82065 4.0493 0 -3.78938 2.07293 0 
1 0.31775 -1.24453 0 -0.281138 -0.745053 0 
2 7.5029 -2.80477 0 4.07052 -1.32788 0 
dMomentum = 3.20924e-17 -3.14419e-18 0
dEnergy = 20.6263
0 -8.0101 4.15294 0 -3.78878 2.07258 0 
1 0.303704 -1.28178 0 -0.280694 -0.744959 0 
2 7.7064 -2.87116 0 4.06948 -1.32762 0 
dMomentum = 2.42861e-17 -6.39679e-18 0
dEnergy = 20.6263
0 -8.19991 4.25676 0 -3.78822 2.07224 0 
1 0.289652 -1.3191 0 -0.280279 -0.744864 0 
2 7.91025 -2.93767 0 4.0685 -1.32737 0 
dMomentum = 2.34188e-17 -1.10589e-17 0
dEnergy = 20.6263
0 -8.38968 4.36058 0 -3.78768 2.07191 0 
1 0.27562 -1.35641 0 -0.27989 -0.744769 0 
2 8.11406 -3.00416 0 4.06757 -1.32714 0 
dMomentum = 1.82146e-17 -1.58294e-17 0
dEnergy = 20.6263
0 -8.57943 4.46437 0 -3.78716 2.0716 0 
1 0.261606 -1.39372 0 -0.279526 -0.744674 0 
2 8.31783 -3.07065 0 4.06669 -1.32692 0 
dMomentum = 1.51788e-17 -1.20346e-17 0
dEnergy = 20.6263
0 -8.76916 4.56815 0 -3.78667 2.0713 0 
1 0.247611 -1.43103 0 -0.279184 -0.744579 0 
2 8.52155 -3.13712 0 4.06585 -1.32672 0 
dMomentum = 1.69136e-17 -1.10589e-17 0
dEnergy = 20.6263
0 -8.95886 4.67191 0 -3.7862 2.07101 0 
1 0.233632 -1.46833 0 -0.278862 -0.744484 0 
2 8.72522 -3.20358 0 4.06506 -1.32653 0 
dMomentum = 2.42861e-17 -9.75782e-18 0
dEnergy = 20.6263
0 -9.14853 4.77567 0 -3.78574 2.07073 0 
1 0.219669 -1.50563 0 -0.278558 -0.74439 0 
2 8.92886 -3.27004 0 4.0643 -1.32634 0 
dMomentum = 2.55872e-17 -7.15573e-18 0
dEnergy = 20.6263
0 -9.33819 4.8794 0 -3.78531 2.07047 0 
1 0.20572 -1.54292 0 -0.278272 -0.744297 0 
2 9.13247 -3.33648 0 4.06358 -1.32617 0 
dMomentum = 2.73219e-17 -6.93889e-18 0
dEnergy = 20.6263
0 -9.52782 4.98313 0 -3.78489 2.07021 0 
1 0.191786 -1.58021 0 -0.278001 -0.744206 0 
2 9.33604 -3.40292 0 4.06289 -1.32601 0 
dMomentum = 2.34188e-17 -4.87891e-18 0
dEnergy = 20.6263
0 -9.71743 5.08684 0 -3.78449 2.06996 0 
1 0.177864 -1.61749 0 -0.277745 -0.744115 0 
2 9.53957 -3.46935 0 4.06223 -1.32585 0 
dMomentum = 1.77809e-17 -1.30104e-18 0
dEnergy = 20.6263
0 -9.90703 5.19054 0 -3.7841 2.06973 0 
1 0.163955 -1.65477 0 -0.277502 -0.744026 0 
2 9.74307 -3.53577 0 4.0616 -1.3257 0 
dMomentum = 1.64799e-17 2.81893e-18 0
dEnergy = 20.6263
0 -10.0966 5.29422 0 -3.78373 2.0695 0 
1 0.150058 -1.69204 0 -0.277272 -0.743938 0 
2 9.94654 -3.60219 0 4.061 -1.32556 0 
dMomentum = 2.21177e-17 4.01155e-18 0
dEnergy = 20.6263
0 -10.2862 5.3979 0 -3.78337 2.06928 0 
1 0.136173 -1.72931 0 -0.277053 -0.743851 0 
2 10.15 -3.66859 0 4.06043 -1.32542 0 
dMomentum = 1.86483e-17 5.42101e-18 0
dEnergy = 20.6263
0 -10.4757 5.50157 0 -3.78303 2.06906 0 
1 0.122297 -1.76657 0 -0.276845 -0.743766 0 
2 10.3534 -3.73499 0 4.05987 -1.32529 0 
dMomentum = 1.12757e-17 1.40946e-18 0
dEnergy = 20.6263
0 -10.6652 5.60522 0 -3.7827 2.06885 0 
1 0.108433 -1.80383 0 -0.276646 -0.743683 0 
2 10.5568 -3.80139 0 4.05934 -1.32517 0 
dMomentum = 1.56125e-17 1.84314e-18 0
dEnergy = 20.6263
0 -10.8547 5.70887 0 -3.78238 2.06865 0 
1 0.0945773 -1.84109 0 -0.276457 -0.7436 0 
2 10.7601 -3.86778 0 4.05883 -1.32505 0 
dMomentum = 2.42861e-17 4.33681e-18 0
dEnergy = 20.6263
0 -11.0442 5.8125 0 -3.78207 2.06846 0 
1 0.0807314 -1.87834 0 -0.276277 -0.74352 0 
2 10.9635 -3.93416 0 4.05834 -1.32494 0 
dMomentum = 3.25261e-17 4.87891e-18 0
dEnergy = 20.6263
0 -11.2337 5.91613 0 -3.78177 2.06827 0 
1 0.0668942 -1.91559 0 -0.276105 -0.743441 0 
2 11.1668 -4.00053 0 4.05787 -1.32483 0 
dMomentum = 3.33934e-17 2.27682e-18 0
dEnergy = 20.6263
0 -11.4231 6.01974 0 -3.78148 2.06809 0 
1 0.0530655 -1.95284 0 -0.275941 -0.743363 0 
2 11.3701 -4.06691 0 4.05742 -1.32473 0 
dMomentum = 4.16334e-17 3.68629e-18 0
dEnergy = 20.6263
0 -11.6126 6.12335 0 -3.7812 2.06791 0 
1 0.0392448 -1.99008 0 -0.275783 -0.743287 0 
2 11.5733 -4.13327 0 4.05698 -1.32463 0 
dMomentum = 3.9465e-17 1.40946e-18 0
dEnergy = 20.6263
0 -11.802 6.22695 0 -3.78093 2.06774 0 
1 0.0254319 -2.02731 0 -0.275633 -0.743212 0 
2 11.7766 -4.19963 0 4.05656 -1.32453 0 
dMomentum = 4.81386e-17 -1.84314e-18 0
dEnergy = 20.6263
0 -11.9914 6.33054 0 -3.78066 2.06758 0 
1 0.0116263 -2.06455 0 -0.275488 -0.743138 0 
2 11.9798 -4.26599 0 4.05615 -1.32444 0 
dMomentum = 4.81386e-17 -4.98733e-18 0
dEnergy = 20.6263
0 -12.1808 6.43412 0 -3.78041 2.06742 0 
1 -0.00217214 -2.10178 0 -0.27535 -0.743066 0 
2 12.183 -4.33234 0 4.05576 -1.32435 0 
dMomentum = 4.11997e-17 -4.33681e-18 0
dEnergy = 20.6263
0 -12.3702 6.53769 0 -3.78016 2.06726 0 
1 -0.0159638 -2.139 0 -0.275217 -0.742996 0 
2 12.3862 -4.39869 0 4.05538 -1.32426 0 
dMomentum = 3.85976e-17 -4.87891e-18 0
dEnergy = 20.6263
0 -12.5596 6.64126 0 -3.77993 2.06711 0 
1 -0.029749 -2.17622 0 -0.275089 -0.742927 0 
2 12.5894 -4.46503 0 4.05501 -1.32418 0 
dMomentum = 3.33934e-17 -3.14419e-18 0
dEnergy = 20.6263
0 -12.749 6.74482 0 -3.77969 2.06696 0 
1 -0.0435278 -2.21344 0 -0.274966 -0.742859 0 
2 12.7925 -4.53137 0 4.05466 -1.3241 0 
dMomentum = 2.64545e-17 -2.71051e-18 0
dEnergy = 20.6263
0 -12.9383 6.84837 0 -3.77947 2.06682 0 
1 -0.0573007 -2.25066 0 -0.274848 -0.742793 0 
2 12.9956 -4.59771 0 4.05432 -1.32402 0 
dMomentum = 1.0842e-17 -7.26415e-18 0
dEnergy = 20.6263
0 -13.1277 6.95191 0 -3.77925 2.06668 0 
1 -0.0710677 -2.28787 0 -0.274735 -0.742727 0 
2 13.1988 -4.66404 0 4.05398 -1.32395 0 
dMomentum = 1.38778e-17 -4.66207e-18 0
dEnergy = 20.6263
0 -13.317 7.05545 0 -3.77904 2.06654 0 
1 -0.0848292 -2.32508 0 -0.274625 -0.742664 0 
2 13.4019 -4.73037 0 4.05366 -1.32388 0 
dMomentum = 9.97466e-18 -5.63785e-18 0
dEnergy = 20.6263
0 -13.5063 7.15898 0 -3.77883 2.06641 0 
1 -0.0985852 -2.36228 0 -0.27452 -0.742601 0 
2 13.6049 -4.79669 0 4.05335 -1.32381 0 
dMomentum = 1.86483e-17 -2.92735e-18 0
dEnergy = 20.6263
0 -13.6957 7.2625 0 -3.77863 2.06628 0 
1 -0.112336 -2.39949 0 -0.274418 -0.742539 0 
2 13.808 -4.86301 0 4.05305 -1.32374 0 
dMomentum = 2.29851e-17 -3.36103e-18 0
dEnergy = 20.6263
0 -13.885 7.36602 0 -3.77844 2.06616 0 
1 -0.126082 -2.43669 0 -0.27432 -0.742479 0 
2 14.011 -4.92933 0 4.05276 -1.32368 0 
dMomentum = 2.68882e-17 -5.42101e-19 0
dEnergy = 20.6263
0 -14.0743 7.46953 0 -3.77825 2.06603 0 
1 -0.139823 -2.47388 0 -0.274225 -0.74242 0 
2 14.2141 -4.99565 0 4.05247 -1.32361 0 
dMomentum = 3.38271e-17 1.51788e-18 0
dEnergy = 20.6263
0 -14.2635 7.57304 0 -3.77806 2.06591 0 
1 -0.153559 -2.51108 0 -0.274133 -0.742362 0 
2 14.4171 -5.06196 0 4.0522 -1.32355 0 
dMomentum = 3.59955e-17 1.30104e-18 0
dEnergy = 20.6263
0 -14.4528 7.67654 0 -3.77788 2.0658 0 
1 -0.167291 -2.54827 0 -0.274045 -0.742305 0 
2 14.6201 -5.12827 0 4.05193 -1.32349 0 
dMomentum = 4.33681e-17 3.90313e-18 0
dEnergy = 20.6263
0 -14.6421 7.78003 0 -3.77771 2.06569 0 
1 -0.181019 -2.58546 0 -0.273959 -0.74225 0 
2 14.8231 -5.19457 0 4.05167 -1.32344 0 
dMomentum = 4.42354e-17 7.80626e-18 0
dEnergy = 20.6263
0 -14.8313 7.88352 0 -3.77754 2.06558 0 
1 -0.194742 -2.62264 0 -0.273877 -0.742195 0 
2 15.0261 -5.26087 0 4.05141 -1.32338 0 
dMomentum = 4.03323e-17 1.51788e-18 0
dEnergy = 20.6263
0 -15.0206 7.987 0 -3.77737 2.06547 0 
1 -0.208461 -2.65982 0 -0.273796 -0.742141 0 
2 15.2291 -5.32717 0 4.05117 -1.32333 0 
dMomentum = 4.42354e-17 6.39679e-18 0
dEnergy = 20.6263
0 -15.2098 8.09048 0 -3.77721 2.06536 0 
1 -0.222176 -2.697 0 -0.273719 -0.742089 0 
2 15.432 -5.39347 0 4.05093 -1.32327 0 
dMomentum = 3.85976e-17 -1.51788e-18 0
dEnergy = 20.6263
0 -15.3991 8.19395 0 -3.77705 2.06526 0 
1 -0.235888 -2.73418 0 -0.273643 -0.742037 0 
2 15.635 -5.45977 0 4.05069 -1.32322 0 
dMomentum = 3.81639e-17 -2.27682e-18 0
dEnergy = 20.6263
0 -15.5883 8.29742 0 -3.7769 2.06516 0 
1 -0.249596 -2.77136 0 -0.273571 -0.741986 0 
2 15.8379 -5.52606 0 4.05047 -1.32317 0 
dMomentum = 4.2067e-17 -2.49366e-18 0
dEnergy = 20.6263
0 -15.7775 8.40088 0 -3.77674 2.06506 0 
1 -0.2633 -2.80853 0 -0.2735 -0.741937 0 
2 16.0408 -5.59235 0 4.05024 -1.32313 0 
dMomentum = 4.11997e-17 -6.39679e-18 0
dEnergy = 20.6263
0 -15.9667 8.50434 0 -3.7766 2.06497 0 
1 -0.277 -2.8457 0 -0.273431 -0.741888 0 
2 16.2437 -5.65864 0 4.05003 -1.32308 0 
dMomentum = 3.81639e-17 -6.39679e-18 0
dEnergy = 20.6263
0 -16.1559 8.60779 0 -3.77645 2.06487 0 
1 -0.290697 -2.88287 0 -0.273365 -0.74184 0 
2 16.4466 -5.72492 0 4.04982 -1.32303 0 
dMomentum = 3.68629e-17 -7.37257e-18 0
dEnergy = 20.6263
0 -16.3451 8.71124 0 -3.77631 2.06478 0 
1 -0.304391 -2.92003 0 -0.2733 -0.741793 0 
2 16.6495 -5.7912 0 4.04961 -1.32299 0 
dMomentum = 3.55618e-17 -8.13152e-18 0
dEnergy = 20.6263
0 -16.5343 8.81468 0 -3.77618 2.06469 0 
1 -0.318082 -2.95719 0 -0.273237 -0.741747 0 
2 16.8524 -5.85748 0 4.04941 -1.32295 0 
dMomentum = 4.11997e-17 -9.86624e-18 0
dEnergy = 20.6263
0 -16.7235 8.91812 0 -3.77604 2.0646 0 
1 -0.33177 -2.99435 0 -0.273176 -0.741701 0 
2 17.0553 -5.92376 0 4.04922 -1.3229 0 
dMomentum = 4.03323e-17 -1.35525e-17 0
dEnergy = 20.6263
0 -16.9127 9.02155 0 -3.77591 2.06452 0 
1 -0.345454 -3.03151 0 -0.273117 -0.741657 0 
2 17.2581 -5.99004 0 4.04903 -1.32286 0 
dMomentum = 3.42608e-17 -1.11673e-17 0
dEnergy = 20.6263
0 -17.1019 9.12498 0 -3.77578 2.06444 0 
1 -0.359136 -3.06867 0 -0.273059 -0.741613 0 
2 17.461 -6.05631 0 4.04884 -1.32282 0 
dMomentum = 2.47198e-17 -1.00831e-17 0
dEnergy = 20.6263
0 -17.291 9.22841 0 -3.77566 2.06435 0 
1 -0.372815 -3.10582 0 -0.273003 -0.74157 0 
2 17.6638 -6.12259 0 4.04866 -1.32278 0 
dMomentum = 2.73219e-17 -1.34441e-17 0
dEnergy = 20.6263
0 -17.4802 9.33183 0 -3.77554 2.06427 0 
1 -0.386491 -3.14297 0 -0.272948 -0.741528 0 
2 17.8667 -6.18886 0 4.04848 -1.32275 0 
dMomentum = 2.34188e-17 -1.17094e-17 0
dEnergy = 20.6263
0 -17.6693 9.43525 0 -3.77542 2.06419 0 
1 -0.400164 -3.18012 0 -0.272895 -0.741486 0 
2 18.0695 -6.25513 0 4.04831 -1.32271 0 
dMomentum = 1.30104e-17 -1.11673e-17 0
dEnergy = 20.6263
0 -17.8585 9.53866 0 -3.7753 2.06412 0 
1 -0.413835 -3.21727 0 -0.272843 -0.741446 0 
2 18.2723 -6.32139 0 4.04814 -1.32267 0 
dMomentum = 1.21431e-17 -1.18178e-17 0
dEnergy = 20.6263
0 -18.0476 9.64207 0 -3.77518 2.06404 0 
1 -0.427503 -3.25442 0 -0.272792 -0.741405 0 
2 18.4751 -6.38766 0 4.04798 -1.32264 0 
dMomentum = 1.34441e-17 -9.21572e-18 0
dEnergy = 20.6263
0 -18.2367 9.74548 0 -3.77507 2.06397 0 
1 -0.441169 -3.29156 0 -0.272743 -0.741366 0 
2 18.6779 -6.45392 0 4.04782 -1.3226 0 
dMomentum = 1.21431e-17 -1.64799e-17 0
dEnergy = 20.6263
0 -18.4259 9.84888 0 -3.77496 2.0639 0 
1 -0.454832 -3.3287 0 -0.272695 -0.741327 0 
2 18.8807 -6.52018 0 4.04766 -1.32257 0 
dMomentum = 1.25767e-17 -1.9082e-17 0
dEnergy = 20.6263
0 -18.615 9.95228 0 -3.77485 2.06382 0 
1 -0.468493 -3.36584 0 -0.272649 -0.741289 0 
2 19.0835 -6.58644 0 4.0475 -1.32253 0 
dMomentum = 1.34441e-17 -1.95156e-17 0
dEnergy = 20.6263
0 -18.8041 10.0557 0 -3.77475 2.06375 0 
1 -0.482152 -3.40298 0 -0.272603 -0.741252 0 
2 19.2863 -6.6527 0 4.04735 -1.3225 0 
dMomentum = 2.25514e-17 -1.76725e-17 0
dEnergy = 20.6263
0 -18.9932 10.1591 0 -3.77464 2.06369 0 
1 -0.495808 -3.44011 0 -0.272558 -0.741215 0 
2 19.489 -6.71896 0 4.0472 -1.32247 0 
dMomentum = 1.73472e-17 -1.75641e-17 0
dEnergy = 20.6263
0 -19.1823 10.2625 0 -3.77454 2.06362 0 
1 -0.509462 -3.47725 0 -0.272515 -0.741179 0 
2 19.6918 -6.78521 0 4.04706 -1.32244 0 
dMomentum = 1.82146e-17 -1.50704e-17 0
dEnergy = 20.6263
0 -19.3714 10.3658 0 -3.77444 2.06355 0 
1 -0.523114 -3.51438 0 -0.272473 -0.741143 0 
2 19.8945 -6.85147 0 4.04692 -1.32241 0 
dMomentum = 2.0383e-17 -1.79978e-17 0
dEnergy = 20.6263
0 -19.5605 10.4692 0 -3.77435 2.06349 0 
1 -0.536764 -3.55151 0 -0.272431 -0.741108 0 
2 20.0973 -6.91772 0 4.04678 -1.32238 0 
dMomentum = 2.55872e-17 -1.77809e-17 0
dEnergy = 20.6263
0 -19.7496 10.5726 0 -3.77425 2.06343 0 
1 -0.550411 -3.58864 0 -0.272391 -0.741074 0 
2 20.3 -6.98397 0 4.04664 -1.32235 0 
dMomentum = 3.20924e-17 -1.72388e-17 0
dEnergy = 20.6263
0 -19.9387 10.676 0 -3.77416 2.06336 0 
1 -0.564057 -3.62577 0 -0.272351 -0.74104 0 
2 20.5028 -7.05022 0 4.04651 -1.32232 0 
dMomentum = 3.16587e-17 -1.39862e-17 0
dEnergy = 20.6263
0 -20.1278 10.7794 0 -3.77406 2.0633 0 
1 -0.577701 -3.66289 0 -0.272313 -0.741006 0 
2 20.7055 -7.11646 0 4.04638 -1.3223 0 
dMomentum = 4.33681e-17 -1.34441e-17 0
dEnergy = 20.6263
0 -20.3169 10.8827 0 -3.77397 2.06324 0 
1 -0.591343 -3.70002 0 -0.272275 -0.740973 0 
2 20.9082 -7.18271 0 4.04625 -1.32227 0 
dMomentum = 5.29091e-17 -1.64799e-17 0
dEnergy = 20.6263
0 -20.5059 10.9861 0 -3.77388 2.06318 0 
1 -0.604983 -3.73714 0 -0.272238 -0.740941 0 
2 21.1109 -7.24896 0 4.04612 -1.32224 0 
dMomentum = 5.63785e-17 -1.86483e-17 0
dEnergy = 20.6263
0 -20.695 11.0895 0 -3.7738 2.06313 0 
1 -0.618621 -3.77426 0 -0.272202 -0.740909 0 
2 21.3136 -7.3152 0 4.046 -1.32222 0 
dMomentum = 5.37764e-17 -1.81062e-17 0
dEnergy = 20.6263
0 -20.8841 11.1928 0 -3.77371 2.06307 0 
1 -0.632258 -3.81138 0 -0.272167 -0.740878 0 
2 21.5163 -7.38144 0 4.04588 -1.32219 0 
dMomentum = 4.72712e-17 -1.77809e-17 0
dEnergy = 20.6263
0 -21.0731 11.2962 0 -3.77363 2.06301 0 
1 -0.645892 -3.84849 0 -0.272132 -0.740847 0 
2 21.719 -7.44768 0 4.04576 -1.32217 0 
dMomentum = 4.81386e-17 -1.7022e-17 0
dEnergy = 20.6263
0 -21.2622 11.3995 0 -3.77355 2.06296 0 
1 -0.659525 -3.88561 0 -0.272098 -0.740817 0 
2 21.9217 -7.51392 0 4.04564 -1.32214 0 
dMomentum = 4.33681e-17 -1.89735e-17 0
dEnergy = 20.6263
0 -21.4513 11.5029 0 -3.77346 2.0629 0 
1 -0.673157 -3.92272 0 -0.272065 -0.740787 0 
2 22.1244 -7.58016 0 4.04553 -1.32212 0 
dMomentum = 4.25007e-17 -1.73472e-17 0
dEnergy = 20.6263
0 -21.6403 11.6062 0 -3.77338 2.06285 0 
1 -0.686786 -3.95984 0 -0.272033 -0.740757 0 
2 22.3271 -7.6464 0 4.04542 -1.32209 0 
dMomentum = 4.25007e-17 -1.97325e-17 0
dEnergy = 20.6263
0 -21.8293 11.7096 0 -3.77331 2.0628 0 
1 -0.700414 -3.99695 0 -0.272001 -0.740728 0 
2 22.5298 -7.71264 0 4.04531 -1.32207 0 
dMomentum = 4.25007e-17 -2.29851e-17 0
dEnergy = 20.6263
0 -22.0184 11.8129 0 -3.77323 2.06275 0 
1 -0.714041 -4.03406 0 -0.27197 -0.740699 0 
2 22.7324 -7.77887 0 4.0452 -1.32205 0 
dMomentum = 3.64292e-17 -2.2443e-17 0
dEnergy = 20.6263
0 -22.2074 11.9163 0 -3.77315 2.0627 0 
1 -0.727666 -4.07117 0 -0.27194 -0.740671 0 
2 22.9351 -7.8451 0 4.04509 -1.32203 0 
dMomentum = 4.33681e-17 -1.79978e-17 0
dEnergy = 20.6263
0 -22.3965 12.0196 0 -3.77308 2.06265 0 
1 -0.741289 -4.10827 0 -0.27191 -0.740643 0 
2 23.1377 -7.91134 0 4.04499 -1.322 0 
dMomentum = 4.25007e-17 -1.85399e-17 0
dEnergy = 20.6263
0 -22.5855 12.1229 0 -3.77301 2.0626 0 
1 -0.754911 -4.14538 0 -0.271881 -0.740616 0 
2 23.3404 -7.97757 0 4.04489 -1.32198 0 
dMomentum = 4.55365e-17 -2.21177e-17 0
dEnergy = 20.6263
0 -22.7745 12.2263 0 -3.77293 2.06255 0 
1 -0.768532 -4.18248 0 -0.271852 -0.740589 0 
2 23.543 -8.0438 0 4.04479 -1.32196 0 
dMomentum = 4.55365e-17 -2.21177e-17 0
dEnergy = 20.6263
0 -22.9635 12.3296 0 -3.77286 2.0625 0 
1 -0.782151 -4.21958 0 -0.271824 -0.740563 0 
2 23.7457 -8.11003 0 4.04469 -1.32194 0 
dMomentum = 5.0307e-17 -2.26598e-17 0
dEnergy = 20.6263
0 -23.1526 12.4329 0 -3.77279 2.06246 0 
1 -0.795768 -4.25669 0 -0.271796 -0.740536 0 
2 23.9483 -8.17626 0 4.04459 -1.32192 0 
dMomentum = 5.9848e-17 -2.5804e-17 0
dEnergy = 20.6263
0 -23.3412 12.5361 0 -3.77273 2.06241 0 
1 -0.809358 -4.29371 0 -0.27177 -0.740511 0 
2 24.1505 -8.24235 0 4.0445 -1.3219 0 
dMomentum = 5.59448e-17 -2.38524e-17 0
dEnergy = 20.6263
0 -23.5298 12.6392 0 -3.77266 2.06237 0 
1 -0.822945 -4.33074 0 -0.271743 -0.740485 0 
2 24.3528 -8.30845 0 4.0444 -1.32188 0 
dMomentum = 5.94143e-17 -2.29851e-17 0
dEnergy = 20.6263
0 -23.7185 12.7423 0 -3.77259 2.06232 0 
1 -0.836532 -4.36776 0 -0.271717 -0.74046 0 
2 24.555 -8.37454 0 4.04431 -1.32186 0 
dMomentum = 6.50521e-17 -2.26598e-17 0
dEnergy = 20.6263
0 -23.9071 12.8454 0 -3.77253 2.06228 0 
1 -0.850117 -4.40478 0 -0.271692 -0.740435 0 
2 24.7572 -8.44064 0 4.04422 -1.32184 0 
dMomentum = 6.07153e-17 -2.23346e-17 0
dEnergy = 20.6263
0 -24.0957 12.9485 0 -3.77246 2.06224 0 
1 -0.863701 -4.4418 0 -0.271667 -0.740411 0 
2 24.9594 -8.50673 0 4.04413 -1.32182 0 
dMomentum = 4.94396e-17 -2.43945e-17 0
dEnergy = 20.6263
0 -24.2843 13.0516 0 -3.7724 2.06219 0 
1 -0.877284 -4.47882 0 -0.271642 -0.740387 0 
2 25.1616 -8.57282 0 4.04404 -1.32181 0 
dMomentum = 4.81386e-17 -2.56956e-17 0
dEnergy = 20.6263
0 -24.4729 13.1548 0 -3.77234 2.06215 0 
1 -0.890865 -4.51584 0 -0.271618 -0.740363 0 
2 25.3638 -8.63891 0 4.04396 -1.32179 0 
dMomentum = 4.33681e-17 -2.87314e-17 0
dEnergy = 20.6263
0 -24.6616 13.2579 0 -3.77228 2.06211 0 
1 -0.904446 -4.55286 0 -0.271594 -0.74034 0 
2 25.566 -8.705 0 4.04387 -1.32177 0 
dMomentum = 3.98986e-17 -2.50451e-17 0
dEnergy = 20.6263
0 -24.8502 13.361 0 -3.77222 2.06207 0 
1 -0.918025 -4.58988 0 -0.271571 -0.740317 0 
2 25.7682 -8.77108 0 4.04379 -1.32175 0 
dMomentum = 4.59702e-17 -2.1684e-17 0
dEnergy = 20.6263
0 -25.0388 13.4641 0 -3.77216 2.06203 0 
1 -0.931603 -4.62689 0 -0.271548 -0.740294 0 
2 25.9704 -8.83717 0 4.04371 -1.32174 0 
dMomentum = 4.33681e-17 -2.56956e-17 0
dEnergy = 20.6263
0 -25.2274 13.5672 0 -3.7721 2.06199 0 
1 -0.94518 -4.66391 0 -0.271526 -0.740272 0 
2 26.1726 -8.90326 0 4.04363 -1.32172 0 
dMomentum = 4.0766e-17 -2.43945e-17 0
dEnergy = 20.6263
0 -25.416 13.6703 0 -3.77204 2.06195 0 
1 -0.958755 -4.70092 0 -0.271504 -0.740249 0 
2 26.3748 -8.96934 0 4.04355 -1.3217 0 
dMomentum = 4.16334e-17 -2.25514e-17 0
dEnergy = 20.6263
0 -25.6046 13.7734 0 -3.77199 2.06191 0 
1 -0.97233 -4.73793 0 -0.271482 -0.740228 0 
2 26.5769 -9.03543 0 4.04347 -1.32169 0 
dMomentum = 3.81639e-17 -2.11419e-17 0
dEnergy = 20.6263
0 -25.7932 13.8765 0 -3.77193 2.06188 0 
1 -0.985904 -4.77494 0 -0.271461 -0.740206 0 
2 26.7791 -9.10151 0 4.04339 -1.32167 0 
dMomentum = 3.55618e-17 -2.55872e-17 0
dEnergy = 20.6263
0 -25.9818 13.9795 0 -3.77188 2.06184 0 
1 -0.999476 -4.81195 0 -0.27144 -0.740185 0 
2 26.9813 -9.1676 0 4.04332 -1.32166 0 
dMomentum = 4.59702e-17 -2.54788e-17 0
dEnergy = 20.6263
0 -26.1704 14.0826 0 -3.77182 2.0618 0 
1 -1.01305 -4.84896 0 -0.27142 -0.740164 0 
2 27.1834 -9.23368 0 4.04324 -1.32164 0 
dMomentum = 4.94396e-17 -2.35272e-17 0
dEnergy = 20.6263
0 -26.359 14.1857 0 -3.77177 2.06177 0 
1 -1.02662 -4.88597 0 -0.271399 -0.740143 0 
2 27.3856 -9.29976 0 4.04317 -1.32162 0 
dMomentum = 4.72712e-17 -1.96241e-17 0
dEnergy = 20.6263
0 -26.5476 14.2888 0 -3.77172 2.06173 0 
1 -1.04019 -4.92297 0 -0.27138 -0.740122 0 
2 27.5877 -9.36584 0 4.04309 -1.32161 0 
dMomentum = 4.64039e-17 -2.20093e-17 0
dEnergy = 20.6263
0 -26.7361 14.3919 0 -3.77166 2.0617 0 
1 -1.05376 -4.95998 0 -0.27136 -0.740102 0 
2 27.7899 -9.43192 0 4.04302 -1.3216 0 
dMomentum = 5.1608e-17 -2.5804e-17 0
dEnergy = 20.6263
0 -26.9247 14.495 0 -3.77161 2.06166 0 
1 -1.06732 -4.99699 0 -0.271341 -0.740082 0 
2 27.992 -9.498 0 4.04295 -1.32158 0 
dMomentum = 5.9848e-17 -2.81893e-17 0
dEnergy = 20.6263
0 -27.1133 14.5981 0 -3.77156 2.06163 0 
1 -1.08089 -5.03399 0 -0.271322 -0.740062 0 
2 28.1942 -9.56408 0 4.04288 -1.32157 0 
dMomentum = 6.37511e-17 -3.03577e-17 0
dEnergy = 20.6263
0 -27.3019 14.7011 0 -3.77151 2.0616 0 
1 -1.09446 -5.07099 0 -0.271303 -0.740043 0 
2 28.3963 -9.63016 0 4.04282 -1.32155 0 
dMomentum = 5.81132e-17 -3.02492e-17 0
dEnergy = 20.6263
0 -27.4905 14.8042 0 -3.77146 2.06156 0 
1 -1.10802 -5.10799 0 -0.271285 -0.740024 0 
2 28.5985 -9.69623 0 4.04275 -1.32154 0 
dMomentum = 5.9848e-17 -3.13334e-17 0
dEnergy = 20.6263
0 -27.679 14.9073 0 -3.77141 2.06153 0 
1 -1.12158 -5.14499 0 -0.271267 -0.740005 0 
2 28.8006 -9.76231 0 4.04268 -1.32152 0 
dMomentum = 5.85469e-17 -2.72135e-17 0
dEnergy = 20.6263
0 -27.8676 15.0104 0 -3.77137 2.0615 0 
1 -1.13515 -5.18199 0 -0.271249 -0.739986 0 
2 29.0027 -9.82839 0 4.04262 -1.32151 0 
dMomentum = 6.41848e-17 -3.02492e-17 0
dEnergy = 20.6263
0 -28.0562 15.1135 0 -3.77132 2.06147 0 
1 -1.14871 -5.21899 0 -0.271232 -0.739967 0 
2 29.2049 -9.89446 0 4.04255 -1.3215 0 
dMomentum = 6.67869e-17 -3.20924e-17 0
dEnergy = 20.6263
0 -28.2447 15.2165 0 -3.77127 2.06143 0 
1 -1.16227 -5.25599 0 -0.271215 -0.739949 0 
2 29.407 -9.96054 0 4.04249 -1.32148 0 
dMomentum = 7.58942e-17 -3.14419e-17 0
dEnergy = 20.6263
0 -28.4333 15.3196 0 -3.77123 2.0614 0 
1 -1.17583 -5.29299 0 -0.271198 -0.739931 0 
2 29.6091 -10.0266 0 4.04242 -1.32147 0 
dMomentum = 7.41594e-17 -3.29597e-17 0
dEnergy = 20.6263
0 -28.6219 15.4227 0 -3.77118 2.06137 0 
1 -1.18939 -5.32998 0 -0.271181 -0.739913 0 
2 29.8112 -10.0927 0 4.04236 -1.32146 0 
dMomentum = 7.58942e-17 -3.04661e-17 0
dEnergy = 20.6263
0 -28.8104 15.5257 0 -3.77114 2.06134 0 
1 -1.20295 -5.36698 0 -0.271165 -0.739895 0 
2 30.0134 -10.1588 0 4.0423 -1.32145 0 
dMomentum = 7.02563e-17 -3.06829e-17 0
dEnergy = 20.6263
0 -28.999 15.6288 0 -3.77109 2.06131 0 
1 -1.21651 -5.40397 0 -0.271148 -0.739878 0 
2 30.2155 -10.2248 0 4.04224 -1.32143 0 
dMomentum = 6.89553e-17 -3.28513e-17 0
dEnergy = 20.6263
0 -29.1875 15.7319 0 -3.77105 2.06128 0 
1 -1.23006 -5.44097 0 -0.271133 -0.739861 0 
2 30.4176 -10.2909 0 4.04218 -1.32142 0 
dMomentum = 7.15573e-17 -3.04661e-17 0
dEnergy = 20.6263
0 -29.3761 15.8349 0 -3.77101 2.06125 0 
1 -1.24362 -5.47796 0 -0.271117 -0.739844 0 
2 30.6197 -10.357 0 4.04212 -1.32141 0 
dMomentum = 5.63785e-17 -2.76472e-17 0
dEnergy = 20.6263
0 -29.5646 15.938 0 -3.77096 2.06122 0 
1 -1.25718 -5.51495 0 -0.271101 -0.739827 0 
2 30.8218 -10.423 0 4.04207 -1.3214 0 
dMomentum = 5.1608e-17 -2.62377e-17 0
dEnergy = 20.6263
0 -29.7532 16.0411 0 -3.77092 2.0612 0 
1 -1.27073 -5.55194 0 -0.271086 -0.73981 0 
2 31.0239 -10.4891 0 4.04201 -1.32139 0 
dMomentum = 5.0307e-17 -2.85145e-17 0
dEnergy = 20.6263
0 -29.9417 16.1441 0 -3.77088 2.06117 0 
1 -1.28428 -5.58893 0 -0.271071 -0.739794 0 
2 31.226 -10.5552 0 4.04195 -1.32137 0 
dMomentum = 4.77049e-17 -2.9165e-17 0
dEnergy = 20.6263
0 -30.1303 16.2472 0 -3.77084 2.06114 0 
1 -1.29784 -5.62592 0 -0.271056 -0.739777 0 
2 31.4281 -10.6212 0 4.0419 -1.32136 0 
dMomentum = 4.46691e-17 -2.76472e-17 0
dEnergy = 20.6263
0 -30.3188 16.3502 0 -3.7708 2.06111 0 
1 -1.31139 -5.66291 0 -0.271042 -0.739761 0 
2 31.6302 -10.6873 0 4.04184 -1.32135 0 
dMomentum = 4.11997e-17 -3.10082e-17 0
dEnergy = 20.6263
0 -30.5073 16.4533 0 -3.77076 2.06109 0 
1 -1.32494 -5.6999 0 -0.271027 -0.739745 0 
2 31.8323 -10.7534 0 4.04179 -1.32134 0 
dMomentum = 3.98986e-17 -3.05745e-17 0
dEnergy = 20.6263
0 -30.6959 16.5563 0 -3.77072 2.06106 0 
1 -1.33849 -5.73688 0 -0.271013 -0.73973 0 
2 32.0344 -10.8194 0 4.04173 -1.32133 0 
dMomentum = 4.11997e-17 -3.38271e-17 0
dEnergy = 20.6263
0 -30.8844 16.6594 0 -3.77068 2.06103 0 
1 -1.35204 -5.77387 0 -0.270999 -0.739714 0 
2 32.2364 -10.8855 0 4.04168 -1.32132 0 
dMomentum = 4.59702e-17 -2.74303e-17 0
dEnergy = 20.6263
0 -31.0729 16.7624 0 -3.77064 2.06101 0 
1 -1.36559 -5.81086 0 -0.270986 -0.739699 0 
2 32.4385 -10.9516 0 4.04163 -1.32131 0 
dMomentum = 4.59702e-17 -2.76472e-17 0
dEnergy = 20.6263
0 -31.2615 16.8655 0 -3.77061 2.06098 0 
1 -1.37914 -5.84784 0 -0.270972 -0.739683 0 
2 32.6406 -11.0176 0 4.04158 -1.3213 0 
dMomentum = 4.38018e-17 -2.69966e-17 0
dEnergy = 20.6263
0 -31.45 16.9685 0 -3.77057 2.06096 0 
1 -1.39269 -5.88482 0 -0.270959 -0.739668 0 
2 32.8427 -11.0837 0 4.04153 -1.32129 0 
dMomentum = 4.81386e-17 -2.79724e-17 0
dEnergy = 20.6263
0 -31.6385 17.0716 0 -3.77053 2.06093 0 
1 -1.40624 -5.92181 0 -0.270945 -0.739654 0 
2 33.0448 -11.1498 0 4.04148 -1.32128 0 
dMomentum = 4.46691e-17 -3.04661e-17 0
dEnergy = 20.6263
0 -31.8271 17.1746 0 -3.77049 2.06091 0 
1 -1.41978 -5.95879 0 -0.270932 -0.739639 0 
2 33.2468 -11.2158 0 4.04143 -1.32127 0 
dMomentum = 3.81639e-17 -2.63461e-17 0
dEnergy = 20.6263
0 -32.0156 17.2777 0 -3.77046 2.06088 0 
1 -1.43333 -5.99577 0 -0.270919 -0.739624 0 
2 33.4489 -11.2819 0 4.04138 -1.32126 0 
dMomentum = 3.98986e-17 -2.05998e-17 0
dEnergy = 20.6263
0 -32.2041 17.3807 0 -3.77042 2.06086 0 
1 -1.44688 -6.03275 0 -0.270907 -0.73961 0 
2 33.651 -11.348 0 4.04133 -1.32125 0 
dMomentum = 4.2067e-17 -1.68051e-17 0
dEnergy = 20.6263
0 -32.3926 17.4838 0 -3.77039 2.06083 0 
1 -1.46042 -6.06973 0 -0.270894 -0.739596 0 
2 33.853 -11.414 0 4.04128 -1.32124 0 
dMomentum = 4.68375e-17 -1.76725e-17 0
dEnergy = 20.6263
0 -32.5811 17.5868 0 -3.77035 2.06081 0 
1 -1.47397 -6.10671 0 -0.270882 -0.739582 0 
2 34.0551 -11.4801 0 4.04123 -1.32123 0 
dMomentum = 5.07407e-17 -1.66967e-17 0
dEnergy = 20.6263
0 -32.7697 17.6898 0 -3.77032 2.06079 0 
1 -1.48751 -6.14369 0 -0.27087 -0.739568 0 
2 34.2572 -11.5461 0 4.04119 -1.32122 0 
dMomentum = 5.33427e-17 -1.52873e-17 0
dEnergy = 20.6263
0 -32.9582 17.7929 0 -3.77028 2.06076 0 
1 -1.50105 -6.18067 0 -0.270858 -0.739554 0 
2 34.4592 -11.6122 0 4.04114 -1.32121 0 
dMomentum = 5.50775e-17 -1.6263e-17 0
dEnergy = 20.6263
0 -33.1467 17.8959 0 -3.77025 2.06074 0 
1 -1.51459 -6.21765 0 -0.270846 -0.73954 0 
2 34.6613 -11.6783 0 4.0411 -1.3212 0 
dMomentum = 6.02816e-17 -1.77809e-17 0
dEnergy = 20.6263
0 -33.3352 17.999 0 -3.77022 2.06072 0 
1 -1.52814 -6.25462 0 -0.270834 -0.739527 0 
2 34.8633 -11.7443 0 4.04105 -1.32119 0 
dMomentum = 5.11743e-17 -1.38778e-17 0
dEnergy = 20.6263
0 -33.5237 18.102 0 -3.77018 2.06069 0 
1 -1.54168 -6.2916 0 -0.270822 -0.739513 0 
2 35.0654 -11.8104 0 4.04101 -1.32118 0 
dMomentum = 5.11743e-17 -1.11673e-17 0
dEnergy = 20.6263
0 -33.7122 18.205 0 -3.77015 2.06067 0 
1 -1.55522 -6.32857 0 -0.270811 -0.7395 0 
2 35.2674 -11.8764 0 4.04096 -1.32117 0 
dMomentum = 4.33681e-17 -9.43256e-18 0
dEnergy = 20.6263
0 -33.9007 18.3081 0 -3.77012 2.06065 0 
1 -1.56876 -6.36555 0 -0.2708 -0.739487 0 
2 35.4695 -11.9425 0 4.04092 -1.32116 0 
dMomentum = 4.46691e-17 -1.13841e-17 0
dEnergy = 20.6263
0 -34.0892 18.4111 0 -3.77009 2.06063 0 
1 -1.5823 -6.40252 0 -0.270789 -0.739474 0 
2 35.6715 -12.0086 0 4.04088 -1.32116 0 
dMomentum = 4.29344e-17 -9.21572e-18 0
dEnergy = 20.6263
0 -34.2777 18.5141 0 -3.77006 2.06061 0 
1 -1.59584 -6.4395 0 -0.270778 -0.739461 0 
2 35.8736 -12.0746 0 4.04083 -1.32115 0 
dMomentum = 4.85723e-17 -6.83047e-18 0
dEnergy = 20.6263
0 -34.4662 18.6171 0 -3.77002 2.06059 0 
1 -1.60938 -6.47647 0 -0.270767 -0.739448 0 
2 36.0756 -12.1407 0 4.04079 -1.32114 0 
dMomentum = 6.15827e-17 -3.57787e-18 0
dEnergy = 20.6263
0 -34.6547 18.7202 0 -3.76999 2.06057 0 
1 -1.62292 -6.51344 0 -0.270756 -0.739436 0 
2 36.2776 -12.2067 0 4.04075 -1.32113 0 
dMomentum = 6.59195e-17 -3.14419e-18 0
dEnergy = 20.6263
0 -34.8432 18.8232 0 -3.76996 2.06054 0 
1 -1.63645 -6.55041 0 -0.270745 -0.739423 0 
2 36.4797 -12.2728 0 4.04071 -1.32112 0 
dMomentum = 6.41848e-17 -5.74627e-18 0
dEnergy = 20.6263
0 -35.0317 18.9262 0 -3.76993 2.06052 0 
1 -1.64999 -6.58738 0 -0.270735 -0.739411 0 
2 36.6817 -12.3388 0 4.04067 -1.32111 0 
dMomentum = 6.89553e-17 -3.25261e-19 0
dEnergy = 20.6263
0 -35.2202 19.0293 0 -3.7699 2.0605 0 
1 -1.66353 -6.62435 0 -0.270725 -0.739399 0 
2 36.8837 -12.4049 0 4.04063 -1.3211 0 
dMomentum = 7.28584e-17 -3.14419e-18 0
dEnergy = 20.6263
0 -35.4087 19.1323 0 -3.76987 2.06048 0 
1 -1.67706 -6.66132 0 -0.270714 -0.739387 0 
2 37.0858 -12.471 0 4.04059 -1.3211 0 
dMomentum = 7.80626e-17 -1.0842e-19 0
dEnergy = 20.6263
0 -35.5972 19.2353 0 -3.76984 2.06046 0 
1 -1.6906 -6.69829 0 -0.270704 -0.739375 0 
2 37.2878 -12.537 0 4.04055 -1.32109 0 
dMomentum = 6.93889e-17 -2.49366e-18 0
dEnergy = 20.6263
0 -35.7857 19.3383 0 -3.76982 2.06044 0 
1 -1.70413 -6.73526 0 -0.270694 -0.739363 0 
2 37.4898 -12.6031 0 4.04051 -1.32108 0 
dMomentum = 6.67869e-17 2.60209e-18 0
dEnergy = 20.6263
0 -35.9742 19.4413 0 -3.76979 2.06042 0 
1 -1.71767 -6.77223 0 -0.270684 -0.739351 0 
2 37.6919 -12.6691 0 4.04047 -1.32107 0 
dMomentum = 7.28584e-17 2.71051e-18 0
dEnergy = 20.6263
0 -36.1627 19.5444 0 -3.76976 2.0604 0 
1 -1.7312 -6.8092 0 -0.270675 -0.73934 0 
2 37.8939 -12.7352 0 4.04043 -1.32107 0 
dMomentum = 7.97973e-17 -4.33681e-19 0
dEnergy = 20.6263
0 -36.3512 19.6474 0 -3.76973 2.06039 0 
1 -1.74473 -6.84616 0 -0.270665 -0.739328 0 
2 38.0959 -12.8012 0 4.0404 -1.32106 0 
dMomentum = 6.85216e-17 -3.36103e-18 0
dEnergy = 20.6263
0 -36.5397 19.7504 0 -3.7697 2.06037 0 
1 -1.75827 -6.88313 0 -0.270656 -0.739317 0 
2 38.2979 -12.8673 0 4.04036 -1.32105 0 
dMomentum = 7.89299e-17 -7.04731e-18 0
dEnergy = 20.6263
0 -36.7281 19.8534 0 -3.76968 2.06035 0 
1 -1.7718 -6.92009 0 -0.270646 -0.739305 0 
2 38.4999 -12.9333 0 4.04032 -1.32104 0 
dMomentum = 7.1991e-17 -7.04731e-18 0
dEnergy = 20.6263
0 -36.9166 19.9564 0 -3.76965 2.06033 0 
1 -1.78533 -6.95706 0 -0.270637 -0.739294 0 
2 38.702 -12.9994 0 4.04029 -1.32104 0 
dMomentum = 6.54858e-17 -6.83047e-18 0
dEnergy = 20.6263
0 -37.1051 20.0595 0 -3.76962 2.06031 0 
1 -1.79886 -6.99402 0 -0.270628 -0.739283 0 
2 38.904 -13.0654 0 4.04025 -1.32103 0 
dMomentum = 6.67869e-17 -4.11997e-18 0
dEnergy = 20.6263
0 -37.2936 20.1625 0 -3.76959 2.06029 0 
1 -1.81239 -7.03099 0 -0.270619 -0.739272 0 
2 39.106 -13.1315 0 4.04021 -1.32102 0 
dMomentum = 6.72205e-17 -1.0842e-19 0
dEnergy = 20.6263
0 -37.4821 20.2655 0 -3.76957 2.06027 0 
1 -1.82593 -7.06795 0 -0.27061 -0.739261 0 
2 39.308 -13.1975 0 4.04018 -1.32101 0 
dMomentum = 7.41594e-17 -1.95156e-18 0
dEnergy = 20.6263
0 -37.6705 20.3685 0 -3.76954 2.06026 0 
1 -1.83946 -7.10491 0 -0.270601 -0.739251 0 
2 39.51 -13.2636 0 4.04014 -1.32101 0 
dMomentum = 7.93636e-17 -3.46945e-18 0
dEnergy = 20.6263
0 -37.859 20.4715 0 -3.76952 2.06024 0 
1 -1.85299 -7.14188 0 -0.270592 -0.73924 0 
2 39.712 -13.3296 0 4.04011 -1.321 0 
dMomentum = 9.19403e-17 -6.39679e-18 0
dEnergy = 20.6263
0 -38.0475 20.5745 0 -3.76949 2.06022 0 
1 -1.86651 -7.17884 0 -0.270583 -0.739229 0 
2 39.914 -13.3957 0 4.04007 -1.32099 0 
dMomentum = 8.32667e-17 -8.99888e-18 0
dEnergy = 20.6263
0 -38.236 20.6775 0 -3.76947 2.0602 0 
1 -1.88004 -7.2158 0 -0.270575 -0.739219 0 
2 40.116 -13.4617 0 4.04004 -1.32099 0 
dMomentum = 8.45678e-17 -1.30104e-17 0
dEnergy = 20.6263
0 -38.4244 20.7805 0 -3.76944 2.06019 0 
1 -1.89357 -7.25276 0 -0.270566 -0.739209 0 
2 40.318 -13.5278 0 4.04001 -1.32098 0 
dMomentum = 8.50015e-17 -2.92735e-18 0
dEnergy = 20.6263
0 -38.6129 20.8836 0 -3.76942 2.06017 0 
1 -1.9071 -7.28972 0 -0.270558 -0.739198 0 
2 40.52 -13.5938 0 4.03997 -1.32097 0 
dMomentum = 8.67362e-17 -3.57787e-18 0
dEnergy = 20.6263
0 -38.8014 20.9866 0 -3.76939 2.06015 0 
1 -1.92063 -7.32668 0 -0.270549 -0.739188 0 
2 40.722 -13.6599 0 4.03994 -1.32097 0 
dMomentum = 9.1073e-17 -6.17995e-18 0
dEnergy = 20.6263
0 -38.9898 21.0896 0 -3.76937 2.06014 0 
1 -1.93416 -7.36364 0 -0.270541 -0.739178 0 
2 40.924 -13.7259 0 4.03991 -1.32096 0 
dMomentum = 9.06393e-17 -1.01915e-17 0
dEnergy = 20.6263
0 -39.1783 21.1926 0 -3.76934 2.06012 0 
1 -1.94768 -7.4006 0 -0.270533 -0.739168 0 
2 41.126 -13.792 0 4.03988 -1.32095 0 
dMomentum = 9.19403e-17 -8.45678e-18 0
dEnergy = 20.6263
0 -39.3668 21.2956 0 -3.76932 2.0601 0 
1 -1.96121 -7.43755 0 -0.270525 -0.739158 0 
2 41.328 -13.858 0 4.03984 -1.32095 0 
dMomentum = 9.97466e-17 -7.58942e-18 0
dEnergy = 20.6263
0 -39.5552 21.3986 0 -3.7693 2.06009 0 
1 -1.97473 -7.47451 0 -0.270517 -0.739148 0 
2 41.53 -13.9241 0 4.03981 -1.32094 0 
dMomentum = 9.32414e-17 -1.23599e-17 0
dEnergy = 20.6263
0 -39.7437 21.5016 0 -3.76927 2.06007 0 
1 -1.98826 -7.51147 0 -0.270509 -0.739139 0 
2 41.732 -13.9901 0 4.03978 -1.32093 0 
dMomentum = 1.01048e-16 -1.55041e-17 0
dEnergy = 20.6263
0 -39.9322 21.6046 0 -3.76925 2.06006 0 
1 -2.00179 -7.54843 0 -0.270501 -0.739129 0 
2 41.934 -14.0562 0 4.03975 -1.32093 0 
dMomentum = 1.07119e-16 -1.64799e-17 0
dEnergy = 20.6263
0 -40.1206 21.7076 0 -3.76923 2.06004 0 
1 -2.01531 -7.58538 0 -0.270494 -0.739119 0 
2 42.1359 -14.1222 0 4.03972 -1.32092 0 
dMomentum = 1.01915e-16 -1.32273e-17 0
dEnergy = 20.6263
0 -40.3091 21.8106 0 -3.7692 2.06002 0 
1 -2.02884 -7.62234 0 -0.270486 -0.73911 0 
2 42.3379 -14.1883 0 4.03969 -1.32091 0 
dMomentum = 1.02782e-16 -1.06252e-17 0
dEnergy = 20.6263
0 -40.4976 21.9136 0 -3.76918 2.06001 0 
1 -2.04236 -7.65929 0 -0.270478 -0.739101 0 
2 42.5399 -14.2543 0 4.03966 -1.32091 0 
dMomentum = 1.03216e-16 -1.57209e-17 0
dEnergy = 20.6263
0 -40.686 22.0166 0 -3.76916 2.05999 0 
1 -2.05588 -7.69625 0 -0.270471 -0.739091 0 
2 42.7419 -14.3204 0 4.03963 -1.3209 0 
dMomentum = 1.02349e-16 -1.6263e-17 0
dEnergy = 20.6263
0 -40.8745 22.1196 0 -3.76914 2.05998 0 
1 -2.06941 -7.7332 0 -0.270464 -0.739082 0 
2 42.9439 -14.3864 0 4.0396 -1.3209 0 
dMomentum = 1.04517e-16 -1.97325e-17 0
dEnergy = 20.6263
0 -41.0629 22.2226 0 -3.76911 2.05996 0 
1 -2.08293 -7.77016 0 -0.270456 -0.739073 0 
2 43.1459 -14.4524 0 4.03957 -1.32089 0 
dMomentum = 1.04951e-16 -1.69136e-17 0
dEnergy = 20.6263
0 -41.2514 22.3256 0 -3.76909 2.05995 0 
1 -2.09645 -7.80711 0 -0.270449 -0.739064 0 
2 43.3478 -14.5185 0 4.03954 -1.32089 0 
dMomentum = 9.80119e-17 -1.7022e-17 0
dEnergy = 20.6263
0 -41.4398 22.4286 0 -3.76907 2.05993 0 
1 -2.10997 -7.84406 0 -0.270442 -0.739055 0 
2 43.5498 -14.5845 0 4.03951 -1.32088 0 
dMomentum = 9.19403e-17 -1.74557e-17 0
dEnergy = 20.6263
0 -41.6283 22.5316 0 -3.76905 2.05992 0 
1 -2.1235 -7.88102 0 -0.270435 -0.739046 0 
2 43.7518 -14.6506 0 4.03948 -1.32087 0 
dMomentum = 9.41087e-17 -2.04914e-17 0
dEnergy = 20.6263
0 -41.8167 22.6346 0 -3.76903 2.0599 0 
1 -2.13702 -7.91797 0 -0.270428 -0.739037 0 
2 43.9538 -14.7166 0 4.03946 -1.32087 0 
dMomentum = 9.71445e-17 -1.7022e-17 0
dEnergy = 20.6263
0 -42.0052 22.7376 0 -3.76901 2.05989 0 
1 -2.15054 -7.95492 0 -0.270421 -0.739028 0 
2 44.1557 -14.7827 0 4.03943 -1.32086 0 
dMomentum = 9.15067e-17 -1.89735e-17 0
dEnergy = 20.6263
0 -42.1936 22.8406 0 -3.76899 2.05988 0 
1 -2.16406 -7.99187 0 -0.270414 -0.73902 0 
2 44.3577 -14.8487 0 4.0394 -1.32086 0 
dMomentum = 8.89046e-17 -1.01915e-17 0
dEnergy = 20.6263
0 -42.3821 22.9436 0 -3.76897 2.05986 0 
1 -2.17758 -8.02882 0 -0.270407 -0.739011 0 
2 44.5597 -14.9147 0 4.03937 -1.32085 0 
dMomentum = 9.45424e-17 -1.92988e-17 0
dEnergy = 20.6263
0 -42.5705 23.0466 0 -3.76895 2.05985 0 
1 -2.1911 -8.06577 0 -0.2704 -0.739002 0 
2 44.7616 -14.9808 0 4.03935 -1.32085 0 
dMomentum = 9.71445e-17 -1.40946e-17 0
dEnergy = 20.6263
0 -42.759 23.1496 0 -3.76893 2.05983 0 
1 -2.20462 -8.10272 0 -0.270394 -0.738994 0 
2 44.9636 -15.0468 0 4.03932 -1.32084 0 
dMomentum = 9.49761e-17 -1.45283e-17 0
dEnergy = 20.6263
0 -42.9474 23.2525 0 -3.76891 2.05982 0 
1 -2.21814 -8.13967 0 -0.270387 -0.738986 0 
2 45.1656 -15.1129 0 4.03929 -1.32084 0 
dMomentum = 9.49761e-17 -1.48536e-17 0
dEnergy = 20.6263
0 -43.1359 23.3555 0 -3.76889 2.05981 0 
1 -2.23166 -8.17662 0 -0.27038 -0.738977 0 
2 45.3675 -15.1789 0 4.03927 -1.32083 0 
dMomentum = 8.2833e-17 -1.68051e-17 0
dEnergy = 20.6263
0 -43.3243 23.4585 0 -3.76887 2.05979 0 
1 -2.24518 -8.21357 0 -0.270374 -0.738969 0 
2 45.5695 -15.245 0 4.03924 -1.32082 0 
dMomentum = 8.06646e-17 -1.52873e-17 0
dEnergy = 20.6263
0 -43.5128 23.5615 0 -3.76885 2.05978 0 
1 -2.2587 -8.25052 0 -0.270368 -0.738961 0 
2 45.7715 -15.311 0 4.03921 -1.32082 0 
dMomentum = 7.89299e-17 -7.91468e-18 0
dEnergy = 20.6263
0 -43.7012 23.6645 0 -3.76883 2.05977 0 
1 -2.27221 -8.28746 0 -0.270361 -0.738953 0 
2 45.9734 -15.377 0 4.03919 -1.32081 0 
dMomentum = 7.76289e-17 -1.09504e-17 0
dEnergy = 20.6263
0 -43.8896 23.7675 0 -3.76881 2.05975 0 
1 -2.28573 -8.32441 0 -0.270355 -0.738945 0 
2 46.1754 -15.4431 0 4.03916 -1.32081 0 
dMomentum = 7.32921e-17 -1.51788e-17 0
dEnergy = 20.6263
0 -44.0781 23.8705 0 -3.76879 2.05974 0 
1 -2.29925 -8.36136 0 -0.270349 -0.738937 0 
2 46.3773 -15.5091 0 4.03914 -1.3208 0 
dMomentum = 7.63278e-17 -1.50704e-17 0
dEnergy = 20.6263
0 -44.2665 23.9735 0 -3.76877 2.05973 0 
1 -2.31277 -8.39831 0 -0.270342 -0.738929 0 
2 46.5793 -15.5752 0 4.03911 -1.3208 0 
dMomentum = 7.28584e-17 -1.52873e-17 0
dEnergy = 20.6263
0 -44.455 24.0765 0 -3.76875 2.05971 0 
1 -2.32628 -8.43525 0 -0.270336 -0.738921 0 
2 46.7812 -15.6412 0 4.03909 -1.32079 0 
dMomentum = 7.67615e-17 -1.68051e-17 0
dEnergy = 20.6263
0 -44.6434 24.1794 0 -3.76873 2.0597 0 
1 -2.3398 -8.4722 0 -0.27033 -0.738913 0 
2 46.9832 -15.7072 0 4.03906 -1.32079 0 
