dMomentum = 0 0 0
dEnergy = 0
0 -1 0 0 0.417343 0.3131 0 
1 1 0 0 0.417343 0.3131 0 
2 0 0 0 -0.834686 -0.6262 0 
dMomentum = -4.06576e-19 1.35525e-19 0
dEnergy = -9.3488e-14
0 -0.977467 0.0156646 0 0.483332 0.311758 0 
1 1.01939 0.0156684 0 0.357666 0.312056 0 
2 -0.041923 -0.031333 0 -0.840998 -0.623814 0 
dMomentum = -4.33681e-19 -6.77626e-19 0
dEnergy = -2.07766e-13
0 -0.951441 0.0311802 0 0.557067 0.306926 0 
1 1.03592 0.0312409 0 0.303192 0.30938 0 
2 -0.0844838 -0.0624211 0 -0.860259 -0.616306 0 
dMomentum = -9.21572e-19 -1.97867e-18 0
dEnergy = -3.72462e-13
0 -0.921488 0.0463328 0 0.640444 0.296925 0 
1 1.04984 0.0466499 0 0.253043 0.305601 0 
2 -0.128354 -0.0929827 0 -0.893487 -0.602526 0 
dMomentum = -1.87025e-18 -3.41524e-18 0
dEnergy = -6.40929e-13
0 -0.887065 0.060802 0 0.736028 0.279081 0 
1 1.06134 0.0618503 0 0.206503 0.301108 0 
2 -0.174275 -0.122652 0 -0.942531 -0.580189 0 
dMomentum = -1.76183e-18 -2.81893e-18 0
dEnergy = -1.12294e-12
0 -0.847477 0.0740929 0 0.847325 0.248922 0 
1 1.07058 0.0768139 0 0.162968 0.29619 0 
2 -0.223107 -0.150907 0 -1.01029 -0.545111 0 
dMomentum = -5.96311e-19 -3.79471e-18 0
dEnergy = -2.06416e-12
0 -0.801822 0.0854093 0 0.979108 0.198501 0 
1 1.07771 0.0915251 0 0.121908 0.291067 0 
2 -0.275889 -0.176934 0 -1.10102 -0.489568 0 
dMomentum = -4.33681e-19 -3.95734e-18 0
dEnergy = -4.03542e-12
0 -0.748927 0.0933994 0 1.13741 0.112667 0 
1 1.08283 0.105978 0 0.0828306 0.28591 0 
2 -0.333905 -0.199378 0 -1.22024 -0.398577 0 
dMomentum = -3.1984e-18 -3.7676e-18 0
dEnergy = -8.19415e-12
0 -0.687322 0.0956055 0 1.32716 -0.0397573 0 
1 1.08604 0.120175 0 0.0452445 0.280844 0 
2 -0.398713 -0.21578 0 -1.3724 -0.241087 0 
dMomentum = -3.46945e-18 -3.63208e-18 0
dEnergy = -1.4047e-11
0 -0.615578 0.0872156 0 1.53647 -0.326254 0 
1 1.08738 0.134122 0 0.00861263 0.275936 0 
2 -0.471803 -0.221337 0 -1.54508 0.0503182 0 
dMomentum = -3.63208e-18 -3.90313e-18 0
dEnergy = 3.40848e-12
0 -0.534677 0.0585868 0 1.6565 -0.870435 0 
1 1.0869 0.147826 0 -0.0276958 0.271141 0 
2 -0.552227 -0.206412 0 -1.6288 0.599294 0 
dMomentum = -8.18573e-18 -4.44523e-18 0
dEnergy = 6.67395e-12
0 -0.45746 -0.00408826 0 1.31079 -1.62308 0 
1 1.0846 0.161287 0 -0.0643421 0.266167 0 
2 -0.627141 -0.157199 0 -1.24644 1.35691 0 
dMomentum = -8.67362e-18 -4.11997e-18 0
dEnergy = -1.04981e-11
0 -0.411639 -0.0954866 0 0.514183 -1.90479 0 
1 1.08045 0.174483 0 -0.10153 0.260475 0 
2 -0.668808 -0.0789968 0 -0.412653 1.64431 0 
dMomentum = -8.89046e-18 -3.25261e-18 0
dEnergy = 1.36702e-11
0 -0.400905 -0.186833 0 -0.0221992 -1.70801 0 
1 1.07443 0.187371 0 -0.138761 0.253837 0 
2 -0.673522 -0.000537261 0 0.160961 1.45417 0 
dMomentum = -8.67362e-18 -5.63785e-18 0
dEnergy = 8.71017e-12
0 -0.408949 -0.265821 0 -0.265289 -1.44985 0 
1 1.06655 0.199906 0 -0.17563 0.246487 0 
2 -0.657601 0.0659149 0 0.440919 1.20336 0 
dMomentum = -9.43256e-18 -4.44523e-18 0
dEnergy = 4.31991e-12
0 -0.425213 -0.332877 0 -0.369121 -1.23529 0 
1 1.05683 0.212062 0 -0.21212 0.238731 0 
2 -0.631622 0.120815 0 0.581241 0.996555 0 
dMomentum = -9.75782e-18 -3.46945e-18 0
dEnergy = 2.20841e-12
0 -0.444909 -0.390343 0 -0.410186 -1.0652 0 
1 1.0453 0.223824 0 -0.248422 0.230784 0 
2 -0.600389 0.166519 0 0.658608 0.834417 0 
dMomentum = -9.32414e-18 -3.03577e-18 0
dEnergy = 1.20808e-12
0 -0.465815 -0.440162 0 -0.420858 -0.92824 0 
1 1.03194 0.235186 0 -0.284808 0.222782 0 
2 -0.566127 0.204976 0 0.705666 0.705458 0 
dMomentum = -9.97466e-18 -3.25261e-18 0
dEnergy = 7.02924e-13
0 -0.486818 -0.483748 0 -0.415664 -0.815087 0 
1 1.01675 0.246147 0 -0.321581 0.214805 0 
2 -0.529936 0.237601 0 0.737246 0.600282 0 
dMomentum = -1.10589e-17 -1.51788e-18 0
dEnergy = 4.27747e-13
0 -0.507319 -0.522122 0 -0.401667 -0.719284 0 
1 0.999707 0.25671 0 -0.359073 0.206898 0 
2 -0.492388 0.265412 0 0.760741 0.512386 0 
dMomentum = -1.22515e-17 -2.27682e-18 0
dEnergy = 2.65739e-13
0 -0.52698 -0.556036 0 -0.38255 -0.636426 0 
1 0.980757 0.26688 0 -0.397645 0.199087 0 
2 -0.453777 0.289156 0 0.780194 0.437339 0 
dMomentum = -1.21431e-17 -3.03577e-18 0
dEnergy = 1.62035e-13
0 -0.545563 -0.586001 0 -0.360388 -0.563602 0 
1 0.959882 0.276641 0 -0.43762 0.191402 0 
2 -0.414319 0.309359 0 0.798008 0.3722 0 
dMomentum = -1.31188e-17 -2.22261e-18 0
dEnergy = 8.80436e-14
0 -0.562987 -0.612524 0 -0.336308 -0.498482 0 
1 0.936962 0.286022 0 -0.479546 0.183834 0 
2 -0.373975 0.326502 0 0.815854 0.314648 0 
dMomentum = -1.21431e-17 -2.38524e-18 0
dEnergy = 2.71654e-14
0 -0.579174 -0.635951 0 -0.310995 -0.439497 0 
1 0.911886 0.295027 0 -0.523997 0.176389 0 
2 -0.332712 0.340924 0 0.834992 0.263108 0 
dMomentum = -1.14925e-17 -2.00577e-18 0
dEnergy = -3.29462e-14
0 -0.594073 -0.656557 0 -0.284861 -0.385479 0 
1 0.884509 0.303663 0 -0.571695 0.169073 0 
2 -0.290436 0.352894 0 0.856556 0.216406 0 
dMomentum = -1.20346e-17 -2.00577e-18 0
dEnergy = -1.05349e-13
0 -0.60765 -0.674566 0 -0.258153 -0.335535 0 
1 0.854646 0.311937 0 -0.623591 0.161899 0 
2 -0.246996 0.36263 0 0.881744 0.173636 0 
dMomentum = -9.75782e-18 -1.95156e-18 0
dEnergy = -2.09849e-13
0 -0.619881 -0.690166 0 -0.231017 -0.288972 0 
1 0.822058 0.319856 0 -0.680985 0.154889 0 
2 -0.202177 0.370311 0 0.912002 0.134083 0 
dMomentum = -1.01915e-17 -2.22261e-18 0
dEnergy = -3.85173e-13
0 -0.630746 -0.703511 0 -0.203534 -0.245239 0 
1 0.786426 0.327429 0 -0.745743 0.148085 0 
2 -0.155679 0.376082 0 0.949277 0.0971539 0 
dMomentum = -9.75782e-18 -2.22261e-18 0
dEnergy = -7.2153e-13
0 -0.640229 -0.71473 0 -0.175743 -0.203892 0 
1 0.747315 0.334669 0 -0.8207 0.141563 0 
2 -0.107085 0.380061 0 0.996443 0.0623289 0 
dMomentum = -1.17094e-17 -2.05998e-18 0
dEnergy = -1.46629e-12
0 -0.648316 -0.723934 0 -0.147654 -0.164565 0 
1 0.704111 0.341592 0 -0.910469 0.135463 0 
2 -0.055795 0.382341 0 1.05812 0.0291013 0 
dMomentum = -1.09504e-17 -2.11419e-18 0
dEnergy = -3.45051e-12
0 -0.65499 -0.731215 0 -0.119262 -0.126948 0 
1 0.655888 0.348226 0 -1.0233 0.130055 0 
2 -0.000897958 0.382988 0 1.14257 -0.00310739 0 
dMomentum = -8.45678e-18 -2.05998e-18 0
dEnergy = -1.04438e-11
0 -0.660237 -0.736652 0 -0.090549 -0.0907745 0 
1 0.601126 0.354618 0 -1.17614 0.125905 0 
2 0.059111 0.382034 0 1.26669 -0.0351305 0 
dMomentum = -8.0231e-18 -2.1684e-18 0
dEnergy = -5.13152e-11
0 -0.664039 -0.740312 0 -0.0614953 -0.0558012 0 
1 0.536929 0.36086 0 -1.41245 0.124385 0 
2 0.12711 0.379453 0 1.47395 -0.0685835 0 
dMomentum = -9.1073e-18 -2.05998e-18 0
dEnergy = -9.18187e-10
0 -0.66638 -0.742249 0 -0.0320887 -0.0217908 0 
1 0.455906 0.367167 0 -1.91046 0.129838 0 
2 0.210474 0.375081 0 1.94255 -0.108048 0 
dMomentum = -2.60209e-18 -6.93889e-17 0
dEnergy = 16393.5
0 -0.667239 -0.742505 0 -0.000910973 0.0104661 0 
1 0.389796 -0.689841 0 6.77495 -127.864 0 
2 0.277443 1.43235 0 -6.77404 127.853 0 
dMomentum = 4.77049e-18 -1.249e-16 0
dEnergy = 16393.5
0 -0.666938 -0.742097 0 0.00725512 0.00710165 0 
1 0.728217 -7.08277 0 6.7673 -127.856 0 
2 -0.0612794 7.82486 0 -6.77455 127.849 0 
dMomentum = 1.69136e-17 -9.71445e-17 0
dEnergy = 16393.5
0 -0.666571 -0.741748 0 0.00737729 0.00690002 0 
1 1.06658 -13.4756 0 6.76719 -127.856 0 
2 -0.400007 14.2173 0 -6.77456 127.849 0 
dMomentum = 1.0842e-17 8.32667e-17 0
dEnergy = 16393.5
0 -0.666201 -0.741405 0 0.00740294 0.00685579 0 
1 1.40494 -19.8683 0 6.76716 -127.855 0 
2 -0.738736 20.6097 0 -6.77456 127.849 0 
dMomentum = 1.04083e-17 1.38778e-17 0
dEnergy = 16393.5
0 -0.665831 -0.741062 0 0.0074124 0.00683931 0 
1 1.74329 -26.2611 0 6.76715 -127.855 0 
2 -1.07746 27.0022 0 -6.77456 127.848 0 
dMomentum = 9.97466e-18 -1.38778e-17 0
dEnergy = 16393.5
0 -0.66546 -0.740721 0 0.0074169 0.00683143 0 
1 2.08165 -32.6539 0 6.76714 -127.855 0 
2 -1.41619 33.3946 0 -6.77456 127.848 0 
dMomentum = 1.73472e-18 -1.249e-16 0
dEnergy = 16393.5
0 -0.665089 -0.740379 0 0.00741939 0.00682706 0 
1 2.42001 -39.0466 0 6.76714 -127.855 0 
2 -1.75492 39.787 0 -6.77456 127.848 0 
dMomentum = -3.03577e-18 -4.16334e-17 0
dEnergy = 16393.5
0 -0.664718 -0.740038 0 0.00742091 0.00682439 0 
1 2.75837 -45.4394 0 6.76713 -127.855 0 
2 -2.09365 46.1794 0 -6.77456 127.848 0 
