dMomentum = 0 0 0
dEnergy = 0
0 -1 0 0 0.416822 0.330333 0 
1 1 0 0 0.416822 0.330333 0 
2 0 0 0 -0.833644 -0.660667 0 
dMomentum = 4.60786e-19 -4.60786e-19 0
dEnergy = -8.76265e-14
0 -0.977493 0.0165268 0 0.482799 0.328918 0 
1 1.01936 0.0165307 0 0.357147 0.329232 0 
2 -0.0418707 -0.0330576 0 -0.839946 -0.65815 0 
dMomentum = -9.48677e-19 -1.35525e-19 0
dEnergy = -1.93163e-13
0 -0.951496 0.0328965 0 0.55645 0.323828 0 
1 1.03587 0.0329604 0 0.302694 0.326409 0 
2 -0.0843776 -0.065857 0 -0.859144 -0.650238 0 
dMomentum = -1.02999e-18 -2.03288e-18 0
dEnergy = -3.4127e-13
0 -0.92158 0.0488845 0 0.639555 0.313321 0 
1 1.04977 0.0492177 0 0.252597 0.322428 0 
2 -0.128187 -0.0981022 0 -0.892152 -0.635749 0 
dMomentum = -3.52366e-19 -2.60209e-18 0
dEnergy = -5.73975e-13
0 -0.887216 0.0641561 0 0.734445 0.294664 0 
1 1.06124 0.0652553 0 0.206142 0.317698 0 
2 -0.174028 -0.129411 0 -0.940587 -0.612362 0 
dMomentum = -1.89735e-19 -2.1684e-18 0
dEnergy = -9.7147e-13
0 -0.847741 0.0782006 0 0.84418 0.26338 0 
1 1.07047 0.0810437 0 0.162722 0.312527 0 
2 -0.222732 -0.159244 0 -1.0069 -0.575907 0 
dMomentum = -7.58942e-19 -1.39591e-18 0
dEnergy = -1.69449e-12
0 -0.802317 0.0902105 0 0.97264 0.211758 0 
1 1.07759 0.096567 0 0.121799 0.307145 0 
2 -0.275274 -0.186777 0 -1.09444 -0.518903 0 
dMomentum = 1.78893e-18 -6.77626e-19 0
dEnergy = -3.05243e-12
0 -0.749897 0.0988514 0 1.12408 0.125759 0 
1 1.08271 0.111819 0 0.0828731 0.30173 0 
2 -0.332813 -0.210671 0 -1.20696 -0.42749 0 
dMomentum = 1.19262e-18 -5.96311e-19 0
dEnergy = -5.4286e-12
0 -0.689265 0.101802 0 1.30017 -0.0214973 0 
1 1.08592 0.126802 0 0.0454442 0.296407 0 
2 -0.396654 -0.228604 0 -1.34562 -0.27491 0 
dMomentum = -1.51788e-18 -1.0842e-18 0
dEnergy = -7.47563e-12
0 -0.61942 0.0948302 0 1.48633 -0.281843 0 
1 1.08728 0.141522 0 0.00897433 0.291242 0 
2 -0.46786 -0.236352 0 -1.4953 -0.00939838 0 
dMomentum = 7.58942e-19 -1.19262e-18 0
dEnergy = 1.97799e-12
0 -0.541441 0.0703115 0 1.60009 -0.735155 0 
1 1.08682 0.155986 0 -0.0271515 0.28619 0 
2 -0.545384 -0.226298 0 -1.57294 0.448965 0 
dMomentum = 4.33681e-19 -1.6263e-18 0
dEnergy = 8.93368e-12
0 -0.464248 0.0180508 0 1.40595 -1.35724 0 
1 1.08455 0.170196 0 -0.0635775 0.280998 0 
2 -0.620306 -0.188247 0 -1.34237 1.07624 0 
dMomentum = 7.04731e-19 -3.25261e-18 0
dEnergy = -1.14603e-11
0 -0.407581 -0.0616432 0 0.821253 -1.74659 0 
1 1.08044 0.184132 0 -0.100635 0.275167 0 
2 -0.672862 -0.122488 0 -0.720618 1.47142 0 
dMomentum = 1.19262e-18 -1.95156e-18 0
dEnergy = 4.79181e-12
0 -0.38092 -0.149643 0 0.281014 -1.71725 0 
1 1.07447 0.19775 0 -0.138006 0.268321 0 
2 -0.693545 -0.0481075 0 -0.143009 1.44893 0 
dMomentum = 8.67362e-19 -8.67362e-19 0
dEnergy = 6.47434e-12
0 -0.37546 -0.231249 0 -0.0297084 -1.53275 0 
1 1.06662 0.211001 0 -0.175185 0.260523 0 
2 -0.691159 0.0202479 0 0.204894 1.27223 0 
dMomentum = 1.30104e-18 -7.58942e-19 0
dEnergy = 3.93768e-12
0 -0.381388 -0.303194 0 -0.189022 -1.3428 0 
1 1.05692 0.223843 0 -0.211956 0.252047 0 
2 -0.67553 0.0793506 0 0.400978 1.09076 0 
dMomentum = 2.05998e-18 -9.75782e-19 0
dEnergy = 2.19154e-12
0 -0.393097 -0.366251 0 -0.269095 -1.17919 0 
1 1.04539 0.236249 0 -0.248364 0.24315 0 
2 -0.65229 0.130002 0 0.51746 0.936041 0 
dMomentum = 1.84314e-18 -2.27682e-18 0
dEnergy = 1.24958e-12
0 -0.407665 -0.421792 0 -0.307458 -1.04201 0 
1 1.03204 0.248203 0 -0.284593 0.234019 0 
2 -0.624371 0.173589 0 0.592051 0.807991 0 
dMomentum = 2.27682e-18 -2.71051e-18 0
dEnergy = 7.44696e-13
0 -0.423522 -0.471015 0 -0.322703 -0.926082 0 
1 1.01687 0.259696 0 -0.32089 0.224777 0 
2 -0.593347 0.211319 0 0.643593 0.701305 0 
dMomentum = 1.40946e-18 -2.1684e-18 0
dEnergy = 4.61786e-13
0 -0.439776 -0.514859 0 -0.324423 -0.826528 0 
1 0.999877 0.270725 0 -0.35754 0.215502 0 
2 -0.5601 0.244133 0 0.681964 0.611026 0 
dMomentum = 1.51788e-18 -1.6263e-18 0
dEnergy = 2.93697e-13
0 -0.455892 -0.554043 0 -0.317846 -0.739582 0 
1 0.981032 0.28129 0 -0.394857 0.206243 0 
2 -0.52514 0.272754 0 0.712703 0.533339 0 
dMomentum = 1.51788e-18 -1.95156e-18 0
dEnergy = 1.8706e-13
0 -0.471506 -0.589062 0 -0.305993 -0.662603 0 
1 0.960338 0.291372 0 -0.433109 0.197048 0 
2 -0.488832 0.29769 0 0.739102 0.465555 0 
dMomentum = 3.14419e-18 -1.0842e-18 0
dEnergy = 1.13475e-13
0 -0.486434 -0.620432 0 -0.290635 -0.593358 0 
1 0.937698 0.300996 0 -0.472763 0.187916 0 
2 -0.451265 0.319437 0 0.763398 0.405441 0 
dMomentum = 1.73472e-18 -6.50521e-19 0
dEnergy = 5.6901e-14
0 -0.500529 -0.648501 0 -0.27287 -0.530314 0 
1 0.913031 0.310165 0 -0.514279 0.178859 0 
2 -0.412502 0.338336 0 0.787149 0.351454 0 
dMomentum = 6.50521e-19 -7.04731e-19 0
dEnergy = 6.63684e-15
0 -0.513692 -0.673548 0 -0.253396 -0.472306 0 
1 0.88623 0.318883 0 -0.558216 0.169888 0 
2 -0.372538 0.354664 0 0.811612 0.302418 0 
dMomentum = 1.0842e-18 -1.0842e-19 0
dEnergy = -4.65795e-14
0 -0.525848 -0.6958 0 -0.232658 -0.418434 0 
1 0.857157 0.327155 0 -0.605284 0.161017 0 
2 -0.331309 0.368645 0 0.837943 0.257417 0 
dMomentum = 1.95156e-18 2.1684e-19 0
dEnergy = -1.14029e-13
0 -0.536942 -0.715448 0 -0.210949 -0.367987 0 
1 0.825634 0.334987 0 -0.656412 0.15227 0 
2 -0.288692 0.380461 0 0.867361 0.215717 0 
dMomentum = 1.51788e-18 5.42101e-20 0
dEnergy = -2.14221e-13
0 -0.54693 -0.732647 0 -0.188455 -0.320395 0 
1 0.791428 0.342385 0 -0.712871 0.143687 0 
2 -0.244498 0.390262 0 0.901325 0.176708 0 
dMomentum = 1.95156e-18 -4.87891e-19 0
dEnergy = -3.84402e-13
0 -0.555776 -0.747527 0 -0.165293 -0.275197 0 
1 0.754228 0.34936 0 -0.776485 0.135345 0 
2 -0.198452 0.398168 0 0.941778 0.139852 0 
dMomentum = 1.95156e-18 -2.1684e-19 0
dEnergy = -7.11857e-13
0 -0.563449 -0.7602 0 -0.141536 -0.232006 0 
1 0.713615 0.355926 0 -0.85002 0.127379 0 
2 -0.150165 0.404274 0 0.991556 0.104626 0 
dMomentum = 2.81893e-18 -3.25261e-19 0
dEnergy = -1.43541e-12
0 -0.569921 -0.770756 0 -0.11722 -0.190496 0 
1 0.668988 0.362108 0 -0.937972 0.120053 0 
2 -0.0990674 0.408648 0 1.05519 0.0704427 0 
dMomentum = 4.01155e-18 -1.6263e-19 0
dEnergy = -3.35254e-12
0 -0.575162 -0.779273 0 -0.0923615 -0.150385 0 
1 0.619448 0.36795 0 -1.04836 0.1139 0 
2 -0.0442852 0.411322 0 1.14073 0.0364847 0 
dMomentum = 3.90313e-18 -4.87891e-19 0
dEnergy = -1.00423e-11
0 -0.579148 -0.785813 0 -0.0669615 -0.11142 0 
1 0.563516 0.373537 0 -1.19759 0.11015 0 
2 0.015632 0.412276 0 1.26455 0.00127066 0 
dMomentum = 2.60209e-18 -4.33681e-19 0
dEnergy = -4.83517e-11
0 -0.581849 -0.79043 0 -0.041016 -0.0733678 0 
1 0.49839 0.379059 0 -1.4274 0.112311 0 
2 0.0834595 0.41137 0 1.46841 -0.0389434 0 
dMomentum = 3.46945e-18 -4.87891e-19 0
dEnergy = -8.08548e-10
0 -0.58324 -0.793162 0 -0.014529 -0.0359937 0 
1 0.416994 0.385098 0 -1.90536 0.136532 0 
2 0.166246 0.408064 0 1.91989 -0.100538 0 
dMomentum = -3.46945e-18 -9.71445e-17 0
dEnergy = 30947
0 -0.583288 -0.794035 0 0.0163123 0.000878032 0 
1 0.476318 1.58457 0 27.0315 173.828 0 
2 0.106969 -0.790537 0 -27.0478 -173.829 0 
dMomentum = 3.1225e-17 -1.249e-16 0
dEnergy = 30947
0 -0.582057 -0.7943 0 0.0252018 -0.00647905 0 
1 1.82787 10.2759 0 27.0308 173.826 0 
2 -1.24581 -9.48159 0 -27.056 -173.819 0 
dMomentum = 3.1225e-17 -5.27356e-16 0
dEnergy = 30947
0 -0.580796 -0.794627 0 0.0252142 -0.00659065 0 
1 3.17941 18.9672 0 27.0308 173.825 0 
2 -2.59861 -18.1725 0 -27.056 -173.819 0 
dMomentum = 3.98986e-17 -7.21645e-16 0
dEnergy = 30947
0 -0.579535 -0.794958 0 0.0252166 -0.00661403 0 
1 4.53095 27.6584 0 27.0308 173.825 0 
2 -3.95141 -26.8635 0 -27.056 -173.819 0 
dMomentum = 2.60209e-17 -7.35523e-16 0
dEnergy = 30947
0 -0.578275 -0.795288 0 0.0252174 -0.00662261 0 
1 5.88248 36.3497 0 27.0308 173.825 0 
2 -5.30421 -35.5544 0 -27.056 -173.819 0 
dMomentum = 2.94903e-17 -1.04083e-15 0
dEnergy = 30947
0 -0.577014 -0.79562 0 0.0252178 -0.00662668 0 
1 7.23402 45.041 0 27.0307 173.825 0 
2 -6.65701 -44.2453 0 -27.056 -173.819 0 
