dMomentum = 0 0 0
dEnergy = 0
0 -1 0 0 0.350112 0.0793395 0 
1 1 0 0 0.350112 0.0793395 0 
2 0 0 0 -0.700224 -0.158679 0 
dMomentum = 5.42101e-20 6.09864e-20 0
dEnergy = -1.89179e-05
0 -0.980841 0.00396949 0 0.415586 0.0790067 0 
1 1.01601 0.00397029 0 0.289933 0.07907 0 
2 -0.0351696 -0.00793978 0 -0.705519 -0.158077 0 
dMomentum = -6.64074e-19 9.48677e-20 0
dEnergy = -3.98656e-05
0 -0.958239 0.00790246 0 0.487815 0.0778352 0 
1 1.02912 0.0079154 0 0.234015 0.0783577 0 
2 -0.0708776 -0.0158179 0 -0.72183 -0.156193 0 
dMomentum = -1.8838e-18 -2.03288e-20 0
dEnergy = -6.55037e-05
0 -0.931807 0.0117484 0 0.568897 0.0754598 0 
1 1.03951 0.0118162 0 0.181578 0.077318 0 
2 -0.107705 -0.0235646 0 -0.750474 -0.152778 0 
dMomentum = -2.33103e-18 -5.42101e-20 0
dEnergy = -0.00010017
0 -0.901027 0.0154333 0 0.662023 0.0712769 0 
1 1.04735 0.0156585 0 0.132023 0.0760383 0 
2 -0.146327 -0.0310918 0 -0.794047 -0.147315 0 
dMomentum = -2.95445e-18 2.03288e-20 0
dEnergy = -0.00015226
0 -0.865176 0.0188421 0 0.772393 0.0642048 0 
1 1.05278 0.0194323 0 0.0848756 0.0745887 0 
2 -0.187599 -0.0382743 0 -0.857268 -0.138793 0 
dMomentum = -3.65918e-18 -8.47033e-20 0
dEnergy = -0.00024099
0 -0.823182 0.0217827 0 0.909281 0.0520844 0 
1 1.05589 0.0231303 0 0.0397449 0.0730287 0 
2 -0.232705 -0.044913 0 -0.949026 -0.125113 0 
dMomentum = -2.54788e-18 -7.45389e-20 0
dEnergy = -0.000420879
0 -0.773304 0.0238949 0 1.09166 0.0298638 0 
1 1.05678 0.0267486 0 -0.00370411 0.071413 0 
2 -0.283478 -0.0506436 0 -1.08795 -0.101277 0 
dMomentum = -3.84892e-18 -2.71051e-20 0
dEnergy = -0.000911128
0 -0.712257 0.0243666 0 1.36808 -0.0178462 0 
1 1.05553 0.0302857 0 -0.0457815 0.0697954 0 
2 -0.343277 -0.0546523 0 -1.3223 -0.0519492 0 
dMomentum = -3.03577e-18 -5.42101e-20 0
dEnergy = -0.00364383
0 -0.631718 0.0205149 0 1.93781 -0.174066 0 
1 1.05221 0.0337429 0 -0.0868155 0.0682338 0 
2 -0.42049 -0.0542578 0 -1.85099 0.105832 0 
dMomentum = -1.95156e-18 1.0842e-18 0
dEnergy = 0.0498793
0 -0.548323 -0.0494142 0 -3.00241 -1.58395 0 
1 1.04684 0.0371246 0 -0.127306 0.0667868 0 
2 -0.498518 0.0122896 0 3.12971 1.51716 0 
dMomentum = -3.25261e-18 7.04731e-19 0
dEnergy = 0.0018983
0 -0.647951 -0.0843054 0 -1.50189 -0.387559 0 
1 1.03944 0.0404369 0 -0.168479 0.0654723 0 
2 -0.391485 0.0438684 0 1.67037 0.322087 0 
dMomentum = -4.98733e-18 6.77626e-19 0
dEnergy = 0.000644308
0 -0.712328 -0.0988851 0 -1.1145 -0.221669 0 
1 1.02993 0.0436874 0 -0.211356 0.0643094 0 
2 -0.317599 0.0551977 0 1.32585 0.15736 0 
dMomentum = -4.33681e-18 5.42101e-19 0
dEnergy = 0.000319395
0 -0.762184 -0.10789 0 -0.891566 -0.145421 0 
1 1.01822 0.0468824 0 -0.25651 0.063254 0 
2 -0.256031 0.0610076 0 1.14808 0.0821673 0 
dMomentum = -2.92735e-18 6.23416e-19 0
dEnergy = 0.000181598
0 -0.802706 -0.113936 0 -0.733858 -0.0992577 0 
1 1.00417 0.0500263 0 -0.304501 0.0622605 0 
2 -0.201467 0.0639099 0 1.03836 0.0369972 0 
dMomentum = -3.25261e-18 6.09864e-19 0
dEnergy = 0.000106455
0 -0.83627 -0.118066 0 -0.610605 -0.0673959 0 
1 0.987641 0.053121 0 -0.355977 0.061279 0 
2 -0.151372 0.0649452 0 0.966582 0.00611691 0 
dMomentum = -1.95156e-18 6.91179e-19 0
dEnergy = 5.75724e-05
0 -0.864226 -0.12082 0 -0.508441 -0.0436467 0 
1 0.968427 0.0561656 0 -0.411747 0.0602502 0 
2 -0.104201 0.0646548 0 0.920188 -0.0166035 0 
dMomentum = -1.6263e-18 6.91179e-19 0
dEnergy = 2.04668e-05
0 -0.88744 -0.122522 0 -0.420404 -0.0250284 0 
1 0.946289 0.0591559 0 -0.472881 0.0590976 0 
2 -0.0588486 0.0633665 0 0.893285 -0.0340691 0 
dMomentum = -2.60209e-18 6.91179e-19 0
dEnergy = -1.23626e-05
0 -0.906509 -0.123385 0 -0.342426 -0.00990515 0 
1 0.920924 0.0620832 0 -0.540854 0.057714 0 
2 -0.0144143 0.0613014 0 0.88328 -0.0478088 0 
dMomentum = -3.03577e-18 6.77626e-19 0
dEnergy = -4.63305e-05
0 -0.921868 -0.123555 0 -0.271928 0.002707 0 
1 0.891939 0.0649322 0 -0.617801 0.0559369 0 
2 0.0299296 0.0586231 0 0.889728 -0.0586439 0 
dMomentum = -3.14419e-18 7.11508e-19 0
dEnergy = -8.74017e-05
0 -0.933845 -0.123143 0 -0.207171 0.0134421 0 
1 0.858809 0.067677 0 -0.706985 0.0534997 0 
2 0.0750369 0.0554664 0 0.914156 -0.0669419 0 
dMomentum = -3.79471e-18 6.91179e-19 0
dEnergy = -0.000145153
0 -0.942681 -0.122234 0 -0.14704 0.0227159 0 
1 0.820879 0.0702687 0 -0.813533 0.0499289 0 
2 0.121802 0.051965 0 0.960573 -0.0726448 0 
dMomentum = -3.68629e-18 6.30193e-19 0
dEnergy = -0.000240729
0 -0.948603 -0.12089 0 -0.0904928 0.0308618 0 
1 0.776996 0.0726348 0 -0.947245 0.0442432 0 
2 0.171608 0.0482549 0 1.03774 -0.0751049 0 
dMomentum = -4.98733e-18 6.30193e-19 0
dEnergy = -0.000434251
0 -0.951773 -0.119162 0 -0.0368248 0.038117 0 
1 0.725365 0.0746197 0 -1.12824 0.0340752 0 
2 0.226408 0.0445419 0 1.16506 -0.0721921 0 
dMomentum = -6.93889e-18 7.04731e-19 0
dEnergy = -0.000977821
0 -0.952319 -0.117089 0 0.0145488 0.0446783 0 
1 0.662531 0.0758497 0 -1.41 0.0117797 0 
2 0.289788 0.0412392 0 1.39546 -0.056458 0 
dMomentum = -6.28837e-18 7.18284e-19 0
dEnergy = -0.00444328
0 -0.950342 -0.114702 0 0.064172 0.0507322 0 
1 0.57919 0.0749522 0 -2.03584 -0.0698724 0 
2 0.371152 0.0397495 0 1.97167 0.0191402 0 
dMomentum = -9.32414e-18 1.30104e-18 0
dEnergy = 0.109151
0 -0.945914 -0.11202 0 0.112796 0.0565399 0 
1 0.526165 0.0264926 0 2.55837 -0.903061 0 
2 0.41975 0.0855269 0 -2.67116 0.846521 0 
dMomentum = -1.02457e-17 1.19262e-18 0
dEnergy = 0.0923686
0 -0.93904 -0.109039 0 0.162391 0.0627976 0 
1 0.618536 -0.00174377 0 1.46077 -0.405916 0 
2 0.320504 0.110783 0 -1.62316 0.343119 0 
dMomentum = -8.18573e-18 1.30104e-18 0
dEnergy = 0.091404
0 -0.929632 -0.105724 0 0.214255 0.0699624 0 
1 0.682144 -0.0188499 0 1.122 -0.294277 0 
2 0.247488 0.124574 0 -1.33625 0.224314 0 
dMomentum = -9.05309e-18 1.21973e-18 0
dEnergy = 0.0911249
0 -0.917558 -0.102022 0 0.269205 0.0782979 0 
1 0.73291 -0.0320282 0 0.922461 -0.237938 0 
2 0.184647 0.134051 0 -1.19167 0.159641 0 
dMomentum = -8.53809e-18 1.19262e-18 0
dEnergy = 0.0909982
0 -0.90264 -0.0978687 0 0.32815 0.088111 0 
1 0.77531 -0.0429734 0 0.780471 -0.202235 0 
2 0.12733 0.140842 0 -1.10862 0.114124 0 
dMomentum = -8.72783e-18 1.20617e-18 0
dEnergy = 0.0909236
0 -0.884651 -0.0931789 0 0.392244 0.099814 0 
1 0.811455 -0.0524192 0 0.669477 -0.17693 0 
2 0.0731962 0.145598 0 -1.06172 0.0771164 0 
dMomentum = -9.48677e-18 1.32815e-18 0
dEnergy = 0.0908694
0 -0.863297 -0.0878447 0 0.463055 0.114001 0 
1 0.842565 -0.0607656 0 0.577677 -0.157772 0 
2 0.0207323 0.14861 0 -1.04073 0.043771 0 
dMomentum = -8.34836e-18 1.3146e-18 0
dEnergy = 0.0908209
0 -0.838189 -0.0817209 0 0.542852 0.131584 0 
1 0.869428 -0.0682612 0 0.49883 -0.142633 0 
2 -0.0312396 0.149982 0 -1.04168 0.0110489 0 
dMomentum = -9.1073e-18 1.21973e-18 0
dEnergy = 0.0907675
0 -0.808796 -0.0746035 0 0.635138 0.154051 0 
1 0.892594 -0.0750743 0 0.429246 -0.130314 0 
2 -0.0837977 0.149678 0 -1.06438 -0.0237369 0 
dMomentum = -9.6494e-18 1.09098e-18 0
dEnergy = 0.090695
0 -0.774362 -0.066189 0 0.745759 0.184047 0 
1 0.912461 -0.0813261 0 0.366553 -0.120081 0 
2 -0.138099 0.147515 0 -1.11231 -0.0639666 0 
dMomentum = -9.83913e-18 1.13841e-18 0
dEnergy = 0.090574
0 -0.733727 -0.055985 0 0.885574 0.226861 0 
1 0.929331 -0.0871081 0 0.30912 -0.111454 0 
2 -0.195603 0.143093 0 -1.19469 -0.115407 0 
dMomentum = -8.40257e-18 9.21572e-19 0
dEnergy = 0.0903149
0 -0.684925 -0.0430846 0 1.07829 0.29514 0 
1 0.943435 -0.0924919 0 0.255757 -0.104103 0 
2 -0.25851 0.135577 0 -1.33405 -0.191037 0 
dMomentum = -7.58942e-18 1.3417e-18 0
dEnergy = 0.0894735
0 -0.623937 -0.0254047 0 1.39263 0.430691 0 
1 0.954953 -0.0975349 0 0.205524 -0.0977813 0 
2 -0.331016 0.12294 0 -1.59816 -0.33291 0 
dMomentum = -8.0231e-18 9.21572e-19 0
dEnergy = 0.0795566
0 -0.538134 0.00528541 0 2.23851 0.96614 0 
1 0.964021 -0.102283 0 0.157584 -0.0922772 0 
2 -0.425887 0.0969977 0 -2.3961 -0.873863 0 
dMomentum = -9.32414e-18 3.61852e-18 0
dEnergy = 0.0975252
0 -0.568774 0.0854945 0 -2.26781 0.240261 0 
1 0.970727 -0.10677 0 0.110821 -0.0872352 0 
2 -0.401953 0.0212756 0 2.15699 -0.153026 0 
dMomentum = -9.75782e-18 3.61852e-18 0
dEnergy = 0.0920105
0 -0.659389 0.0904025 0 -1.51488 0.0235951 0 
1 0.975089 -0.111005 0 0.06355 -0.082115 0 
2 -0.3157 0.0206021 0 1.45133 0.05852 0 
dMomentum = -8.78204e-18 3.52366e-18 0
dEnergy = 0.0913366
0 -0.726694 0.0900906 0 -1.20799 -0.0277 0 
1 0.977056 -0.114975 0 0.0149623 -0.0766288 0 
2 -0.250361 0.0248843 0 1.19303 0.104329 0 
dMomentum = -9.6494e-18 3.57787e-18 0
dEnergy = 0.0911139
0 -0.782023 0.0880814 0 -1.01749 -0.0500872 0 
1 0.97655 -0.118658 0 -0.0354156 -0.0705775 0 
2 -0.194527 0.0305761 0 1.0529 0.120665 0 
dMomentum = -9.21572e-18 3.57787e-18 0
dEnergy = 0.0910087
0 -0.829283 0.0852458 0 -0.879462 -0.0622188 0 
1 0.973471 -0.122019 0 -0.0880475 -0.0637707 0 
2 -0.144188 0.0367736 0 0.96751 0.125989 0 
dMomentum = -8.67362e-18 3.63208e-18 0
dEnergy = 0.0909478
0 -0.870443 0.0819367 0 -0.770952 -0.0695716 0 
1 0.967694 -0.125018 0 -0.143461 -0.0559958 0 
2 -0.0972505 0.0430811 0 0.914414 0.125567 0 
dMomentum = -8.45678e-18 3.44234e-18 0
dEnergy = 0.0909068
0 -0.90668 0.0783305 0 -0.681235 -0.074343 0 
1 0.959062 -0.127598 0 -0.202305 -0.0469915 0 
2 -0.0523828 0.0492672 0 0.88354 0.121335 0 
dMomentum = -8.34836e-18 3.46945e-18 0
dEnergy = 0.0908751
0 -0.938773 0.0745271 0 -0.604479 -0.0775889 0 
1 0.947386 -0.12969 0 -0.265413 -0.0364156 0 
2 -0.00861301 0.0551627 0 0.869892 0.114005 0 
dMomentum = -7.37257e-18 3.60497e-18 0
dEnergy = 0.0908472
0 -0.967277 0.0705871 0 -0.537172 -0.0798822 0 
1 0.932425 -0.131204 0 -0.333905 -0.023795 0 
2 0.0348521 0.0606171 0 0.871077 0.103677 0 
dMomentum = -7.26415e-18 3.68629e-18 0
dEnergy = 0.090819
0 -0.992603 0.0665489 0 -0.477042 -0.081563 0 
1 0.913873 -0.132023 0 -0.409346 -0.00844138 0 
2 0.0787302 0.0654737 0 0.886388 0.0900044 0 
dMomentum = -7.26415e-18 3.61852e-18 0
dEnergy = 0.0907863
0 -1.01507 0.0624372 0 -0.422531 -0.0828484 0 
1 0.891329 -0.131984 0 -0.494018 0.0107025 0 
2 0.12374 0.0695466 0 0.916549 0.0721459 0 
dMomentum = -7.04731e-18 3.5101e-18 0
dEnergy = 0.0907432
0 -1.03493 0.058268 0 -0.372521 -0.083886 0 
1 0.864251 -0.130859 0 -0.591447 0.0353705 0 
2 0.170675 0.0725907 0 0.963968 0.0485155 0 
dMomentum = -6.17995e-18 3.44234e-18 0
dEnergy = 0.0906781
0 -1.05238 0.0540509 0 -0.326178 -0.0847824 0 
1 0.831866 -0.128302 0 -0.707483 0.0686556 0 
2 0.220511 0.0742509 0 1.03366 0.0161268 0 
dMomentum = -5.74627e-18 3.41524e-18 0
dEnergy = 0.0905635
0 -1.06759 0.0497907 0 -0.282851 -0.0856193 0 
1 0.793006 -0.123746 0 -0.852864 0.116762 0 
2 0.274583 0.0739555 0 1.13572 -0.0311423 0 
dMomentum = -5.96311e-18 3.26616e-18 0
dEnergy = 0.0903142
0 -1.0807 0.0454887 0 -0.242012 -0.0864634 0 
1 0.745709 -0.116138 0 -1.05052 0.194557 0 
2 0.334991 0.0706495 0 1.29253 -0.108094 0 
dMomentum = -6.93889e-18 3.37458e-18 0
dEnergy = 0.0895225
0 -1.09182 0.0411432 0 -0.203197 -0.0873734 0 
1 0.686077 -0.103045 0 -1.36396 0.350844 0 
2 0.405744 0.061902 0 1.56716 -0.26347 0 
dMomentum = -7.58942e-18 4.01155e-18 0
dEnergy = 0.08185
0 -1.10104 0.0367493 0 -0.16594 -0.0884026 0 
1 0.602885 -0.0751259 0 -2.11275 0.942427 0 
2 0.498156 0.0383766 0 2.27869 -0.854024 0 
dMomentum = -8.34836e-18 6.66784e-18 0
dEnergy = 0.100873
0 -1.10843 0.0323009 0 -0.129581 -0.089536 0 
1 0.609166 0.0334575 0 2.39789 0.739324 0 
2 0.49926 -0.0657583 0 -2.26831 -0.649788 0 
dMomentum = -9.21572e-18 6.30193e-18 0
dEnergy = 0.0922277
0 -1.114 0.0277937 0 -0.0932898 -0.0907736 0 
1 0.703256 0.0523111 0 1.55089 0.194488 0 
2 0.410741 -0.0801047 0 -1.4576 -0.103715 0 
dMomentum = -9.48677e-18 6.34258e-18 0
dEnergy = 0.0914013
0 -1.11774 0.0232214 0 -0.056496 -0.0921302 0 
1 0.77159 0.05842 0 1.21649 0.0695507 0 
2 0.346153 -0.0816414 0 -1.15999 0.0225794 0 
dMomentum = -1.05168e-17 6.38324e-18 0
dEnergy = 0.0911468
0 -1.11963 0.0185794 0 -0.0189016 -0.0935509 0 
1 0.826919 0.0603174 0 1.01003 0.0124348 0 
2 0.292711 -0.0788968 0 -0.991131 0.081116 0 
dMomentum = -9.92045e-18 6.47811e-18 0
dEnergy = 0.0910324
0 -1.11961 0.013866 0 0.0197256 -0.0949831 0 
1 0.8735 0.0600529 0 0.86023 -0.0203102 0 
2 0.246112 -0.0739189 0 -0.879956 0.115293 0 
dMomentum = -1.01915e-17 6.64074e-18 0
dEnergy = 0.0909696
0 -1.11763 0.00908164 0 0.0596056 -0.0963761 0 
1 0.913447 0.0584756 0 0.741938 -0.0413315 0 
2 0.204185 -0.0675573 0 -0.801544 0.137708 0 
dMomentum = -9.78492e-18 6.66784e-18 0
dEnergy = 0.0909304
0 -1.11362 0.00422972 0 0.10097 -0.0976785 0 
1 0.948012 0.056027 0 0.643538 -0.0557379 0 
2 0.165611 -0.0602567 0 -0.744508 0.153416 0 
dMomentum = -9.40545e-18 6.58653e-18 0
dEnergy = 0.0909033
0 -1.1075 -0.000683915 0 0.144076 -0.0988354 0 
1 0.978017 0.0529689 0 0.558754 -0.0660111 0 
2 0.129485 -0.052285 0 -0.70283 0.164847 0 
dMomentum = -8.70072e-18 6.55942e-18 0
dEnergy = 0.0908831
0 -1.09918 -0.00565048 0 0.189228 -0.0997851 0 
1 1.00404 0.0494709 0 0.483829 -0.0735106 0 
2 0.0951335 -0.0438204 0 -0.673056 0.173296 0 
dMomentum = -8.98533e-18 6.451e-18 0
dEnergy = 0.0908668
0 -1.08853 -0.0106578 0 0.236789 -0.100455 0 
1 1.02652 0.0456497 0 0.416344 -0.079048 0 
2 0.0620178 -0.0349919 0 -0.653133 0.179503 0 
dMomentum = -7.80626e-18 6.47811e-18 0
dEnergy = 0.0908525
0 -1.07544 -0.0156898 0 0.287211 -0.100754 0 
1 1.04577 0.0415896 0 0.354652 -0.0831406 0 
2 0.0296779 -0.0258998 0 -0.641863 0.183895 0 
dMomentum = -7.64363e-18 6.26127e-18 0
dEnergy = 0.0908391
0 -1.05975 -0.0207252 0 0.341067 -0.100569 0 
1 1.06205 0.0373536 0 0.297583 -0.086136 0 
2 -0.00230187 -0.0166283 0 -0.638651 0.186705 0 
dMomentum = -8.0231e-18 6.28837e-18 0
dEnergy = 0.0908255
0 -1.04126 -0.025736 0 0.399101 -0.0997417 0 
1 1.07558 0.03299 0 0.244277 -0.0882779 0 
2 -0.0343194 -0.00725396 0 -0.643378 0.18802 0 
dMomentum = -8.0231e-18 6.28837e-18 0
dEnergy = 0.0908106
0 -1.01975 -0.030685 0 0.462307 -0.0980567 0 
1 1.08653 0.0285368 0 0.19408 -0.0897443 0 
2 -0.0667783 0.00214819 0 -0.656387 0.187801 0 
dMomentum = -7.52165e-18 6.34258e-18 0
dEnergy = 0.0907928
0 -0.994917 -0.0355219 0 0.532058 -0.0951958 0 
1 1.09503 0.0240244 0 0.146486 -0.0906703 0 
2 -0.100112 0.0114975 0 -0.678544 0.185866 0 
dMomentum = -7.06087e-18 6.47811e-18 0
dEnergy = 0.0907701
0 -0.966394 -0.0401767 0 0.610323 -0.0906712 0 
1 1.10121 0.0194769 0 0.10109 -0.0911621 0 
2 -0.134813 0.0206997 0 -0.711413 0.181833 0 
dMomentum = -6.4239e-18 6.47811e-18 0
dEnergy = 0.0907387
0 -0.933686 -0.0445478 0 0.700064 -0.0836873 0 
1 1.10516 0.0149139 0 0.0575638 -0.0913069 0 
2 -0.171479 0.0296339 0 -0.757628 0.174994 0 
dMomentum = -6.55942e-18 6.55942e-18 0
dEnergy = 0.0906911
0 -0.896109 -0.0484809 0 0.806034 -0.0728459 0 
1 1.10699 0.0103508 0 0.0156319 -0.0911794 0 
2 -0.210877 0.0381301 0 -0.821666 0.164025 0 
dMomentum = -5.99022e-18 6.53232e-18 0
dEnergy = 0.0906109
0 -0.852666 -0.051723 0 0.936528 -0.0554296 0 
1 1.10675 0.00579942 0 -0.0249446 -0.0908472 0 
2 -0.25408 0.0459236 0 -0.911583 0.146277 0 
dMomentum = -7.18284e-18 6.64074e-18 0
dEnergy = 0.0904531
0 -0.80177 -0.0538149 0 1.10793 -0.0253274 0 
1 1.10451 0.00126845 0 -0.0643836 -0.0903747 0 
2 -0.302737 0.0525465 0 -1.04355 0.115702 0 
dMomentum = -6.55942e-18 6.69495e-18 0
dEnergy = 0.0900515
0 -0.74055 -0.053771 0 1.35971 0.0348523 0 
1 1.10032 -0.00323676 0 -0.102901 -0.0898278 0 
2 -0.35977 0.0570077 0 -1.25681 0.0549755 0 
dMomentum = -8.07731e-18 6.68817e-18 0
dEnergy = 0.0882441
0 -0.662349 -0.0486766 0 1.83114 0.204455 0 
1 1.09422 -0.00771425 0 -0.14074 -0.0892794 0 
2 -0.431875 0.0563908 0 -1.6904 -0.115175 0 
dMomentum = -1.01915e-17 4.77049e-18 0
dEnergy = -0.246434
0 -0.535151 -0.00438119 0 3.17825 5.26971 0 
1 1.08625 -0.012166 0 -0.178283 -0.0888127 0 
2 -0.551095 0.0165472 0 -2.99997 -5.1809 0 
dMomentum = -8.89046e-18 4.11997e-18 0
dEnergy = 0.093721
0 -0.633926 0.0830914 0 -1.61495 0.616585 0 
1 1.07638 -0.0165964 0 -0.216348 -0.0884313 0 
2 -0.442457 -0.066495 0 1.8313 -0.528153 0 
dMomentum = -9.32414e-18 4.5401e-18 0
dEnergy = 0.0916558
0 -0.702092 0.105371 0 -1.16722 0.328873 0 
1 1.06456 -0.0210217 0 -0.255891 -0.0882657 0 
2 -0.362466 -0.0843498 0 1.42311 -0.240607 0 
dMomentum = -9.86624e-18 4.63496e-18 0
dEnergy = 0.0912228
0 -0.754059 0.118609 0 -0.925889 0.212537 0 
1 1.05071 -0.0254444 0 -0.297439 -0.0883242 0 
2 -0.296646 -0.0931643 0 1.22333 -0.124212 0 
dMomentum = -1.05168e-17 4.31648e-18 0
dEnergy = 0.0910543
0 -0.796067 0.127455 0 -0.759799 0.145844 0 
1 1.03471 -0.0298753 0 -0.341528 -0.0885911 0 
2 -0.238642 -0.0975801 0 1.10133 -0.057253 0 
dMomentum = -8.99888e-18 4.35036e-18 0
dEnergy = 0.0909672
0 -0.830805 0.133578 0 -0.631954 0.101274 0 
1 1.01643 -0.0343244 0 -0.388752 -0.0890486 0 
2 -0.185623 -0.099254 0 1.02071 -0.012225 0 
dMomentum = -8.45678e-18 4.25549e-18 0
dEnergy = 0.0909131
0 -0.859755 0.137798 0 -0.526992 0.0687828 0 
1 0.995687 -0.0388008 0 -0.43984 -0.0896767 0 
2 -0.135931 -0.0989974 0 0.966833 0.0208939 0 
dMomentum = -7.80626e-18 4.25549e-18 0
dEnergy = 0.0908738
0 -0.88385 0.140591 0 -0.437129 0.0437395 0 
1 0.97227 -0.0433125 0 -0.495732 -0.0904508 0 
2 -0.0884199 -0.0972783 0 0.932861 0.0467113 0 
dMomentum = -8.13152e-18 4.25549e-18 0
dEnergy = 0.0908407
0 -0.903724 0.142261 0 -0.357896 0.0236773 0 
1 0.945907 -0.047866 0 -0.557702 -0.0913368 0 
2 -0.0421832 -0.0943954 0 0.915598 0.0676595 0 
dMomentum = -8.13152e-18 4.26905e-18 0
dEnergy = 0.0908084
0 -0.919834 0.14302 0 -0.2865 0.00714718 0 
1 0.916251 -0.0524656 0 -0.627555 -0.0922815 0 
2 0.00358361 -0.0905546 0 0.914055 0.0851343 0 
dMomentum = -8.13152e-18 4.33681e-18 0
dEnergy = 0.0907714
0 -0.932524 0.14302 0 -0.221079 -0.00676678 0 
1 0.882843 -0.0571121 0 -0.707985 -0.0931917 0 
2 0.0496811 -0.0859074 0 0.929063 0.0999585 0 
dMomentum = -7.91468e-18 4.22839e-18 0
dEnergy = 0.0907223
0 -0.942058 0.142374 0 -0.160324 -0.0186785 0 
1 0.845055 -0.0618 0 -0.803278 -0.0938877 0 
2 0.0970026 -0.0805742 0 0.963602 0.112566 0 
dMomentum = -8.0231e-18 4.14707e-18 0
dEnergy = 0.0906464
0 -0.948644 0.141173 0 -0.103277 -0.0290211 0 
1 0.801975 -0.0665099 0 -0.920861 -0.0939806 0 
2 0.146669 -0.074663 0 1.02414 0.123002 0 
dMomentum = -6.50521e-18 4.09286e-18 0
dEnergy = 0.0905058
0 -0.95245 0.139486 0 -0.049203 -0.0381171 0 
1 0.752166 -0.0711914 0 -1.07526 -0.0924976 0 
2 0.200284 -0.0682947 0 1.12446 0.130615 0 
dMomentum = -6.07153e-18 4.06576e-18 0
dEnergy = 0.0901691
0 -0.953609 0.137369 0 0.00249303 -0.0462228 0 
1 0.693057 -0.0757045 0 -1.30091 -0.0863833 0 
2 0.260551 -0.0616648 0 1.29841 0.132606 0 
dMomentum = -5.42101e-18 3.98444e-18 0
dEnergy = 0.0888123
0 -0.952226 0.134867 0 0.0523348 -0.0535644 0 
1 0.618825 -0.0795533 0 -1.71575 -0.0606852 0 
2 0.333401 -0.0553133 0 1.66342 0.11425 0 
dMomentum = -5.20417e-18 3.95734e-18 0
dEnergy = -0.0190388
0 -0.948382 0.13201 0 0.100883 -0.0603907 0 
1 0.501441 -0.077546 0 -4.03989 0.510006 0 
2 0.446941 -0.0544641 0 3.939 -0.449615 0 
dMomentum = -5.74627e-18 5.09575e-18 0
dEnergy = 0.080653
0 -0.942113 0.128814 0 0.149495 -0.0673006 0 
1 0.583643 -0.0115424 0 1.68382 0.565286 0 
2 0.35847 -0.117271 0 -1.83332 -0.497985 0 
dMomentum = -6.55942e-18 5.01444e-18 0
dEnergy = 0.0785337
0 -0.933367 0.125252 0 0.199882 -0.0750558 0 
1 0.6545 0.0110891 0 1.2155 0.374044 0 
2 0.278868 -0.136341 0 -1.41538 -0.298988 0 
dMomentum = -5.09575e-18 5.6243e-18 0
dEnergy = 0.0781035
0 -0.922036 0.121273 0 0.252863 -0.0839716 0 
1 0.708932 0.0275907 0 0.977014 0.293219 0 
2 0.213104 -0.148864 0 -1.22988 -0.209248 0 
dMomentum = -5.14996e-18 5.51588e-18 0
dEnergy = 0.0779351
0 -0.907968 0.116812 0 0.30924 -0.0943562 0 
1 0.753639 0.0409927 0 0.816575 0.245318 0 
2 0.154329 -0.157805 0 -1.12582 -0.150961 0 
dMomentum = -4.87891e-18 5.40068e-18 0
dEnergy = 0.0778455
0 -0.890972 0.111786 0 0.369976 -0.1066 0 
1 0.791373 0.0524146 0 0.694762 0.212511 0 
2 0.0995985 -0.164201 0 -1.06474 -0.105911 0 
dMomentum = -4.52654e-18 5.44134e-18 0
dEnergy = 0.0777861
0 -0.870797 0.106089 0 0.436338 -0.121247 0 
1 0.82362 0.0624229 0 0.595735 0.188158 0 
2 0.0471767 -0.168512 0 -1.03207 -0.0669118 0 
dMomentum = -5.52943e-18 5.39391e-18 0
dEnergy = 0.077738
0 -0.847121 0.0995825 0 0.510088 -0.139097 0 
1 0.851304 0.0713543 0 0.511609 0.16914 0 
2 -0.00418307 -0.170937 0 -1.0217 -0.0300435 0 
dMomentum = -7.48099e-18 5.42101e-18 0
dEnergy = 0.0776903
0 -0.819512 0.0920759 0 0.593836 -0.161407 0 
1 0.875048 0.0794297 0 0.437901 0.153772 0 
2 -0.0555365 -0.171506 0 -1.03174 0.00763497 0 
dMomentum = -9.48677e-18 5.46167e-18 0
dEnergy = 0.0776324
0 -0.787375 0.0832981 0 0.691711 -0.190292 0 
1 0.895301 0.0868049 0 0.371815 0.141054 0 
2 -0.107926 -0.170103 0 -1.06353 0.0492389 0 
dMomentum = -9.45966e-18 5.63785e-18 0
dEnergy = 0.0775468
0 -0.74984 0.0728323 0 0.810836 -0.229661 0 
1 0.912394 0.0935955 0 0.311475 0.130346 0 
2 -0.162554 -0.166428 0 -1.12231 0.099315 0 
dMomentum = -9.81203e-18 5.55654e-18 0
dEnergy = 0.0773903
0 -0.705537 0.059974 0 0.965093 -0.287788 0 
1 0.926579 0.0998908 0 0.255543 0.121217 0 
2 -0.221041 -0.159865 0 -1.22064 0.166571 0 
dMomentum = -8.72783e-18 5.52943e-18 0
dEnergy = 0.0770094
0 -0.652015 0.0433345 0 1.18729 -0.386488 0 
1 0.93805 0.105762 0 0.202996 0.113358 0 
2 -0.286035 -0.149096 0 -1.39029 0.27313 0 
dMomentum = -7.26415e-18 4.98733e-18 0
dEnergy = 0.0753747
0 -0.583725 0.019256 0 1.58942 -0.614457 0 
1 0.946956 0.111266 0 0.152979 0.106522 0 
2 -0.36323 -0.130522 0 -1.7424 0.507935 0 
dMomentum = -6.72205e-18 5.20417e-18 0
dEnergy = -0.279998
0 -0.474975 -0.0419047 0 3.34128 -4.28478 0 
1 0.953402 0.116448 0 0.104625 0.100451 0 
2 -0.478427 -0.0745429 0 -3.4459 4.18433 0 
dMomentum = -5.85469e-18 1.54499e-18 0
dEnergy = 0.0806326
0 -0.595814 -0.0998767 0 -1.86999 -0.127925 0 
1 0.957441 0.121333 0 0.0566012 0.0945886 0 
2 -0.361627 -0.0214566 0 1.81339 0.0333365 0 
dMomentum = -6.50521e-18 1.484e-18 0
dEnergy = 0.0785556
0 -0.675114 -0.102243 0 -1.37053 0.00298558 0 
1 0.959049 0.12592 0 0.00744932 0.0884642 0 
2 -0.283935 -0.0236771 0 1.36308 -0.0914498 0 
dMomentum = -7.80626e-18 1.50772e-18 0
dEnergy = 0.0781255
0 -0.736894 -0.100878 0 -1.11692 0.0454741 0 
1 0.958152 0.130187 0 -0.0434926 0.0817769 0 
2 -0.221258 -0.0293091 0 1.16042 -0.127251 0 
dMomentum = -8.13152e-18 1.68729e-18 0
dEnergy = 0.0779586
0 -0.788382 -0.0980356 0 -0.948135 0.0658495 0 
1 0.954647 0.1341 0 -0.0967482 0.0742788 0 
2 -0.166265 -0.0360645 0 1.04488 -0.140128 0 
dMomentum = -8.45678e-18 1.5992e-18 0
dEnergy = 0.0778725
0 -0.832576 -0.0944221 0 -0.821537 0.0774048 0 
1 0.948404 0.137611 0 -0.152881 0.0657076 0 
2 -0.115829 -0.0431894 0 0.974418 -0.143112 0 
dMomentum = -8.78204e-18 1.56871e-18 0
dEnergy = 0.077819
0 -0.871102 -0.0903503 0 -0.719935 0.0846027 0 
1 0.939263 0.14066 0 -0.212569 0.0557495 0 
2 -0.0681615 -0.0503097 0 0.932504 -0.140352 0 
dMomentum = -8.34836e-18 1.42979e-18 0
dEnergy = 0.0777803
0 -0.904976 -0.0859844 0 -0.634767 0.0893685 0 
1 0.927025 0.143167 0 -0.276679 0.0439969 0 
2 -0.0220488 -0.0571821 0 0.911447 -0.133365 0 
dMomentum = -8.5652e-18 1.24683e-18 0
dEnergy = 0.0777479
0 -0.93489 -0.0814194 0 -0.561181 0.0926725 0 
1 0.91144 0.145028 0 -0.346375 0.0298879 0 
2 0.0234496 -0.0636086 0 0.907556 -0.12256 0 
dMomentum = -8.99888e-18 1.12486e-18 0
dEnergy = 0.0777163
0 -0.961342 -0.0767135 0 -0.496166 0.0950595 0 
1 0.892191 0.146107 0 -0.423281 0.0126032 0 
2 0.0691513 -0.0693934 0 0.919448 -0.107663 0 
dMomentum = -8.99888e-18 1.1994e-18 0
dEnergy = 0.0776807
0 -0.984709 -0.0719039 0 -0.437728 0.0968628 0 
1 0.86886 0.146215 0 -0.509777 -0.00912312 0 
2 0.115849 -0.0743112 0 0.947505 -0.0877397 0 
dMomentum = -9.1073e-18 1.24683e-18 0
dEnergy = 0.0776341
0 -1.00528 -0.0670138 0 -0.38447 0.0983007 0 
1 0.840882 0.145082 0 -0.609548 -0.0373847 0 
2 0.164402 -0.0780682 0 0.994018 -0.060916 0 
dMomentum = -9.1073e-18 1.13841e-18 0
dEnergy = 0.0775637
0 -1.0233 -0.0620576 0 -0.335373 0.099526 0 
1 0.807451 0.142295 0 -0.728742 -0.0759622 0 
2 0.215847 -0.0802379 0 1.06411 -0.0235638 0 
dMomentum = -8.23994e-18 1.16552e-18 0
dEnergy = 0.0774385
0 -1.03894 -0.0570428 0 -0.289651 0.100653 0 
1 0.76734 0.13717 0 -0.878719 -0.132569 0 
2 0.271599 -0.0801272 0 1.16837 0.0319166 0 
dMomentum = -7.37257e-18 1.24683e-18 0
dEnergy = 0.0771593
0 -1.05236 -0.0519721 0 -0.246675 0.101772 0 
1 0.718481 0.128405 0 -1.08398 -0.226188 0 
2 0.333881 -0.0764326 0 1.33065 0.124416 0 
dMomentum = -9.32414e-18 1.02999e-18 0
dEnergy = 0.0762232
0 -1.06369 -0.0468439 0 -0.205889 0.102962 0 
1 0.656712 0.112888 0 -1.41341 -0.422192 0 
2 0.406977 -0.0660445 0 1.6193 0.31923 0 
dMomentum = -6.50521e-18 6.50521e-19 0
dEnergy = 0.0648953
0 -1.07302 -0.0416529 0 -0.166728 0.10429 0 
1 0.569851 0.0774497 0 -2.21253 -1.2777 0 
2 0.503164 -0.0357968 0 2.37925 1.17341 0 
dMomentum = -8.13152e-18 1.68051e-18 0
dEnergy = 0.0856755
0 -1.0804 -0.0363925 0 -0.128415 0.105694 0 
1 0.594183 -0.0412162 0 2.26115 -0.81935 0 
2 0.486222 0.0776087 0 -2.13273 0.713656 0 
dMomentum = -8.83625e-18 2.19551e-18 0
dEnergy = 0.0790402
0 -1.08588 -0.03106 0 -0.0902064 0.107211 0 
1 0.685706 -0.0638124 0 1.53081 -0.252984 0 
2 0.400174 0.0948724 0 -1.4406 0.145774 0 
dMomentum = -8.23994e-18 2.20906e-18 0
dEnergy = 0.0782776
0 -1.08943 -0.0256471 0 -0.0514741 0.10889 0 
1 0.753667 -0.072291 0 1.21264 -0.107382 0 
2 0.335764 0.0979381 0 -1.16117 -0.00150814 0 
dMomentum = -7.5081e-18 2.1413e-18 0
dEnergy = 0.0780338
0 -1.09102 -0.0201472 0 -0.0118593 0.110675 0 
1 0.809063 -0.0757686 0 1.01131 -0.0385029 0 
2 0.281957 0.0959158 0 -0.999446 -0.0721719 0 
dMomentum = -6.9931e-18 2.20229e-18 0
dEnergy = 0.0779222
0 -1.0906 -0.0145566 0 0.028922 0.112505 0 
1 0.85586 -0.0766058 0 0.863581 0.00187842 0 
2 0.234735 0.0911624 0 -0.892503 -0.114383 0 
dMomentum = -7.67073e-18 2.18873e-18 0
dEnergy = 0.0778602
0 -1.08809 -0.00887433 0 0.0711416 0.11432 0 
1 0.896081 -0.075806 0 0.746211 0.0283063 0 
2 0.192012 0.0846804 0 -0.817352 -0.142627 0 
dMomentum = -7.34547e-18 2.43268e-18 0
dEnergy = 0.0778209
0 -1.08343 -0.00310278 0 0.115088 0.11606 0 
1 0.930941 -0.0738988 0 0.648214 0.046768 0 
2 0.152493 0.0770016 0 -0.763302 -0.162828 0 
dMomentum = -7.7656e-18 2.39541e-18 0
dEnergy = 0.0777936
0 -1.07652 0.00275261 0 0.161089 0.117655 0 
1 0.961245 -0.0712015 0 0.563582 0.0602081 0 
2 0.115278 0.0684489 0 -0.724671 -0.177863 0 
dMomentum = -8.11796e-18 2.3988e-18 0
dEnergy = 0.0777727
0 -1.06725 0.00868272 0 0.209531 0.119029 0 
1 0.987566 -0.0679211 0 0.488687 0.070255 0 
2 0.0796816 0.0592384 0 -0.698219 -0.189284 0 
dMomentum = -8.26704e-18 2.39202e-18 0
dEnergy = 0.0777554
0 -1.05547 0.0146741 0 0.260892 0.120086 0 
1 1.01033 -0.0642012 0 0.421177 0.0778881 0 
2 0.0451466 0.049527 0 -0.682069 -0.197974 0 
dMomentum = -8.18573e-18 2.43268e-18 0
dEnergy = 0.0777398
0 -1.04104 0.0207081 0 0.315771 0.120705 0 
1 1.02986 -0.0601457 0 0.359444 0.0837361 0 
2 0.0111846 0.0394376 0 -0.675214 -0.204441 0 
dMomentum = -8.67362e-18 2.37169e-18 0
dEnergy = 0.0777246
0 -1.02376 0.0267588 0 0.374948 0.120724 0 
1 1.04641 -0.0558329 0 0.30234 0.0882237 0 
2 -0.0226585 0.0290741 0 -0.677289 -0.208948 0 
dMomentum = -9.31059e-18 2.29038e-18 0
dEnergy = 0.0777082
0 -1.00338 0.0327909 0 0.439468 0.119917 0 
1 1.06021 -0.051323 0 0.249021 0.0916508 0 
2 -0.0568325 0.0185321 0 -0.688488 -0.211568 0 
dMomentum = -8.61941e-18 2.29715e-18 0
dEnergy = 0.0776892
0 -0.979602 0.0387551 0 0.510772 0.117951 0 
1 1.07141 -0.0466632 0 0.198841 0.094238 0 
2 -0.091812 0.00790813 0 -0.709613 -0.212189 0 
dMomentum = -8.76849e-18 2.1413e-18 0
dEnergy = 0.0776651
0 -0.952042 0.0445814 0 0.59094 0.114307 0 
1 1.08017 -0.0418913 0 0.151301 0.0961537 0 
2 -0.12813 -0.0026901 0 -0.742241 -0.210461 0 
dMomentum = -8.52454e-18 2.29715e-18 0
dEnergy = 0.0776317
0 -0.920182 0.0501663 0 0.683117 0.108134 0 
1 1.08661 -0.0370374 0 0.105998 0.0975319 0 
2 -0.166425 -0.0131289 0 -0.789115 -0.205666 0 
dMomentum = -7.18284e-18 2.04643e-18 0
dEnergy = 0.0775812
0 -0.883301 0.0553487 0 0.792383 0.0979076 0 
1 1.09082 -0.0321256 0 0.062603 0.0984839 0 
2 -0.20752 -0.0232231 0 -0.854986 -0.196392 0 
dMomentum = -6.39679e-18 2.18196e-18 0
dEnergy = 0.0774952
0 -0.840342 0.059859 0 0.927701 0.0806037 0 
1 1.0929 -0.0271747 0 0.0208346 0.0991068 0 
2 -0.252561 -0.0326842 0 -0.948536 -0.17971 0 
dMomentum = -6.451e-18 2.21584e-18 0
dEnergy = 0.0773227
0 -0.789606 0.0631937 0 1.10705 0.049229 0 
1 1.09293 -0.022199 0 -0.0195587 0.0994905 0 
2 -0.303321 -0.0409947 0 -1.08749 -0.148719 0 
dMomentum = -6.01732e-18 2.27005e-18 0
dEnergy = 0.0768673
0 -0.727961 0.0642315 0 1.37482 -0.0170073 0 
1 1.09096 -0.0172083 0 -0.058821 0.0997244 0 
2 -0.362997 -0.0470232 0 -1.316 -0.0827171 0 
dMomentum = -5.74627e-18 2.19551e-18 0
dEnergy = 0.0746029
0 -0.647886 0.0594217 0 1.89642 -0.222037 0 
1 1.08704 -0.0122075 0 -0.0972274 0.0999061 0 
2 -0.439158 -0.0472141 0 -1.79919 0.12213 0 
dMomentum = -8.0231e-18 1.73472e-18 0
dEnergy = 0.277394
0 -0.530423 -0.0117469 0 -2.06514 -4.73769 0 
1 1.08122 -0.00719661 0 -0.135222 0.100145 0 
2 -0.550796 0.0189435 0 2.20036 4.63754 0 
dMomentum = -7.15573e-18 7.04731e-19 0
dEnergy = 0.0802403
0 -0.631699 -0.0842622 0 -1.55702 -0.678908 0 
1 1.07348 -0.00217229 0 -0.173623 0.100463 0 
2 -0.441784 0.0864345 0 1.73065 0.578445 0 
dMomentum = -7.58942e-18 8.67362e-19 0
dEnergy = 0.0785009
0 -0.698429 -0.109535 0 -1.15639 -0.383438 0 
1 1.0638 0.00287449 0 -0.213202 0.101054 0 
2 -0.365369 0.10666 0 1.36959 0.282383 0 
dMomentum = -7.58942e-18 8.13152e-19 0
dEnergy = 0.0781038
0 -0.75027 -0.125239 0 -0.929567 -0.256945 0 
1 1.05209 0.00795858 0 -0.254526 0.101954 0 
2 -0.301818 0.11728 0 1.18409 0.154991 0 
dMomentum = -8.34836e-18 7.18284e-19 0
dEnergy = 0.0779448
0 -0.792652 -0.136111 0 -0.770312 -0.182663 0 
1 1.03825 0.0130955 0 -0.298092 0.103165 0 
2 -0.245601 0.123015 0 1.0684 0.0794983 0 
dMomentum = -8.23994e-18 8.80914e-19 0
dEnergy = 0.0778617
0 -0.828022 -0.143927 0 -0.646358 -0.132294 0 
1 1.02217 0.0183011 0 -0.344437 0.10469 0 
2 -0.194146 0.125626 0 0.990795 0.0276034 0 
dMomentum = -8.5652e-18 8.26704e-19 0
dEnergy = 0.0778099
0 -0.85776 -0.149581 0 -0.54386 -0.0951961 0 
1 1.00368 0.023591 0 -0.394205 0.106536 0 
2 -0.145918 0.12599 0 0.938065 -0.0113401 0 
dMomentum = -8.45678e-18 7.52165e-19 0
dEnergy = 0.0777726
0 -0.882744 -0.153599 0 -0.455664 -0.0663744 0 
1 0.982593 0.0289817 0 -0.448208 0.108712 0 
2 -0.0998486 0.124618 0 0.903873 -0.0423373 0 
dMomentum = -8.23994e-18 7.86047e-19 0
dEnergy = 0.0777419
0 -0.903578 -0.156322 0 -0.377614 -0.0431371 0 
1 0.958674 0.0344899 0 -0.507525 0.11123 0 
2 -0.0550958 0.121832 0 0.885138 -0.0680932 0 
dMomentum = -9.1073e-18 6.77626e-19 0
dEnergy = 0.0777127
0 -0.920699 -0.157986 0 -0.307083 -0.0238904 0 
1 0.93162 0.0401333 0 -0.573646 0.11411 0 
2 -0.0109205 0.117853 0 0.880729 -0.0902199 0 
dMomentum = -8.23994e-18 6.64074e-19 0
dEnergy = 0.0776809
0 -0.934437 -0.158764 0 -0.24231 -0.00762177 0 
1 0.901038 0.0459304 0 -0.648736 0.117372 0 
2 0.0333986 0.112833 0 0.891047 -0.10975 0 
dMomentum = -8.13152e-18 5.82759e-19 0
dEnergy = 0.0776408
0 -0.945048 -0.158786 0 -0.182055 0.00634895 0 
1 0.866404 0.0519009 0 -0.736117 0.121028 0 
2 0.0786436 0.106885 0 0.918172 -0.127377 0 
dMomentum = -8.0231e-18 5.89535e-19 0
dEnergy = 0.0775828
0 -0.952733 -0.158156 0 -0.125405 0.0185007 0 
1 0.826975 0.0580642 0 -0.84127 0.125061 0 
2 0.125758 0.100092 0 0.966675 -0.143562 0 
dMomentum = -7.48099e-18 4.26905e-19 0
dEnergy = 0.0774848
0 -0.957656 -0.156956 0 -0.0716628 0.0291869 0 
1 0.781638 0.0644366 0 -0.974191 0.129329 0 
2 0.176018 0.0925192 0 1.04585 -0.158516 0 
dMomentum = -7.91468e-18 4.98055e-19 0
dEnergy = 0.0772833
0 -0.959946 -0.155255 0 -0.0203745 0.0386649 0 
1 0.72866 0.0710043 0 -1.15558 0.13319 0 
2 0.231285 0.0842503 0 1.17595 -0.171855 0 
dMomentum = -7.80626e-18 6.36969e-19 0
dEnergy = 0.0767023
0 -0.95972 -0.153104 0 0.0290396 0.047188 0 
1 0.664363 0.0777031 0 -1.44272 0.133515 0 
2 0.295357 0.0754012 0 1.41368 -0.180703 0 
dMomentum = -6.72205e-18 5.45489e-19 0
dEnergy = 0.0726735
0 -0.957061 -0.150547 0 0.0770279 0.0549799 0 
1 0.578737 0.0839197 0 -2.10978 0.100833 0 
2 0.378324 0.0666275 0 2.03276 -0.155813 0 
dMomentum = -5.31259e-18 2.27682e-18 0
dEnergy = -0.0578567
0 -0.952026 -0.147613 0 0.124249 0.0623824 0 
1 0.532454 0.0372958 0 2.31536 -1.02366 0 
2 0.419572 0.110317 0 -2.43961 0.961282 0 
dMomentum = -6.39679e-18 2.1684e-18 0
dEnergy = -0.0704533
0 -0.944615 -0.144299 0 0.172357 0.0702843 0 
1 0.617843 0.00331765 0 1.35647 -0.503479 0 
2 0.326772 0.140981 0 -1.52883 0.433195 0 
dMomentum = -5.58364e-18 2.1413e-18 0
dEnergy = -0.0713407
0 -0.934754 -0.140567 0 0.222353 0.0791868 0 
1 0.676601 -0.0180014 0 1.0289 -0.367363 0 
2 0.258152 0.158568 0 -1.25125 0.288177 0 
dMomentum = -4.8518e-18 1.73472e-18 0
dEnergy = -0.0716051
0 -0.922332 -0.136358 0 0.274877 0.0893558 0 
1 0.722744 -0.0344137 0 0.82978 -0.295194 0 
2 0.199589 0.170772 0 -1.10466 0.205838 0 
dMomentum = -3.38813e-18 1.89735e-18 0
dEnergy = -0.0717257
0 -0.907207 -0.131604 0 0.33062 0.101082 0 
1 0.760448 -0.0479185 0 0.68504 -0.247901 0 
2 0.146759 0.179523 0 -1.01566 0.146819 0 
dMomentum = -3.2255e-18 1.97867e-18 0
dEnergy = -0.0717957
0 -0.889197 -0.126217 0 0.390425 0.114735 0 
1 0.791722 -0.0594107 0 0.569892 -0.213456 0 
2 0.0974755 0.185628 0 -0.960317 0.0987205 0 
dMomentum = -1.92446e-18 1.97867e-18 0
dEnergy = -0.0718447
0 -0.868073 -0.120088 0 0.45539 0.130825 0 
1 0.817731 -0.0693886 0 0.473133 -0.186737 0 
2 0.050342 0.189477 0 -0.928524 0.0559122 0 
dMomentum = -1.43657e-18 1.74828e-18 0
dEnergy = -0.0718857
0 -0.84354 -0.11308 0 0.527029 0.150086 0 
1 0.839231 -0.0781668 0 0.388777 -0.165141 0 
2 0.00430907 0.191247 0 -0.915806 0.0150552 0 
dMomentum = -1.5992e-18 1.97867e-18 0
dEnergy = -0.0719268
0 -0.815215 -0.105006 0 0.607535 0.173645 0 
1 0.856747 -0.0859611 0 0.313245 -0.147187 0 
2 -0.0415318 0.190968 0 -0.92078 -0.0264573 0 
dMomentum = -1.65341e-18 2.37169e-18 0
dEnergy = -0.0719757
0 -0.782575 -0.0956114 0 0.700282 0.203328 0 
1 0.870657 -0.0929291 0 0.244218 -0.131961 0 
2 -0.0880813 0.188541 0 -0.9445 -0.071367 0 
dMomentum = -1.24683e-18 2.51399e-18 0
dEnergy = -0.0720454
0 -0.744882 -0.0845159 0 0.810869 0.242364 0 
1 0.881243 -0.0991912 0 0.180094 -0.118866 0 
2 -0.136362 0.183707 0 -0.990963 -0.123497 0 
dMomentum = -4.87891e-19 2.1413e-18 0
dEnergy = -0.0721643
0 -0.701012 -0.0711122 0 0.949622 0.297137 0 
1 0.888722 -0.104843 0 0.119689 -0.107492 0 
2 -0.187709 0.175955 0 -1.06931 -0.189644 0 
dMomentum = -1.68051e-18 2.15485e-18 0
dEnergy = -0.0724211
0 -0.64908 -0.0542952 0 1.13883 0.382734 0 
1 0.893253 -0.109963 0 0.0620774 -0.0975427 0 
2 -0.244173 0.164258 0 -1.20091 -0.285191 0 
dMomentum = -1.35525e-18 2.05998e-18 0
dEnergy = -0.0732512
0 -0.585287 -0.0315716 0 1.44198 0.548081 0 
1 0.894957 -0.114616 0 0.0064581 -0.0887819 0 
2 -0.309669 0.146188 0 -1.44844 -0.459299 0 
dMomentum = -6.50521e-19 3.14419e-18 0
dEnergy = -0.0826476
0 -0.4981 0.00655371 0 2.21768 1.16331 0 
1 0.893913 -0.118856 0 -0.047974 -0.0809757 0 
2 -0.395813 0.112303 0 -2.1697 -1.08234 0 
dMomentum = -2.1684e-19 1.68051e-18 0
dEnergy = -0.064748
0 -0.527065 0.089384 0 -2.19985 0.0918531 0 
1 0.890155 -0.122721 0 -0.102423 -0.0736085 0 
2 -0.36309 0.033337 0 2.30227 -0.0182447 0 
dMomentum = -1.95156e-18 1.65341e-18 0
dEnergy = -0.0707029
0 -0.612782 0.0875742 0 -1.40059 -0.0982318 0 
1 0.883629 -0.126208 0 -0.158956 -0.065771 0 
2 -0.270847 0.0386343 0 1.55955 0.164003 0 
dMomentum = -1.51788e-18 1.46367e-18 0
dEnergy = -0.0714044
0 -0.673988 0.0816095 0 -1.07985 -0.133324 0 
1 0.874197 -0.129279 0 -0.218852 -0.0568596 0 
2 -0.200209 0.0476698 0 1.2987 0.190184 0 
dMomentum = -2.38524e-18 1.57209e-18 0
dEnergy = -0.0716378
0 -0.722685 0.074602 0 -0.880825 -0.145044 0 
1 0.861666 -0.131867 0 -0.2831 -0.0463602 0 
2 -0.138981 0.0572651 0 1.16393 0.191404 0 
dMomentum = -1.73472e-18 1.6263e-18 0
dEnergy = -0.0717522
0 -0.76294 0.0672224 0 -0.736128 -0.1494 0 
1 0.845789 -0.133878 0 -0.352876 -0.0336619 0 
2 -0.0828484 0.0666552 0 1.089 0.183062 0 
dMomentum = -1.0842e-18 1.89735e-18 0
dEnergy = -0.0718248
0 -0.796784 0.0597107 0 -0.621769 -0.150745 0 
1 0.826253 -0.135182 0 -0.429744 -0.0179304 0 
2 -0.0294685 0.0754709 0 1.05151 0.168676 0 
dMomentum = -1.95156e-18 1.92446e-18 0
dEnergy = -0.0718828
0 -0.825424 0.0521703 0 -0.526591 -0.15072 0 
1 0.802651 -0.135598 0 -0.515932 0.00208011 0 
2 0.0227725 0.0834277 0 1.04252 0.14864 0 
dMomentum = -2.38524e-18 2.1413e-18 0
dEnergy = -0.0719411
0 -0.849652 0.0446489 0 -0.444524 -0.150071 0 
1 0.77444 -0.134867 0 -0.614813 0.0283833 0 
2 0.075212 0.0902182 0 1.05934 0.121688 0 
dMomentum = -9.75782e-19 2.15485e-18 0
dEnergy = -0.072015
0 -0.870025 0.037167 0 -0.371896 -0.149193 0 
1 0.740858 -0.132594 0 -0.73187 0.064537 0 
2 0.129167 0.0954272 0 1.10377 0.0846556 0 
dMomentum = -1.51788e-18 2.1684e-18 0
dEnergy = -0.0721316
0 -0.886951 0.0297296 0 -0.306293 -0.148317 0 
1 0.700779 -0.128132 0 -0.876889 0.117598 0 
2 0.186173 0.098402 0 1.18318 0.0307187 0 
dMomentum = -1.73472e-18 2.13452e-18 0
dEnergy = -0.0723666
0 -0.900736 0.0223327 0 -0.246003 -0.1476 0 
1 0.652367 -0.120284 0 -1.06985 0.204144 0 
2 0.248369 0.0979512 0 1.31585 -0.0565446 0 
dMomentum = -4.33681e-19 2.11419e-18 0
dEnergy = -0.0730457
0 -0.911612 0.0149651 0 -0.189701 -0.147158 0 
1 0.592178 -0.106355 0 -1.36145 0.376027 0 
2 0.319434 0.0913901 0 1.55115 -0.228868 0 
dMomentum = -1.0842e-18 2.11419e-18 0
dEnergy = -0.077681
0 -0.919748 0.00761077 0 -0.136195 -0.147082 0 
1 0.51168 -0.0770151 0 -1.94372 0.943102 0 
2 0.408068 0.0694044 0 2.07991 -0.79602 0 
dMomentum = -2.1684e-19 -1.73472e-18 0
dEnergy = -0.0487772
0 -0.925249 0.000252143 0 -0.0840365 -0.147239 0 
1 0.470502 0.0486818 0 2.44235 1.97316 0 
2 0.454746 -0.0489339 0 -2.35831 -1.82592 0 
dMomentum = -1.51788e-18 -2.18196e-18 0
dEnergy = -0.0699833
0 -0.928153 -0.00711335 0 -0.0321941 -0.14744 0 
1 0.569244 0.0967811 0 1.62652 0.526973 0 
2 0.358909 -0.0896677 0 -1.59433 -0.379533 0 
dMomentum = -8.13152e-19 -2.34459e-18 0
dEnergy = -0.0712044
0 -0.928446 -0.0144981 0 0.0206201 -0.148003 0 
1 0.640618 0.115721 0 1.26591 0.273277 0 
2 0.287829 -0.101223 0 -1.28653 -0.125274 0 
dMomentum = 1.00289e-18 -2.29038e-18 0
dEnergy = -0.0715384
0 -0.926054 -0.0219185 0 0.0753632 -0.148851 0 
1 0.698048 0.126276 0 1.0459 0.160942 0 
2 0.228005 -0.104358 0 -1.12126 -0.0120915 0 
dMomentum = 1.16552e-18 -2.18196e-18 0
dEnergy = -0.0716826
0 -0.920859 -0.0293861 0 0.132838 -0.14987 0 
1 0.746191 0.132569 0 0.887367 0.0959116 0 
2 0.174668 -0.103183 0 -1.02021 0.053958 0 
dMomentum = 1.00289e-18 -2.11419e-18 0
dEnergy = -0.0717621
0 -0.912704 -0.0369063 0 0.1939 -0.150934 0 
1 0.787329 0.136224 0 0.762764 0.0529992 0 
2 0.125375 -0.0993176 0 -0.956664 0.0979345 0 
dMomentum = 1.35525e-18 -1.97867e-18 0
dEnergy = -0.0718145
0 -0.901386 -0.0444778 0 0.259581 -0.151894 0 
1 0.822809 0.138068 0 0.659498 0.0224079 0 
2 0.0785769 -0.0935904 0 -0.919078 0.129486 0 
dMomentum = 1.21973e-18 -2.19551e-18 0
dEnergy = -0.0718549
0 -0.88664 -0.0520909 0 0.331226 -0.152556 0 
1 0.853511 0.138588 0 0.570826 -0.000529609 0 
2 0.0331287 -0.0864976 0 -0.902052 0.153085 0 
dMomentum = 1.38236e-18 -2.1684e-18 0
dEnergy = -0.0718916
0 -0.868125 -0.0597239 0 0.410698 -0.152641 0 
1 0.880059 0.138098 0 0.492742 -0.0183469 0 
2 -0.0119332 -0.0783741 0 -0.903439 0.170987 0 
dMomentum = 5.69206e-19 -2.1684e-18 0
dEnergy = -0.0719309
0 -0.845387 -0.0673381 0 0.500733 -0.15171 0 
1 0.902911 0.136812 0 0.422672 -0.0325536 0 
2 -0.0575247 -0.069474 0 -0.923405 0.184263 0 
dMomentum = 6.77626e-19 -2.22261e-18 0
dEnergy = -0.0719808
0 -0.817796 -0.0748655 0 0.605621 -0.149004 0 
1 0.922423 0.134885 0 0.35887 -0.0441171 0 
2 -0.104627 -0.0600198 0 -0.964492 0.193121 0 
dMomentum = 4.60786e-19 -2.03288e-18 0
dEnergy = -0.0720554
0 -0.784447 -0.0821849 0 0.732671 -0.143056 0 
1 0.938876 0.132432 0 0.300093 -0.0536964 0 
2 -0.154429 -0.0502474 0 -1.03276 0.196752 0 
dMomentum = 1.0842e-18 -2.05998e-18 0
dEnergy = -0.0721893
0 -0.743921 -0.0890642 0 0.895847 -0.130594 0 
1 0.952495 0.12954 0 0.245415 -0.0617677 0 
2 -0.208574 -0.0404756 0 -1.14126 0.192362 0 
dMomentum = 4.33681e-19 -2.08709e-18 0
dEnergy = -0.0724971
0 -0.693737 -0.0949935 0 1.127 -0.102588 0 
1 0.963468 0.126274 0 0.194114 -0.0686992 0 
2 -0.269731 -0.0312802 0 -1.32112 0.171288 0 
dMomentum = 4.33681e-19 -1.89735e-18 0
dEnergy = -0.073621
0 -0.628535 -0.0985148 0 1.52647 -0.0220357 0 
1 0.971948 0.122683 0 0.14558 -0.0748028 0 
2 -0.343413 -0.0241682 0 -1.67205 0.0968385 0 
dMomentum = -1.51788e-18 -1.84314e-18 0
dEnergy = -0.0986313
0 -0.528332 -0.0905688 0 2.90304 0.656361 0 
1 0.978058 0.118801 0 0.0992079 -0.0803924 0 
2 -0.449726 -0.0282327 0 -3.00225 -0.575968 0 
dMomentum = 4.11997e-18 -1.68051e-18 0
dEnergy = -0.0672118
0 -0.564786 0.0118273 0 -1.88071 0.859761 0 
1 0.981882 0.114645 0 0.0539216 -0.0858644 0 
2 -0.417097 -0.126473 0 1.82678 -0.773897 0 
dMomentum = 4.33681e-18 -1.07065e-18 0
dEnergy = -0.0708544
0 -0.643028 0.042295 0 -1.33762 0.452468 0 
1 0.983442 0.110208 0 0.00848156 -0.0917133 0 
2 -0.340415 -0.152503 0 1.32914 -0.360754 0 
dMomentum = 4.44523e-18 -6.91179e-19 0
dEnergy = -0.0714253
0 -0.70272 0.0608596 0 -1.07251 0.307497 0 
1 0.982712 0.105463 0 -0.0378056 -0.098157 0 
2 -0.279992 -0.166323 0 1.11032 -0.20934 0 
dMomentum = 3.68629e-18 -7.92823e-19 0
dEnergy = -0.0716267
0 -0.751681 0.0740618 0 -0.895787 0.227125 0 
1 0.979635 0.10038 0 -0.0854372 -0.10528 0 
2 -0.227954 -0.174442 0 0.981224 -0.121846 0 
dMomentum = 3.90313e-18 -5.48877e-19 0
dEnergy = -0.0717247
0 -0.792982 0.0840106 0 -0.761776 0.174093 0 
1 0.974133 0.0949221 0 -0.134885 -0.113156 0 
2 -0.18115 -0.178933 0 0.896661 -0.0609377 0 
dMomentum = 4.01155e-18 -5.14996e-19 0
dEnergy = -0.0717823
0 -0.828257 0.0917063 0 -0.652671 0.135648 0 
1 0.966102 0.0890497 0 -0.186663 -0.12187 0 
2 -0.137846 -0.180756 0 0.839334 -0.0137784 0 
dMomentum = 3.57787e-18 -5.14996e-19 0
dEnergy = -0.0718213
0 -0.858507 0.097719 0 -0.559757 0.106099 0 
1 0.955412 0.0827184 0 -0.241376 -0.131533 0 
2 -0.096905 -0.180437 0 0.801133 0.0254335 0 
dMomentum = 3.36103e-18 -7.86047e-19 0
dEnergy = -0.0718512
0 -0.884411 0.102412 0 -0.478139 0.0824776 0 
1 0.941898 0.0758772 0 -0.299778 -0.142292 0 
2 -0.0574868 -0.178289 0 0.777917 0.0598147 0 
dMomentum = 2.71051e-18 -8.13152e-19 0
dEnergy = -0.071877
0 -0.906451 0.106034 0 -0.404801 0.0630659 0 
1 0.925351 0.0684664 0 -0.362855 -0.154354 0 
2 -0.0188997 -0.174501 0 0.767655 0.0912876 0 
dMomentum = 2.1684e-18 -7.58942e-19 0
dEnergy = -0.0719023
0 -0.924988 0.108769 0 -0.337754 0.0467936 0 
1 0.905506 0.0604141 0 -0.431947 -0.168007 0 
2 0.0194828 -0.169183 0 0.769701 0.121213 0 
dMomentum = 1.84314e-18 -8.13152e-19 0
dEnergy = -0.0719303
0 -0.940302 0.110753 0 -0.27562 0.0329549 0 
1 0.882017 0.0516308 0 -0.508966 -0.183676 0 
2 0.0582845 -0.162383 0 0.784586 0.150721 0 
dMomentum = 1.84314e-18 -1.02999e-18 0
dEnergy = -0.0719655
0 -0.95261 0.112095 0 -0.217399 0.0210629 0 
1 0.854422 0.0420006 0 -0.59679 -0.202008 0 
2 0.0981879 -0.154096 0 0.81419 0.180945 0 
dMomentum = 1.95156e-18 -1.00289e-18 0
dEnergy = -0.0720155
0 -0.962088 0.112884 0 -0.162343 0.010769 0 
1 0.822073 0.0313665 0 -0.700048 -0.224052 0 
2 0.140015 -0.144251 0 0.862391 0.213283 0 
dMomentum = 1.95156e-18 -9.75782e-19 0
dEnergy = -0.0720972
0 -0.968881 0.113193 0 -0.109869 0.00181386 0 
1 0.784016 0.0195014 0 -0.826896 -0.251645 0 
2 0.184865 -0.132695 0 0.936765 0.249831 0 
dMomentum = 1.73472e-18 -1.35525e-18 0
dEnergy = -0.0722561
0 -0.973105 0.113084 0 -0.0595089 -0.00600401 0 
1 0.738714 0.0060479 0 -0.993722 -0.288432 0 
2 0.234392 -0.119132 0 1.05323 0.294436 0 
dMomentum = 1.51788e-18 -1.30104e-18 0
dEnergy = -0.0726644
0 -0.974856 0.112608 0 -0.0108654 -0.0128522 0 
1 0.683319 -0.00963803 0 -1.24129 -0.343229 0 
2 0.291537 -0.10297 0 1.25216 0.356081 0 
dMomentum = 1.73472e-18 -1.30104e-18 0
dEnergy = -0.0746222
0 -0.97421 0.111812 0 0.0364314 -0.0188887 0 
1 0.610907 -0.0290536 0 -1.7261 -0.447788 0 
2 0.363302 -0.082758 0 1.68966 0.466676 0 
dMomentum = -1.73472e-18 3.46945e-18 0
dEnergy = 539.178
0 -0.971224 0.110729 0 0.0828355 -0.0243143 0 
1 0.39111 -0.013258 0 -21.2888 9.59386 0 
2 0.580114 -0.0974713 0 21.206 -9.56955 0 
dMomentum = 2.42861e-17 -8.67362e-19 0
dEnergy = 539.123
0 -0.9653 0.109708 0 0.176991 0.00752463 0 
1 -0.67103 0.464506 0 -21.2832 9.52024 0 
2 1.63633 -0.574213 0 21.1062 -9.52777 0 
dMomentum = 2.60209e-17 -6.07153e-18 0
dEnergy = 539.125
0 -0.955783 0.114288 0 0.177586 0.133722 0 
1 -1.73561 0.936226 0 -21.2754 9.39102 0 
2 2.6914 -1.05051 0 21.0978 -9.52474 0 
dMomentum = 2.08167e-17 -1.73472e-18 0
dEnergy = 539.124
0 -0.947284 0.121358 0 0.165116 0.145726 0 
1 -2.7989 1.40535 0 -21.2591 9.37759 0 
2 3.74618 -1.52671 0 21.094 -9.52331 0 
dMomentum = 1.38778e-17 -7.80626e-18 0
dEnergy = 539.124
0 -0.939142 0.128732 0 0.161174 0.148704 0 
1 -3.86168 1.87412 0 -21.253 9.37375 0 
2 4.80082 -2.00285 0 21.0918 -9.52246 0 
dMomentum = -2.77556e-17 -1.73472e-18 0
dEnergy = 539.124
0 -0.931132 0.136201 0 0.159431 0.149912 0 
1 -4.92424 2.34276 0 -21.2498 9.37196 0 
2 5.85538 -2.47896 0 21.0903 -9.52188 0 
dMomentum = -3.46945e-17 5.20417e-18 0
dEnergy = 539.124
0 -0.923186 0.143713 0 0.158505 0.150525 0 
1 -5.98668 2.81133 0 -21.2478 9.37093 0 
2 6.90987 -2.95504 0 21.0893 -9.52146 0 
dMomentum = -5.55112e-17 -1.73472e-18 0
dEnergy = 539.124
0 -0.915276 0.151249 0 0.157954 0.150879 0 
1 -7.04904 3.27986 0 -21.2465 9.37026 0 
2 7.96431 -3.43111 0 21.0885 -9.52114 0 
dMomentum = -3.64292e-17 -5.20417e-18 0
dEnergy = 539.124
0 -0.907388 0.158799 0 0.1576 0.151102 0 
1 -8.11134 3.74836 0 -21.2455 9.36979 0 
2 9.01872 -3.90716 0 21.0879 -9.52089 0 
dMomentum = -3.98986e-17 -6.07153e-18 0
dEnergy = 539.124
0 -0.899514 0.166358 0 0.157358 0.151251 0 
1 -9.17359 4.21684 0 -21.2448 9.36944 0 
2 10.0731 -4.3832 0 21.0875 -9.52069 0 
dMomentum = -2.60209e-17 -1.21431e-17 0
dEnergy = 539.124
0 -0.891651 0.173924 0 0.157186 0.151356 0 
1 -10.2358 4.68531 0 -21.2443 9.36917 0 
2 11.1275 -4.85923 0 21.0871 -9.52052 0 
dMomentum = -1.56125e-17 -7.80626e-18 0
dEnergy = 539.124
0 -0.883795 0.181493 0 0.157058 0.151431 0 
1 -11.298 5.15376 0 -21.2438 9.36895 0 
2 12.1818 -5.33525 0 21.0867 -9.52038 0 
dMomentum = 0 6.07153e-18 0
dEnergy = 539.124
0 -0.875944 0.189066 0 0.156962 0.151488 0 
1 -12.3602 5.6222 0 -21.2434 9.36878 0 
2 13.2361 -5.81127 0 21.0865 -9.52027 0 
dMomentum = 1.73472e-18 -2.34188e-17 0
dEnergy = 539.124
0 -0.868098 0.196642 0 0.156887 0.151532 0 
1 -13.4224 6.09064 0 -21.2431 9.36863 0 
2 14.2905 -6.28728 0 21.0862 -9.52016 0 
dMomentum = -1.04083e-17 -2.94903e-17 0
dEnergy = 539.124
0 -0.860255 0.204219 0 0.156828 0.151565 0 
1 -14.4845 6.55906 0 -21.2429 9.36851 0 
2 15.3448 -6.76328 0 21.086 -9.52008 0 
dMomentum = 1.73472e-17 -2.77556e-17 0
dEnergy = 539.124
0 -0.852415 0.211798 0 0.15678 0.151592 0 
1 -15.5467 7.02749 0 -21.2426 9.36841 0 
2 16.3991 -7.23929 0 21.0859 -9.52 0 
dMomentum = 2.42861e-17 -2.86229e-17 0
dEnergy = 539.124
0 -0.844577 0.219379 0 0.156742 0.151614 0 
1 -16.6088 7.49591 0 -21.2424 9.36832 0 
2 17.4534 -7.71528 0 21.0857 -9.51993 0 
dMomentum = 2.25514e-17 -1.56125e-17 0
dEnergy = 539.124
0 -0.836741 0.22696 0 0.156709 0.151632 0 
1 -17.6709 7.96432 0 -21.2423 9.36824 0 
2 18.5076 -8.19128 0 21.0856 -9.51987 0 
dMomentum = 3.81639e-17 -2.60209e-17 0
dEnergy = 539.124
0 -0.828906 0.234542 0 0.156682 0.151646 0 
1 -18.733 8.43273 0 -21.2421 9.36817 0 
2 19.5619 -8.66727 0 21.0854 -9.51981 0 
dMomentum = 4.85723e-17 -3.1225e-17 0
dEnergy = 539.124
0 -0.821073 0.242124 0 0.15666 0.151658 0 
1 -19.7951 8.90114 0 -21.242 9.36811 0 
2 20.6162 -9.14326 0 21.0853 -9.51976 0 
dMomentum = 5.20417e-17 -2.25514e-17 0
dEnergy = 539.124
0 -0.81324 0.249707 0 0.15664 0.151669 0 
1 -20.8572 9.36954 0 -21.2419 9.36805 0 
2 21.6704 -9.61925 0 21.0852 -9.51972 0 
dMomentum = 6.07153e-17 -2.51535e-17 0
dEnergy = 539.124
0 -0.805409 0.257291 0 0.156624 0.151677 0 
1 -21.9193 9.83794 0 -21.2417 9.368 0 
2 22.7247 -10.0952 0 21.0851 -9.51968 0 
dMomentum = 8.67362e-17 -1.30104e-17 0
dEnergy = 539.124
0 -0.797578 0.264875 0 0.156609 0.151685 0 
1 -22.9814 10.3063 0 -21.2416 9.36796 0 
2 23.779 -10.5712 0 21.085 -9.51964 0 
dMomentum = 8.32667e-17 -1.47451e-17 0
dEnergy = 539.124
0 -0.789748 0.27246 0 0.156597 0.151691 0 
1 -24.0435 10.7747 0 -21.2416 9.36792 0 
2 24.8332 -11.0472 0 21.085 -9.51961 0 
dMomentum = 7.97973e-17 -1.73472e-17 0
dEnergy = 539.124
0 -0.781918 0.280044 0 0.156586 0.151696 0 
1 -25.1055 11.2431 0 -21.2415 9.36788 0 
2 25.8875 -11.5232 0 21.0849 -9.51958 0 
dMomentum = 1.14492e-16 -2.08167e-17 0
dEnergy = 539.124
0 -0.774089 0.287629 0 0.156576 0.151701 0 
1 -26.1676 11.7115 0 -21.2414 9.36785 0 
2 26.9417 -11.9992 0 21.0848 -9.51955 0 
dMomentum = 1.26635e-16 -2.77556e-17 0
dEnergy = 539.124
0 -0.76626 0.295214 0 0.156568 0.151705 0 
1 -27.2297 12.1799 0 -21.2413 9.36781 0 
2 27.9959 -12.4751 0 21.0848 -9.51952 0 
dMomentum = 1.16226e-16 -2.51535e-17 0
dEnergy = 539.124
0 -0.758432 0.3028 0 0.15656 0.151709 0 
1 -28.2917 12.6483 0 -21.2413 9.36779 0 
2 29.0502 -12.9511 0 21.0847 -9.51949 0 
dMomentum = 1.09288e-16 -1.9082e-17 0
dEnergy = 539.124
0 -0.750604 0.310385 0 0.156553 0.151712 0 
1 -29.3538 13.1167 0 -21.2412 9.36776 0 
2 30.1044 -13.4271 0 21.0847 -9.51947 0 
dMomentum = 1.14492e-16 -1.21431e-17 0
dEnergy = 539.124
0 -0.742777 0.317971 0 0.156547 0.151715 0 
1 -30.4159 13.5851 0 -21.2412 9.36773 0 
2 31.1586 -13.9031 0 21.0846 -9.51945 0 
dMomentum = 1.31839e-16 -1.30104e-17 0
dEnergy = 539.124
0 -0.73495 0.325557 0 0.156542 0.151717 0 
1 -31.4779 14.0535 0 -21.2411 9.36771 0 
2 32.2129 -14.379 0 21.0846 -9.51943 0 
dMomentum = 1.38778e-16 -3.46945e-18 0
dEnergy = 539.124
0 -0.727123 0.333143 0 0.156537 0.15172 0 
1 -32.54 14.5219 0 -21.2411 9.36769 0 
2 33.2671 -14.855 0 21.0845 -9.51941 0 
dMomentum = 1.42247e-16 -6.93889e-18 0
dEnergy = 539.124
0 -0.719296 0.340729 0 0.156532 0.151722 0 
1 -33.602 14.9902 0 -21.241 9.36767 0 
2 34.3213 -15.331 0 21.0845 -9.51939 0 
dMomentum = 1.61329e-16 -6.93889e-18 0
dEnergy = 539.124
0 -0.71147 0.348315 0 0.156528 0.151723 0 
1 -34.6641 15.4586 0 -21.241 9.36765 0 
2 35.3755 -15.8069 0 21.0844 -9.51937 0 
dMomentum = 1.50921e-16 -5.20417e-18 0
dEnergy = 539.124
0 -0.703643 0.355901 0 0.156524 0.151725 0 
1 -35.7261 15.927 0 -21.2409 9.36763 0 
2 36.4298 -16.2829 0 21.0844 -9.51936 0 
dMomentum = 1.26635e-16 -1.64799e-17 0
dEnergy = 539.124
0 -0.695817 0.363487 0 0.156521 0.151726 0 
1 -36.7882 16.3954 0 -21.2409 9.36762 0 
2 37.484 -16.7589 0 21.0844 -9.51934 0 
dMomentum = 1.11022e-16 -2.08167e-17 0
dEnergy = 539.124
0 -0.687991 0.371074 0 0.156518 0.151727 0 
1 -37.8502 16.8638 0 -21.2409 9.3676 0 
2 38.5382 -17.2348 0 21.0843 -9.51933 0 
dMomentum = 1.12757e-16 -2.51535e-17 0
dEnergy = 539.124
0 -0.680165 0.37866 0 0.156515 0.151729 0 
1 -38.9122 17.3321 0 -21.2408 9.36759 0 
2 39.5924 -17.7108 0 21.0843 -9.51931 0 
dMomentum = 1.249e-16 -2.1684e-17 0
dEnergy = 539.124
0 -0.67234 0.386246 0 0.156512 0.15173 0 
1 -39.9743 17.8005 0 -21.2408 9.36757 0 
2 40.6466 -18.1868 0 21.0843 -9.5193 0 
dMomentum = 1.31839e-16 -2.51535e-17 0
dEnergy = 539.124
0 -0.664514 0.393833 0 0.15651 0.151731 0 
1 -41.0363 18.2689 0 -21.2408 9.36756 0 
2 41.7008 -18.6627 0 21.0842 -9.51929 0 
dMomentum = 1.2837e-16 -9.54098e-18 0
dEnergy = 539.124
0 -0.656689 0.40142 0 0.156508 0.151731 0 
1 -42.0984 18.7373 0 -21.2407 9.36755 0 
2 42.7551 -19.1387 0 21.0842 -9.51928 0 
dMomentum = 1.31839e-16 -1.82146e-17 0
dEnergy = 539.124
0 -0.648863 0.409006 0 0.156506 0.151732 0 
1 -43.1604 19.2057 0 -21.2407 9.36753 0 
2 43.8093 -19.6147 0 21.0842 -9.51927 0 
dMomentum = 1.31839e-16 -3.81639e-17 0
dEnergy = 539.124
0 -0.641038 0.416593 0 0.156504 0.151733 0 
1 -44.2224 19.674 0 -21.2407 9.36752 0 
2 44.8635 -20.0906 0 21.0842 -9.51926 0 
dMomentum = 1.2837e-16 -4.85723e-17 0
dEnergy = 539.124
0 -0.633213 0.424179 0 0.156502 0.151733 0 
1 -45.2845 20.1424 0 -21.2407 9.36751 0 
2 45.9177 -20.5666 0 21.0842 -9.51925 0 
