dMomentum = 0 0 0
dEnergy = 0
0 -1 0 0 0.405916 0.230163 0 
1 1 0 0 0.405916 0.230163 0 
2 0 0 0 -0.811831 -0.460326 0 
dMomentum = 5.69206e-19 -1.6263e-19 0
dEnergy = -2.06415e-05
0 -0.978038 0.0115153 0 0.471831 0.229181 0 
1 1.01881 0.0115179 0 0.346135 0.229394 0 
2 -0.0407752 -0.0230332 0 -0.817966 -0.458576 0 
dMomentum = 2.71051e-19 -1.6263e-19 0
dEnergy = -4.34565e-05
0 -0.952587 0.0229214 0 0.545478 0.225648 0 
1 1.03476 0.0229649 0 0.291337 0.227407 0 
2 -0.0821733 -0.0458863 0 -0.836815 -0.453055 0 
dMomentum = 4.06576e-19 -1.35525e-19 0
dEnergy = -7.12479e-05
0 -0.923207 0.0340615 0 0.629095 0.218311 0 
1 1.04807 0.0342899 0 0.240636 0.224578 0 
2 -0.124861 -0.0683514 0 -0.869731 -0.442889 0 
dMomentum = -8.13152e-20 -4.33681e-19 0
dEnergy = -0.000108453
0 -0.889322 0.0446977 0 0.725983 0.205093 0 
1 1.05892 0.0454579 0 0.193334 0.221184 0 
2 -0.169602 -0.0901557 0 -0.919317 -0.426277 0 
dMomentum = -3.52366e-19 -5.14996e-19 0
dEnergy = -0.0001633
0 -0.850148 0.0544516 0 0.841265 0.18228 0 
1 1.06748 0.0564462 0 0.148864 0.217434 0 
2 -0.217335 -0.110898 0 -0.990129 -0.399713 0 
dMomentum = -5.42101e-20 -4.60786e-19 0
dEnergy = -0.000253427
0 -0.804569 0.0626811 0 0.983426 0.142562 0 
1 1.07387 0.0672413 0 0.106743 0.213497 0 
2 -0.269306 -0.129922 0 -1.09017 -0.356059 0 
dMomentum = 1.11131e-18 -1.0842e-19 0
dEnergy = -0.000423566
0 -0.750897 0.0681871 0 1.16767 0.0695238 0 
1 1.07821 0.0778374 0 0.06653 0.209511 0 
2 -0.327309 -0.146025 0 -1.2342 -0.279035 0 
dMomentum = 3.30682e-18 -2.43945e-19 0
dEnergy = -0.000816528
0 -0.686365 0.0683782 0 1.42358 -0.0817906 0 
1 1.08056 0.0882351 0 0.0277899 0.205593 0 
2 -0.394196 -0.156613 0 -1.45137 -0.123803 0 
dMomentum = 3.52366e-18 -3.25261e-19 0
dEnergy = -0.00206387
0 -0.606141 0.0561035 0 1.80267 -0.481315 0 
1 1.081 0.0984401 0 -0.00997706 0.201828 0 
2 -0.474862 -0.154544 0 -1.7927 0.279487 0 
dMomentum = 4.49944e-18 -1.0842e-18 0
dEnergy = -0.00470622
0 -0.507984 0.00189612 0 1.85575 -2.03326 0 
1 1.07956 0.10846 0 -0.0474656 0.198184 0 
2 -0.571579 -0.110356 0 -1.80828 1.83508 0 
dMomentum = 4.22839e-18 4.33681e-19 0
dEnergy = 0.00408618
0 -0.482579 -0.126227 0 -0.61994 -2.25513 0 
1 1.07624 0.118291 0 -0.0852475 0.194181 0 
2 -0.593658 0.00793591 0 0.705187 2.06095 0 
dMomentum = 4.33681e-18 -3.25261e-19 0
dEnergy = 0.00134027
0 -0.525694 -0.214126 0 -0.948219 -1.37948 0 
1 1.07102 0.12791 0 -0.122845 0.189781 0 
2 -0.545327 0.0862165 0 1.07106 1.1897 0 
dMomentum = 4.77049e-18 2.1684e-19 0
dEnergy = 0.000608948
0 -0.57246 -0.272092 0 -0.90458 -0.978757 0 
1 1.06392 0.137308 0 -0.160464 0.185402 0 
2 -0.491464 0.134785 0 1.06504 0.793354 0 
dMomentum = 4.98733e-18 0 0
dEnergy = 0.000340423
0 -0.615809 -0.314932 0 -0.825017 -0.749587 0 
1 1.05493 0.14649 0 -0.198578 0.181191 0 
2 -0.439122 0.168442 0 1.02359 0.568396 0 
dMomentum = 5.09575e-18 2.71051e-19 0
dEnergy = 0.000211945
0 -0.655142 -0.348437 0 -0.746181 -0.597171 0 
1 1.04401 0.155466 0 -0.23763 0.177187 0 
2 -0.388864 0.192971 0 0.983811 0.419984 0 
dMomentum = 4.87891e-18 -2.1684e-19 0
dEnergy = 0.000138987
0 -0.690671 -0.375435 0 -0.673323 -0.486019 0 
1 1.03109 0.164247 0 -0.27806 0.173393 0 
2 -0.340423 0.211188 0 0.951383 0.312625 0 
dMomentum = 5.20417e-18 -4.87891e-19 0
dEnergy = 9.20589e-05
0 -0.722704 -0.39754 0 -0.606539 -0.399891 0 
1 1.01611 0.172843 0 -0.320331 0.169795 0 
2 -0.293406 0.224697 0 0.926871 0.230097 0 
dMomentum = 4.55365e-18 1.0842e-19 0
dEnergy = 5.85897e-05
0 -0.751527 -0.41577 0 -0.545006 -0.330256 0 
1 0.998952 0.181263 0 -0.36497 0.166366 0 
2 -0.247425 0.234507 0 0.909977 0.163891 0 
dMomentum = 4.55365e-18 2.71051e-19 0
dEnergy = 3.23086e-05
0 -0.777381 -0.430817 0 -0.487848 -0.272171 0 
1 0.979486 0.189515 0 -0.412609 0.163074 0 
2 -0.202105 0.241302 0 0.900456 0.109097 0 
dMomentum = 4.77049e-18 2.71051e-19 0
dEnergy = 9.5607e-06
0 -0.800464 -0.443177 0 -0.434308 -0.222555 0 
1 0.957541 0.197604 0 -0.464042 0.159875 0 
2 -0.157076 0.245573 0 0.89835 0.06268 0 
dMomentum = 4.55365e-18 1.6263e-19 0
dEnergy = -1.21991e-05
0 -0.820905 -0.453202 0 -0.383869 -0.17946 0 
1 0.932955 0.205519 0 -0.5202 0.156718 0 
2 -0.11205 0.247683 0 0.904069 0.0227421 0 
dMomentum = 3.90313e-18 0 0
dEnergy = -3.53828e-05
0 -0.838888 -0.461202 0 -0.335925 -0.141387 0 
1 0.905411 0.213275 0 -0.582611 0.153509 0 
2 -0.066523 0.247928 0 0.918536 -0.0121222 0 
dMomentum = 4.11997e-18 -1.35525e-19 0
dEnergy = -6.28877e-05
0 -0.854528 -0.467404 0 -0.290076 -0.107343 0 
1 0.874549 0.220866 0 -0.653336 0.150117 0 
2 -0.0200212 0.246537 0 0.943412 -0.0427745 0 
dMomentum = 3.90313e-18 -2.1684e-19 0
dEnergy = -9.9271e-05
0 -0.86792 -0.471988 0 -0.245996 -0.0765922 0 
1 0.83988 0.228279 0 -0.735517 0.146314 0 
2 0.0280407 0.243709 0 0.981513 -0.0697221 0 
dMomentum = 3.03577e-18 -1.35525e-19 0
dEnergy = -0.000153252
0 -0.879148 -0.475106 0 -0.203417 -0.0485755 0 
1 0.800713 0.235484 0 -0.834303 0.14167 0 
2 0.0784345 0.239622 0 1.03772 -0.0930943 0 
dMomentum = 3.14419e-18 -1.6263e-19 0
dEnergy = -0.000244826
0 -0.888279 -0.476881 0 -0.162115 -0.0228539 0 
1 0.756012 0.242417 0 -0.958982 0.135263 0 
2 0.132268 0.234464 0 1.1211 -0.112409 0 
dMomentum = 3.25261e-18 -2.1684e-19 0
dEnergy = -0.00043134
0 -0.895373 -0.477421 0 -0.121902 0.000930868 0 
1 0.704061 0.248943 0 -1.12887 0.124739 0 
2 0.191312 0.228478 0 1.25077 -0.12567 0 
dMomentum = 2.81893e-18 -3.25261e-19 0
dEnergy = -0.000949015
0 -0.900481 -0.476813 0 -0.0826145 0.0230891 0 
1 0.641559 0.254699 0 -1.39481 0.102081 0 
2 0.258922 0.222114 0 1.47743 -0.125171 0 
dMomentum = 3.25261e-18 -3.25261e-19 0
dEnergy = -0.00404273
0 -0.903644 -0.475132 0 -0.0441064 0.0439206 0 
1 0.55975 0.258249 0 -1.97961 0.0158774 0 
2 0.343894 0.216883 0 2.02372 -0.059798 0 
dMomentum = 3.79471e-18 -2.1684e-18 0
dEnergy = 0.0281123
0 -0.904898 -0.472435 0 -0.00620121 0.0638361 0 
1 0.489673 0.201428 0 2.74311 -1.3698 0 
2 0.415225 0.271006 0 -2.7369 1.30596 0 
dMomentum = 4.22839e-18 -2.54788e-18 0
dEnergy = 0.00171431
0 -0.904263 -0.468745 0 0.031515 0.0837914 0 
1 0.587608 0.16222 0 1.55474 -0.540632 0 
2 0.316655 0.306524 0 -1.58626 0.456841 0 
dMomentum = 4.01155e-18 -2.71051e-18 0
dEnergy = 0.000622437
0 -0.901741 -0.464042 0 0.0693422 0.104425 0 
1 0.655918 0.139539 0 1.21733 -0.390169 0 
2 0.245823 0.324503 0 -1.28667 0.285744 0 
dMomentum = 3.57787e-18 -2.81893e-18 0
dEnergy = 0.00032466
0 -0.897319 -0.458284 0 0.107515 0.126037 0 
1 0.711557 0.121974 0 1.02211 -0.319511 0 
2 0.185763 0.33631 0 -1.12962 0.193473 0 
dMomentum = 2.60209e-18 -2.98156e-18 0
dEnergy = 0.000196442
0 -0.890976 -0.451415 0 0.146258 0.148889 0 
1 0.759047 0.107136 0 0.884406 -0.277153 0 
2 0.131929 0.344279 0 -1.03066 0.128264 0 
dMomentum = 2.34459e-18 -2.81893e-18 0
dEnergy = 0.000126949
0 -0.882676 -0.443367 0 0.185806 0.173256 0 
1 0.800488 0.0940358 0 0.777318 -0.248595 0 
2 0.082188 0.349332 0 -0.963123 0.0753387 0 
dMomentum = 1.61275e-18 -2.6563e-18 0
dEnergy = 8.31512e-05
0 -0.872374 -0.434057 0 0.226412 0.199454 0 
1 0.837079 0.0821484 0 0.689017 -0.227971 0 
2 0.0352943 0.351908 0 -0.915429 0.0285174 0 
dMomentum = 1.65341e-18 -2.79182e-18 0
dEnergy = 5.20884e-05
0 -0.860008 -0.423382 0 0.268368 0.227869 0 
1 0.86959 0.0711569 0 0.613306 -0.212409 0 
2 -0.00958179 0.352226 0 -0.881675 -0.0154602 0 
dMomentum = 1.51788e-18 -3.03577e-18 0
dEnergy = 2.76041e-05
0 -0.845504 -0.411222 0 0.312016 0.258994 0 
1 0.898551 0.0608514 0 0.546542 -0.200317 0 
2 -0.0530469 0.35037 0 -0.858558 -0.0586766 0 
dMomentum = 1.76183e-18 -3.17129e-18 0
dEnergy = 6.22272e-06
0 -0.828767 -0.397424 0 0.357771 0.293474 0 
1 0.924348 0.0510845 0 0.486402 -0.190737 0 
2 -0.0955808 0.346339 0 -0.844174 -0.102737 0 
dMomentum = 1.6263e-18 -3.17129e-18 0
dEnergy = -1.44639e-05
0 -0.809679 -0.3818 0 0.406153 0.332186 0 
1 0.94727 0.0417471 0 0.431312 -0.183054 0 
2 -0.137591 0.340053 0 -0.837465 -0.149132 0 
dMomentum = 7.86047e-19 -2.81893e-18 0
dEnergy = -3.66222e-05
0 -0.788092 -0.36411 0 0.457832 0.376363 0 
1 0.967539 0.0327552 0 0.380145 -0.176852 0 
2 -0.179447 0.331355 0 -0.837977 -0.199511 0 
dMomentum = 1.6263e-19 -3.00866e-18 0
dEnergy = -6.28398e-05
0 -0.763821 -0.344039 0 0.513701 0.42781 0 
1 0.985331 0.0240426 0 0.332064 -0.171841 0 
2 -0.22151 0.319996 0 -0.845765 -0.255969 0 
dMomentum = -3.79471e-19 -3.14419e-18 0
dEnergy = -9.70472e-05
0 -0.736626 -0.321157 0 0.574986 0.489309 0 
1 1.00078 0.0155553 0 0.286418 -0.167809 0 
2 -0.264155 0.305602 0 -0.861404 -0.3215 0 
dMomentum = 3.65918e-19 -3.68629e-18 0
dEnergy = -0.000146415
0 -0.706197 -0.294859 0 0.643443 0.565422 0 
1 1.014 0.00724843 0 0.242681 -0.164597 0 
2 -0.307803 0.287611 0 -0.886124 -0.400825 0 
dMomentum = 3.25261e-19 -3.71339e-18 0
dEnergy = -0.000226315
0 -0.672112 -0.264231 0 0.721676 0.664305 0 
1 1.02507 -0.000915598 0 0.200409 -0.162075 0 
2 -0.352957 0.265146 0 -0.922085 -0.50223 0 
dMomentum = 2.71051e-19 -3.41524e-18 0
dEnergy = -0.000376413
0 -0.633793 -0.227774 0 0.813642 0.80241 0 
1 1.03405 -0.00896851 0 0.159206 -0.160133 0 
2 -0.400262 0.236743 0 -0.972847 -0.642277 0 
dMomentum = 7.04731e-19 -3.52366e-18 0
dEnergy = -0.000730895
0 -0.590418 -0.18269 0 0.924745 1.01975 0 
1 1.041 -0.0169365 0 0.118699 -0.158658 0 
2 -0.45058 0.199626 0 -1.04344 -0.861087 0 
dMomentum = 4.87891e-19 -4.06576e-18 0
dEnergy = -0.00203369
0 -0.541012 -0.122398 0 1.05026 1.45231 0 
1 1.04593 -0.0248397 0 0.0785156 -0.15751 0 
2 -0.504914 0.147238 0 -1.12877 -1.2948 0 
dMomentum = 6.77626e-19 -5.42101e-18 0
dEnergy = -0.0187
0 -0.491054 -0.0204929 0 0.562344 3.0961 0 
1 1.04884 -0.0326888 0 0.0382687 -0.156436 0 
2 -0.55779 0.0531818 0 -0.600613 -2.93967 0 
dMomentum = 2.1684e-18 -6.09864e-18 0
dEnergy = 0.00592767
0 -0.590741 0.0767065 0 -2.27191 0.171511 0 
1 1.04975 -0.0404772 0 -0.00203498 -0.15508 0 
2 -0.459006 -0.0362293 0 2.27394 -0.0164314 0 
dMomentum = 2.38524e-18 -6.17995e-18 0
dEnergy = 0.00125425
0 -0.682077 0.0716741 0 -1.51304 -0.236117 0 
1 1.04863 -0.0481957 0 -0.0429458 -0.153627 0 
2 -0.366549 -0.0234784 0 1.55599 0.389744 0 
dMomentum = 2.60209e-18 -5.9089e-18 0
dEnergy = 0.000538051
0 -0.748425 0.0576978 0 -1.17455 -0.306673 0 
1 1.04543 -0.0558337 0 -0.0852394 -0.151813 0 
2 -0.297 -0.00186402 0 1.25979 0.458486 0 
dMomentum = 2.92735e-18 -5.74627e-18 0
dEnergy = 0.000296121
0 -0.801594 0.0418294 0 -0.966204 -0.323797 0 
1 1.04007 -0.0633662 0 -0.1293 -0.149362 0 
2 -0.238474 0.0215368 0 1.0955 0.473159 0 
dMomentum = 1.84314e-18 -5.85469e-18 0
dEnergy = 0.000182671
0 -0.846006 0.0255715 0 -0.817696 -0.325006 0 
1 1.03246 -0.0707548 0 -0.175456 -0.146017 0 
2 -0.18645 0.0451833 0 0.993151 0.471023 0 
dMomentum = 1.95156e-18 -5.80048e-18 0
dEnergy = 0.000118353
0 -0.883903 0.00942667 0 -0.702755 -0.320179 0 
1 1.02248 -0.0779481 0 -0.224048 -0.141504 0 
2 -0.138574 0.0685214 0 0.926802 0.461683 0 
dMomentum = 1.30104e-18 -5.74627e-18 0
dEnergy = 7.66205e-05
0 -0.916621 -0.00640478 0 -0.608997 -0.312832 0 
1 1.01 -0.08488 0 -0.275467 -0.135508 0 
2 -0.0933784 0.0912848 0 0.884464 0.448341 0 
dMomentum = 2.1684e-18 -5.52943e-18 0
dEnergy = 4.63138e-05
0 -0.945034 -0.0218389 0 -0.529683 -0.30445 0 
1 0.99487 -0.091467 0 -0.330184 -0.12764 0 
2 -0.0498365 0.113306 0 0.859867 0.43209 0 
dMomentum = 1.51788e-18 -5.42101e-18 0
dEnergy = 2.18491e-05
0 -0.969754 -0.0368435 0 -0.460762 -0.295731 0 
1 0.976911 -0.0976036 0 -0.388786 -0.117398 0 
2 -0.00715632 0.134447 0 0.849548 0.413129 0 
dMomentum = 2.27682e-18 -5.25838e-18 0
dEnergy = -9.34428e-08
0 -0.991233 -0.0514115 0 -0.399619 -0.287028 0 
1 0.955908 -0.103155 0 -0.452021 -0.104111 0 
2 0.0353241 0.154567 0 0.85164 0.391139 0 
dMomentum = 1.73472e-18 -4.87891e-18 0
dEnergy = -2.19597e-05
0 -1.00981 -0.0655489 0 -0.344468 -0.27853 0 
1 0.931609 -0.107947 0 -0.520866 -0.0868361 0 
2 0.0782014 0.173496 0 0.865334 0.365366 0 
dMomentum = 8.67362e-19 -5.14996e-18 0
dEnergy = -4.61017e-05
0 -1.02575 -0.0792688 0 -0.294024 -0.270339 0 
1 0.9037 -0.111748 0 -0.596631 -0.0642066 0 
2 0.122053 0.191017 0 0.890655 0.334545 0 
dMomentum = 1.30104e-18 -4.98733e-18 0
dEnergy = -7.54786e-05
0 -1.03927 -0.0925881 0 -0.24733 -0.262511 0 
1 0.871793 -0.114242 0 -0.681114 -0.0341368 0 
2 0.167477 0.20683 0 0.928444 0.296648 0 
dMomentum = 2.38524e-18 -4.55365e-18 0
dEnergy = -0.000114702
0 -1.05053 -0.105526 0 -0.203637 -0.255077 0 
1 0.835392 -0.114979 0 -0.776859 0.00672736 0 
2 0.215139 0.220505 0 0.980495 0.24835 0 
dMomentum = 9.75782e-19 -4.49944e-18 0
dEnergy = -0.000172206
0 -1.05967 -0.118102 0 -0.162335 -0.24805 0 
1 0.793848 -0.11329 0 -0.887566 0.0641557 0 
2 0.265821 0.231392 0 1.0499 0.183894 0 
dMomentum = 1.0842e-18 -4.39102e-18 0
dEnergy = -0.000265709
0 -1.06679 -0.130337 0 -0.122902 -0.24143 0 
1 0.746284 -0.108106 0 -1.01874 0.148978 0 
2 0.320508 0.238443 0 1.14164 0.0924518 0 
dMomentum = 1.51788e-18 -4.33681e-18 0
dEnergy = -0.00043854
0 -1.07198 -0.142251 0 -0.0848617 -0.2352 0 
1 0.691487 -0.09756 0 -1.17835 0.284061 0 
2 0.380492 0.239811 0 1.26321 -0.0488609 0 
dMomentum = 1.0842e-18 -4.55365e-18 0
dEnergy = -0.000818208
0 -1.07529 -0.153862 0 -0.0477387 -0.229315 0 
1 0.627815 -0.0779472 0 -1.37431 0.526342 0 
2 0.447474 0.231809 0 1.42205 -0.297028 0 
dMomentum = 1.73472e-18 -5.20417e-18 0
dEnergy = -0.00184039
0 -1.07676 -0.165186 0 -0.0110193 -0.22366 0 
1 0.553862 -0.0403707 0 -1.57069 1.05216 0 
2 0.522894 0.205556 0 1.58171 -0.8285 0 
dMomentum = 1.95156e-18 -4.55365e-18 0
dEnergy = -0.00246437
0 -1.07638 -0.176226 0 0.0258373 -0.217932 0 
1 0.479996 0.0402088 0 -1.09472 2.30025 0 
2 0.596389 0.136018 0 1.06888 -2.08232 0 
dMomentum = 1.97867e-18 -2.92735e-18 0
dEnergy = 0.00294443
0 -1.07417 -0.186968 0 0.0628064 -0.211635 0 
1 0.47816 0.163146 0 0.836269 2.12306 0 
2 0.596005 0.0238215 0 -0.899075 -1.91142 0 
dMomentum = 1.97867e-18 -2.54788e-18 0
dEnergy = 0.00130554
0 -1.07011 -0.197384 0 0.0994028 -0.205031 0 
1 0.531504 0.244934 0 1.14826 1.2511 0 
2 0.538604 -0.0475499 0 -1.24766 -1.04607 0 
dMomentum = 2.73761e-18 -3.93023e-18 0
dEnergy = 0.000627388
0 -1.06422 -0.207471 0 0.136075 -0.198481 0 
1 0.587526 0.295668 0 1.07738 0.825518 0 
2 0.476694 -0.0881965 0 -1.21345 -0.627036 0 
dMomentum = 3.27971e-18 -4.14707e-18 0
dEnergy = 0.000355877
0 -1.05649 -0.217233 0 0.173403 -0.19201 0 
1 0.638731 0.330468 0 0.97072 0.586528 0 
2 0.417754 -0.113235 0 -1.14412 -0.394519 0 
dMomentum = 2.6563e-18 -4.01155e-18 0
dEnergy = 0.000222665
0 -1.04686 -0.226672 0 0.211879 -0.185538 0 
1 0.684694 0.355683 0 0.869654 0.432197 0 
2 0.362163 -0.129011 0 -1.08153 -0.246658 0 
dMomentum = 2.03288e-18 -3.71339e-18 0
dEnergy = 0.000146527
0 -1.03527 -0.235784 0 0.251959 -0.178949 0 
1 0.725861 0.374416 0 0.778902 0.322982 0 
2 0.309406 -0.138632 0 -1.03086 -0.144033 0 
dMomentum = 1.92446e-18 -3.87602e-18 0
dEnergy = 9.76381e-05
0 -1.02162 -0.244562 0 0.294112 -0.172097 0 
1 0.762733 0.388417 0 0.697581 0.240774 0 
2 0.25889 -0.143855 0 -0.991693 -0.0686776 0 
dMomentum = 1.02999e-18 -3.95734e-18 0
dEnergy = 6.30069e-05
0 -1.00581 -0.252986 0 0.338858 -0.164805 0 
1 0.795742 0.398777 0 0.624096 0.176132 0 
2 0.210066 -0.145791 0 -0.962954 -0.0113265 0 
dMomentum = 1.27394e-18 -3.68629e-18 0
dEnergy = 3.61007e-05
0 -0.987679 -0.26103 0 0.386814 -0.15685 0 
1 0.825242 0.406226 0 0.557014 0.123636 0 
2 0.162437 -0.145195 0 -0.943828 0.0332142 0 
dMomentum = 1.68051e-18 -3.79471e-18 0
dEnergy = 1.31304e-05
0 -0.967056 -0.268654 0 0.438747 -0.14794 0 
1 0.851524 0.411282 0 0.49519 0.0799447 0 
2 0.115531 -0.142627 0 -0.933937 0.0679949 0 
dMomentum = 1.81604e-18 -3.68629e-18 0
dEnergy = -8.53196e-06
0 -0.943716 -0.275801 0 0.49565 -0.137671 0 
1 0.874828 0.414326 0 0.437729 0.0428717 0 
2 0.0688883 -0.138525 0 -0.933379 0.0947996 0 
dMomentum = 1.46367e-18 -3.63208e-18 0
dEnergy = -3.12511e-05
0 -0.917324 -0.282401 0 0.558999 -0.125443 0 
1 0.895391 0.415652 0 0.38383 0.0108611 0 
2 0.0219328 -0.133251 0 -0.942829 0.114582 0 
dMomentum = 1.95156e-18 -3.57787e-18 0
dEnergy = -5.76951e-05
0 -0.887561 -0.288322 0 0.630584 -0.110401 0 
1 0.913335 0.415479 0 0.33306 -0.0170799 0 
2 -0.0257739 -0.127157 0 -0.963644 0.127481 0 
dMomentum = 2.49366e-18 -3.57787e-18 0
dEnergy = -9.19148e-05
0 -0.853948 -0.293391 0 0.71322 -0.0911413 0 
1 0.928804 0.413992 0 0.284981 -0.0417438 0 
2 -0.0748556 -0.120601 0 -0.998201 0.132885 0 
dMomentum = 3.44234e-18 -3.57787e-18 0
dEnergy = -0.000141264
0 -0.81583 -0.297342 0 0.811329 -0.0652417 0 
1 0.941924 0.411339 0 0.23924 -0.0637372 0 
2 -0.126094 -0.113996 0 -1.05057 0.128979 0 
dMomentum = 4.09286e-18 -3.57787e-18 0
dEnergy = -0.000221551
0 -0.772261 -0.29974 0 0.932434 -0.0280842 0 
1 0.952805 0.40764 0 0.195548 -0.0835429 0 
2 -0.180544 -0.1079 0 -1.12798 0.111627 0 
dMomentum = 5.85469e-18 -3.57787e-18 0
dEnergy = -0.000373929
0 -0.721773 -0.299803 0 1.09078 0.0304335 0 
1 0.961544 0.402996 0 0.153658 -0.101564 0 
2 -0.239771 -0.103193 0 -1.24444 0.0711301 0 
dMomentum = 3.79471e-18 -3.63208e-18 0
dEnergy = -0.000739933
0 -0.66182 -0.295899 0 1.3181 0.137712 0 
1 0.968224 0.397485 0 0.113349 -0.118159 0 
2 -0.306404 -0.101587 0 -1.43145 -0.0195531 0 
dMomentum = 1.84314e-18 -3.68629e-18 0
dEnergy = -0.00213471
0 -0.587097 -0.28354 0 1.70631 0.40441 0 
1 0.97292 0.391172 0 0.0743939 -0.133687 0 
2 -0.385823 -0.107633 0 -1.7807 -0.270723 0 
dMomentum = 1.0842e-19 -4.44523e-18 0
dEnergy = -0.0230206
0 -0.483344 -0.236845 0 2.4305 2.19409 0 
1 0.975692 0.384099 0 0.0364575 -0.148589 0 
2 -0.492348 -0.147255 0 -2.46696 -2.0455 0 
dMomentum = -1.30104e-18 -6.12574e-18 0
dEnergy = 0.00530554
0 -0.509484 -0.0989793 0 -1.67686 1.51413 0 
1 0.97657 0.376285 0 -0.00132971 -0.163268 0 
2 -0.467087 -0.277306 0 1.67819 -1.35086 0 
dMomentum = -1.95156e-18 -6.31548e-18 0
dEnergy = 0.00118785
0 -0.584464 -0.0450143 0 -1.33846 0.805339 0 
1 0.975557 0.367742 0 -0.0390338 -0.177757 0 
2 -0.391093 -0.322727 0 1.37749 -0.627583 0 
dMomentum = -3.90313e-18 -6.09864e-18 0
dEnergy = 0.000522876
0 -0.645671 -0.0114815 0 -1.12017 0.564192 0 
1 0.972655 0.358468 0 -0.0767735 -0.192501 0 
2 -0.326984 -0.346986 0 1.19694 -0.371691 0 
dMomentum = -3.90313e-18 -5.28549e-18 0
dEnergy = 0.000292749
0 -0.697739 0.0133073 0 -0.966241 0.436617 0 
1 0.967855 0.348442 0 -0.114851 -0.207803 0 
2 -0.270115 -0.36175 0 1.08109 -0.228814 0 
dMomentum = -4.11997e-18 -4.90601e-18 0
dEnergy = 0.000183162
0 -0.743046 0.0330153 0 -0.847042 0.355577 0 
1 0.961132 0.337631 0 -0.153576 -0.223901 0 
2 -0.218086 -0.370646 0 1.00062 -0.131676 0 
dMomentum = -4.11997e-18 -5.01444e-18 0
dEnergy = 0.000120363
0 -0.782953 0.0493257 0 -0.749067 0.298638 0 
1 0.952446 0.325989 0 -0.193267 -0.241028 0 
2 -0.169493 -0.375314 0 0.942333 -0.0576097 0 
dMomentum = -4.11997e-18 -5.17707e-18 0
dEnergy = 7.93617e-05
0 -0.818328 0.0631702 0 -0.665233 0.255999 0 
1 0.941741 0.313457 0 -0.234275 -0.259436 0 
2 -0.123412 -0.376627 0 0.899508 0.00343688 0 
dMomentum = -4.01155e-18 -4.8247e-18 0
dEnergy = 4.95652e-05
0 -0.849768 0.0751269 0 -0.591407 0.222643 0 
1 0.928939 0.299965 0 -0.277004 -0.279422 0 
2 -0.0791712 -0.375092 0 0.868411 0.0567789 0 
dMomentum = -4.87891e-18 -4.71628e-18 0
dEnergy = 2.56564e-05
0 -0.877703 0.0855828 0 -0.524975 0.195712 0 
1 0.913944 0.285424 0 -0.321937 -0.301356 0 
2 -0.0362405 -0.371007 0 0.846912 0.105644 0 
dMomentum = -4.55365e-18 -4.60786e-18 0
dEnergy = 4.48017e-06
0 -0.902458 0.0948124 0 -0.46418 0.17345 0 
1 0.89663 0.269726 0 -0.369677 -0.325721 0 
2 0.00582827 -0.364539 0 0.833858 0.152271 0 
dMomentum = -4.87891e-18 -4.60786e-18 0
dEnergy = -1.62705e-05
0 -0.924282 0.103019 0 -0.407784 0.154714 0 
1 0.876837 0.252733 0 -0.421011 -0.353172 0 
2 0.0474442 -0.355752 0 0.828795 0.198459 0 
dMomentum = -4.55365e-18 -4.60786e-18 0
dEnergy = -3.88007e-05
0 -0.943371 0.110359 0 -0.354873 0.138724 0 
1 0.854361 0.234269 0 -0.477003 -0.384635 0 
2 0.089009 -0.344627 0 0.831876 0.245912 0 
dMomentum = -4.22839e-18 -4.11997e-18 0
dEnergy = -6.59043e-05
0 -0.959881 0.116954 0 -0.304753 0.124928 0 
1 0.828933 0.2141 0 -0.539166 -0.421477 0 
2 0.130948 -0.331054 0 0.843919 0.296549 0 
dMomentum = -3.36103e-18 -4.22839e-18 0
dEnergy = -0.000102059
0 -0.973939 0.122905 0 -0.256878 0.112924 0 
1 0.80019 0.191908 0 -0.609767 -0.465838 0 
2 0.173749 -0.314813 0 0.866644 0.352914 0 
dMomentum = -3.25261e-18 -4.17418e-18 0
dEnergy = -0.000155895
0 -0.985646 0.128293 0 -0.210801 0.102406 0 
1 0.767626 0.167234 0 -0.692447 -0.52131 0 
2 0.218019 -0.295527 0 0.903248 0.418904 0 
dMomentum = -3.36103e-18 -4.39102e-18 0
dEnergy = -0.000247217
0 -0.995081 0.133186 0 -0.166148 0.0931382 0 
1 0.730492 0.139373 0 -0.793626 -0.594564 0 
2 0.264589 -0.272559 0 0.959773 0.501426 0 
dMomentum = -3.36103e-18 -3.90313e-18 0
dEnergy = -0.000432721
0 -1.00231 0.137642 0 -0.122587 0.0849244 0 
1 0.687577 0.107124 0 -0.926237 -0.699922 0 
2 0.31473 -0.244766 0 1.04882 0.614997 0 
dMomentum = -3.90313e-18 -3.90313e-18 0
dEnergy = -0.000944745
0 -1.00737 0.141709 0 -0.0798136 0.0775916 0 
1 0.636633 0.0680805 0 -1.12278 -0.876707 0 
2 0.37074 -0.20979 0 1.20259 0.799115 0 
dMomentum = -3.03577e-18 -2.27682e-18 0
dEnergy = -0.00395489
0 -1.01031 0.145428 0 -0.0375178 0.070959 0 
1 0.572097 0.0154385 0 -1.51221 -1.30944 0 
2 0.438212 -0.160866 0 1.54972 1.23848 0 
dMomentum = -4.77049e-18 -8.14507e-18 0
dEnergy = 0.0318947
0 -1.01113 0.148826 0 0.00466165 0.0647387 0 
1 0.553459 -0.080174 0 3.0649 0.634614 0 
2 0.457671 -0.0686521 0 -3.06957 -0.699353 0 
dMomentum = -3.63208e-18 -8.26704e-18 0
dEnergy = 0.00175425
0 -1.00983 0.151908 0 0.0473968 0.0582074 0 
1 0.654193 -0.0482125 0 1.51847 0.588982 0 
2 0.355635 -0.103696 0 -1.56587 -0.647189 0 
dMomentum = -4.36391e-18 -7.86047e-18 0
dEnergy = 0.000626954
0 -1.00636 0.154644 0 0.0911989 0.0508262 0 
1 0.71977 -0.0207904 0 1.14688 0.511782 0 
2 0.286588 -0.133853 0 -1.23807 -0.562608 0 
dMomentum = -4.58075e-18 -8.32125e-18 0
dEnergy = 0.000323977
0 -1.00066 0.156982 0 0.136313 0.0423313 0 
1 0.771698 0.00347971 0 0.941796 0.460121 0 
2 0.228965 -0.160462 0 -1.07811 -0.502452 0 
dMomentum = -3.67273e-18 -8.18573e-18 0
dEnergy = 0.000194439
0 -0.99267 0.158862 0 0.18298 0.0324864 0 
1 0.815169 0.0255295 0 0.801167 0.421856 0 
2 0.177501 -0.184391 0 -0.984146 -0.454343 0 
dMomentum = -3.78116e-18 -8.23994e-18 0
dEnergy = 0.000124479
0 -0.982293 0.160209 0 0.231471 0.0210339 0 
1 0.852513 0.0458792 0 0.694001 0.391631 0 
2 0.129781 -0.206088 0 -0.925472 -0.412665 0 
dMomentum = -4.41812e-18 -8.76849e-18 0
dEnergy = 8.03896e-05
0 -0.969435 0.160936 0 0.282106 0.00766613 0 
1 0.885033 0.0648565 0 0.607043 0.366729 0 
2 0.084403 -0.225793 0 -0.889149 -0.374395 0 
dMomentum = -4.33681e-18 -9.01243e-18 0
dEnergy = 4.89813e-05
0 -0.953979 0.160937 0 0.335276 -0.00800466 0 
1 0.913553 0.0826859 0 0.533469 0.345603 0 
2 0.0404264 -0.243623 0 -0.868745 -0.337599 0 
dMomentum = -4.66207e-18 -9.21572e-18 0
dEnergy = 2.39789e-05
0 -0.935785 0.160085 0 0.391466 -0.0264863 0 
1 0.938636 0.0995308 0 0.469324 0.327296 0 
2 -0.0028509 -0.259616 0 -0.86079 -0.30081 0 
dMomentum = -4.60786e-18 -9.21572e-18 0
dEnergy = 1.80308e-06
0 -0.914688 0.158223 0 0.451292 -0.0484662 0 
1 0.960688 0.115516 0 0.412113 0.311175 0 
2 -0.0460005 -0.273739 0 -0.863405 -0.262708 0 
dMomentum = -4.90601e-18 -9.16151e-18 0
dEnergy = -2.00863e-05
0 -0.890485 0.155152 0 0.515552 -0.0749052 0 
1 0.980012 0.130738 0 0.360159 0.296798 0 
2 -0.0895263 -0.285891 0 -0.875711 -0.221893 0 
dMomentum = -5.44812e-18 -9.16151e-18 0
dEnergy = -4.40604e-05
0 -0.862931 0.150617 0 0.585303 -0.107196 0 
1 0.996839 0.145277 0 0.31227 0.283849 0 
2 -0.133908 -0.295895 0 -0.897573 -0.176654 0 
dMomentum = -5.52943e-18 -9.18861e-18 0
dEnergy = -7.3055e-05
0 -0.831715 0.144276 0 0.66198 -0.147441 0 
1 1.01135 0.159198 0 0.267564 0.272088 0 
2 -0.179634 -0.303474 0 -0.929544 -0.124647 0 
dMomentum = -6.69495e-18 -9.24282e-18 0
dEnergy = -0.000111636
0 -0.796444 0.135652 0 0.747584 -0.198987 0 
1 1.02369 0.172556 0 0.225355 0.261327 0 
2 -0.227242 -0.308208 0 -0.972939 -0.0623392 0 
dMomentum = -6.97955e-18 -9.1344e-18 0
dEnergy = -0.000168222
0 -0.756602 0.12405 0 0.844985 -0.26752 0 
1 1.03396 0.185396 0 0.185086 0.251411 0 
2 -0.277356 -0.309446 0 -1.03007 0.0161092 0 
dMomentum = -6.17995e-18 -9.32414e-18 0
dEnergy = -0.000260849
0 -0.7115 0.108384 0 0.958362 -0.363578 0 
1 1.04225 0.197758 0 0.146283 0.242203 0 
2 -0.330752 -0.306142 0 -1.10464 0.121375 0 
dMomentum = -7.80626e-18 -9.1073e-18 0
dEnergy = -0.000435272
0 -0.660198 0.0867946 0 1.09355 -0.50922 0 
1 1.04863 0.209674 0 0.108519 0.23357 0 
2 -0.388432 -0.296468 0 -1.20207 0.275649 0 
dMomentum = -5.42101e-18 -8.89046e-18 0
dEnergy = -0.000837444
0 -0.601457 0.0556446 0 1.25532 -0.759567 0 
1 1.05313 0.221168 0 0.071382 0.225356 0 
2 -0.451675 -0.276813 0 -1.3267 0.534211 0 
dMomentum = -6.34258e-18 -1.04083e-17 0
dEnergy = -0.00210246
0 -0.534435 0.0061374 0 1.40473 -1.29467 0 
1 1.05578 0.232257 0 0.0344602 0.217341 0 
2 -0.521346 -0.238395 0 -1.43919 1.07733 0 
dMomentum = -7.10152e-18 -1.12757e-17 0
dEnergy = -0.00416665
0 -0.472109 -0.0891344 0 0.675332 -2.67496 0 
1 1.05658 0.242942 0 -0.00258397 0.209141 0 
2 -0.58447 -0.153808 0 -0.672748 2.46582 0 
dMomentum = -7.15573e-18 -9.97466e-18 0
dEnergy = 0.00385102
0 -0.507547 -0.213205 0 -1.52298 -1.71103 0 
1 1.05552 0.253203 0 -0.0394259 0.200441 0 
2 -0.547976 -0.0399981 0 1.56241 1.51059 0 
dMomentum = -7.80626e-18 -1.04083e-17 0
dEnergy = 0.00130475
0 -0.583593 -0.271655 0 -1.43417 -0.793682 0 
1 1.05263 0.263025 0 -0.0760631 0.191701 0 
2 -0.469036 0.00862939 0 1.51024 0.601982 0 
dMomentum = -8.0231e-18 -1.10589e-17 0
dEnergy = 0.000597679
0 -0.649998 -0.301577 0 -1.22312 -0.446255 0 
1 1.04789 0.27241 0 -0.113314 0.182928 0 
2 -0.397889 0.0291674 0 1.33643 0.263328 0 
dMomentum = -8.0231e-18 -1.11673e-17 0
dEnergy = 0.00033454
0 -0.706861 -0.319047 0 -1.05399 -0.26798 0 
1 1.04125 0.281349 0 -0.151732 0.173897 0 
2 -0.33439 0.0376978 0 1.20572 0.0940825 0 
dMomentum = -7.48099e-18 -1.11402e-17 0
dEnergy = 0.000208227
0 -0.756163 -0.329543 0 -0.919128 -0.158997 0 
1 1.03265 0.289825 0 -0.191729 0.164366 0 
2 -0.27649 0.0397177 0 1.11086 -0.00536866 0 
dMomentum = -7.80626e-18 -1.11673e-17 0
dEnergy = 0.000136602
0 -0.799339 -0.335546 0 -0.807976 -0.0850767 0 
1 1.022 0.297805 0 -0.23368 0.154076 0 
2 -0.222664 0.0377406 0 1.04166 -0.068999 0 
dMomentum = -6.61363e-18 -1.1086e-17 0
dEnergy = 9.0723e-05
0 -0.83739 -0.338396 0 -0.713571 -0.0314245 0 
1 1.00919 0.305245 0 -0.277975 0.142739 0 
2 -0.171804 0.033151 0 0.991546 -0.111314 0 
dMomentum = -6.50521e-18 -1.11131e-17 0
dEnergy = 5.82016e-05
0 -0.871035 -0.338902 0 -0.631449 0.00940818 0 
1 0.994099 0.312083 0 -0.325051 0.130013 0 
2 -0.123065 0.0268189 0 0.9565 -0.139421 0 
dMomentum = -6.39679e-18 -1.11944e-17 0
dEnergy = 3.28602e-05
0 -0.900809 -0.337593 0 -0.558655 0.0415954 0 
1 0.976565 0.318241 0 -0.375428 0.115475 0 
2 -0.0757557 0.0193524 0 0.934082 -0.157071 0 
dMomentum = -6.83047e-18 -1.11402e-17 0
dEnergy = 1.11327e-05
0 -0.927127 -0.334833 0 -0.493154 0.0676709 0 
1 0.956411 0.323613 0 -0.429745 0.0985758 0 
2 -0.0292839 0.01122 0 0.922899 -0.166247 0 
dMomentum = -6.28837e-18 -1.1086e-17 0
dEnergy = -9.43775e-06
0 -0.950314 -0.330885 0 -0.433494 0.0892714 0 
1 0.933419 0.328065 0 -0.488823 0.0785754 0 
2 0.0168949 0.00282003 0 0.922317 -0.167847 0 
dMomentum = -6.93889e-18 -1.11944e-17 0
dEnergy = -3.09853e-05
0 -0.970637 -0.325942 0 -0.378607 0.10751 0 
1 0.907327 0.331415 0 -0.553736 0.0544352 0 
2 0.0633095 -0.00547315 0 0.932344 -0.161945 0 
dMomentum = -7.80626e-18 -1.10318e-17 0
dEnergy = -5.59229e-05
0 -0.988311 -0.320153 0 -0.32768 0.123179 0 
1 0.877807 0.333422 0 -0.62595 0.0246312 0 
2 0.110505 -0.0132689 0 0.95363 -0.14781 0 
dMomentum = -6.93889e-18 -1.1086e-17 0
dEnergy = -8.77048e-05
0 -1.00352 -0.313631 0 -0.280077 0.136863 0 
1 0.844443 0.333747 0 -0.707519 -0.013191 0 
2 0.159077 -0.0201156 0 0.987596 -0.123672 0 
dMomentum = -7.37257e-18 -1.10318e-17 0
dEnergy = -0.000132259
0 -1.01642 -0.306464 0 -0.235285 0.149015 0 
1 0.806699 0.331899 0 -0.801449 -0.0629017 0 
2 0.209719 -0.0254353 0 1.03673 -0.086113 0 
dMomentum = -8.0231e-18 -1.12215e-17 0
dEnergy = -0.000201392
0 -1.02713 -0.298718 0 -0.192872 0.159996 0 
1 0.763847 0.327128 0 -0.91232 -0.131387 0 
2 0.263285 -0.0284097 0 1.10519 -0.0286088 0 
dMomentum = -7.37257e-18 -1.12757e-17 0
dEnergy = -0.000322493
0 -1.03577 -0.290445 0 -0.152459 0.170113 0 
1 0.71487 0.318193 0 -1.04743 -0.232278 0 
2 0.320903 -0.0277474 0 1.19989 0.0621648 0 
dMomentum = -8.0231e-18 -1.13841e-17 0
dEnergy = -0.000572798
0 -1.04243 -0.281682 0 -0.11368 0.179638 0 
1 0.65828 0.302801 0 -1.21854 -0.396973 0 
2 0.384151 -0.0211194 0 1.33222 0.217334 0 
dMomentum = -8.67362e-18 -1.12215e-17 0
dEnergy = -0.00124068
0 -1.04718 -0.27245 0 -0.0761416 0.18883 0 
1 0.591904 0.275912 0 -1.43936 -0.71677 0 
2 0.455276 -0.00346205 0 1.5155 0.527939 0 
dMomentum = -8.67362e-18 -1.14925e-17 0
dEnergy = -0.00376894
0 -1.05007 -0.262761 0 -0.0393192 0.19794 0 
1 0.514395 0.222671 0 -1.60151 -1.56895 0 
2 0.535674 0.0400901 0 1.64083 1.37101 0 
dMomentum = -9.08019e-18 -1.14925e-17 0
dEnergy = 0.0041179
0 -1.05111 -0.252615 0 -0.00238224 0.20704 0 
1 0.46949 0.101561 0 0.510665 -2.79782 0 
2 0.581624 0.151054 0 -0.508283 2.59078 0 
dMomentum = -8.34836e-18 -1.25767e-17 0
dEnergy = 0.00227032
0 -1.0503 -0.242024 0 0.0348123 0.215668 0 
1 0.529769 0.00188072 0 1.40355 -1.34418 0 
2 0.52053 0.240143 0 -1.43836 1.12851 0 
dMomentum = -8.07731e-18 -1.26852e-17 0
dEnergy = 0.000871838
0 -1.04762 -0.231008 0 0.0718898 0.224086 0 
1 0.596785 -0.0493391 0 1.25522 -0.786625 0 
2 0.450839 0.280347 0 -1.32711 0.562539 0 
dMomentum = -8.91756e-18 -1.2631e-17 0
dEnergy = 0.000446477
0 -1.04309 -0.219566 0 0.109161 0.232693 0 
1 0.655477 -0.0816627 0 1.09249 -0.531024 0 
2 0.387612 0.301229 0 -1.20165 0.29833 0 
dMomentum = -1.00831e-17 -1.27936e-17 0
dEnergy = 0.000265673
0 -1.03667 -0.207684 0 0.14703 0.241725 0 
1 0.706706 -0.104274 0 0.957156 -0.383427 0 
2 0.329966 0.311958 0 -1.10419 0.141702 0 
dMomentum = -1.00966e-17 -1.28749e-17 0
dEnergy = 0.000170699
0 -1.02834 -0.195335 0 0.185901 0.251347 0 
1 0.751741 -0.120897 0 0.844006 -0.286334 0 
2 0.276595 0.316232 0 -1.02991 0.0349873 0 
dMomentum = -9.52743e-18 -1.32002e-17 0
dEnergy = 0.000113067
0 -1.01802 -0.182486 0 0.226198 0.261706 0 
1 0.791533 -0.133416 0 0.746971 -0.217093 0 
2 0.226485 0.315902 0 -0.973169 -0.0446135 0 
dMomentum = -9.62229e-18 -1.32002e-17 0
dEnergy = 7.39518e-05
0 -1.00564 -0.169096 0 0.268389 0.272954 0 
1 0.826776 -0.142927 0 0.66177 -0.164971 0 
2 0.17886 0.312023 0 -0.930159 -0.107983 0 
dMomentum = -9.78492e-18 -1.28749e-17 0
dEnergy = 4.46499e-05
0 -0.99108 -0.155117 0 0.313023 0.285262 0 
1 0.857983 -0.15013 0 0.585491 -0.12421 0 
2 0.133097 0.305247 0 -0.898513 -0.161052 0 
dMomentum = -9.86624e-18 -1.27394e-17 0
dEnergy = 2.04788e-05
0 -0.974214 -0.14049 0 0.360776 0.29884 0 
1 0.885549 -0.155502 0 0.516109 -0.0914331 0 
2 0.0886645 0.295992 0 -0.876885 -0.207407 0 
dMomentum = -9.78492e-18 -1.27936e-17 0
dEnergy = -1.55259e-06
0 -0.954859 -0.125146 0 0.412521 0.313959 0 
1 0.909781 -0.159386 0 0.45218 -0.0645221 0 
2 0.0450775 0.284532 0 -0.864701 -0.249437 0 
dMomentum = -9.62229e-18 -1.25767e-17 0
dEnergy = -2.3846e-05
0 -0.932788 -0.108998 0 0.46943 0.33098 0 
1 0.930925 -0.162039 0 0.392641 -0.042078 0 
2 0.00186306 0.271037 0 -0.862071 -0.288902 0 
dMomentum = -9.54098e-18 -1.24141e-17 0
dEnergy = -4.89091e-05
0 -0.907756 -0.091975 0 0.533021 0.350366 0 
1 0.949145 -0.163656 0 0.336801 -0.0231716 0 
2 -0.0413885 0.255631 0 -0.869822 -0.327195 0 
dMomentum = -8.99888e-18 -1.22379e-17 0
dEnergy = -8.03672e-05
0 -0.879326 -0.0739076 0 0.605845 0.372883 0 
1 0.964649 -0.164401 0 0.283922 -0.0070693 0 
2 -0.0853229 0.238309 0 -0.889767 -0.365814 0 
dMomentum = -9.32414e-18 -1.26174e-17 0
dEnergy = -0.000124494
0 -0.846947 -0.0546136 0 0.691774 0.39966 0 
1 0.977573 -0.1644 0 0.233518 0.00673371 0 
2 -0.130626 0.219014 0 -0.925292 -0.406393 0 
dMomentum = -9.43256e-18 -1.29291e-17 0
dEnergy = -0.000194478
0 -0.809812 -0.0338374 0 0.797481 0.432562 0 
1 0.98803 -0.163758 0 0.185198 0.0186221 0 
2 -0.178218 0.197596 0 -0.982679 -0.451184 0 
dMomentum = -9.83913e-18 -1.31595e-17 0
dEnergy = -0.000324041
0 -0.766649 -0.0111967 0 0.93593 0.474989 0 
1 0.996117 -0.162563 0 0.138642 0.0289001 0 
2 -0.229469 0.17376 0 -1.07457 -0.503889 0 
dMomentum = -9.62229e-18 -1.33899e-17 0
dEnergy = -0.000627271
0 -0.715179 0.0139395 0 1.13743 0.534107 0 
1 1.00191 -0.16089 0 0.0935758 0.037821 0 
2 -0.286736 0.14695 0 -1.231 -0.571928 0 
dMomentum = -9.16151e-18 -1.34848e-17 0
dEnergy = -0.00175952
0 -0.65032 0.0427983 0 1.50201 0.629144 0 
1 1.00549 -0.158799 0 0.0497566 0.0456153 0 
2 -0.355171 0.116001 0 -1.55177 -0.674759 0 
dMomentum = -1.01915e-17 -1.36067e-17 0
dEnergy = -0.0339284
0 -0.550766 0.0784979 0 3.04573 0.808412 0 
1 1.0069 -0.156342 0 0.00694014 0.0525375 0 
2 -0.456137 0.0778443 0 -3.05267 -0.86095 0 
dMomentum = -9.97466e-18 -1.22515e-17 0
dEnergy = 0.00374514
0 -0.577942 -0.00864728 0 -1.52504 -1.24831 0 
1 1.00619 -0.153551 0 -0.035361 0.05915 0 
2 -0.428248 0.162198 0 1.5604 1.18916 0 
dMomentum = -9.1073e-18 -1.24683e-17 0
dEnergy = 0.00092002
0 -0.642641 -0.0592552 0 -1.12577 -0.852799 0 
1 1.00336 -0.150418 0 -0.077819 0.0662356 0 
2 -0.360719 0.209674 0 1.20359 0.786563 0 
dMomentum = -8.45678e-18 -1.26852e-17 0
dEnergy = 0.000425104
0 -0.693534 -0.0973319 0 -0.926487 -0.687407 0 
1 0.998395 -0.146914 0 -0.120779 0.0740719 0 
2 -0.304862 0.244246 0 1.04727 0.613335 0 
dMomentum = -6.61363e-18 -1.22515e-17 0
dEnergy = 0.000243987
0 -0.736329 -0.129038 0 -0.792706 -0.587837 0 
1 0.991264 -0.142995 0 -0.164532 0.0828399 0 
2 -0.254935 0.272032 0 0.957238 0.504997 0 
dMomentum = -6.83047e-18 -1.20889e-17 0
dEnergy = 0.000154345
0 -0.773317 -0.156596 0 -0.690967 -0.518187 0 
1 0.98192 -0.13861 0 -0.209372 0.0927164 0 
2 -0.208602 0.295206 0 0.900338 0.425471 0 
dMomentum = -6.61363e-18 -1.24683e-17 0
dEnergy = 0.000101319
0 -0.805726 -0.181125 0 -0.60802 -0.465227 0 
1 0.970299 -0.1337 0 -0.255614 0.103902 0 
2 -0.164573 0.314825 0 0.863635 0.361325 0 
dMomentum = -7.48099e-18 -1.26852e-17 0
dEnergy = 6.56254e-05
0 -0.834314 -0.203287 0 -0.537318 -0.422751 0 
1 0.956324 -0.128193 0 -0.30362 0.116642 0 
2 -0.12201 0.33148 0 0.840939 0.306109 0 
dMomentum = -7.80626e-18 -1.2631e-17 0
dEnergy = 3.88306e-05
0 -0.859593 -0.223514 0 -0.475153 -0.387395 0 
1 0.939896 -0.122004 0 -0.353818 0.131251 0 
2 -0.0803027 0.345518 0 0.828971 0.256145 0 
dMomentum = -8.13152e-18 -1.26852e-17 0
dEnergy = 1.65491e-05
0 -0.881927 -0.242108 0 -0.419221 -0.357149 0 
1 0.920892 -0.115028 0 -0.40673 0.148143 0 
2 -0.0389647 0.357137 0 0.825951 0.209006 0 
dMomentum = -7.80626e-18 -1.26852e-17 0
dEnergy = -3.95399e-06
0 -0.901588 -0.25929 0 -0.367988 -0.330722 0 
1 0.899161 -0.10714 0 -0.463018 0.167888 0 
2 0.00242673 0.36643 0 0.831006 0.162834 0 
dMomentum = -7.26415e-18 -1.24683e-17 0
dEnergy = -2.48262e-05
0 -0.918781 -0.275227 0 -0.320375 -0.30724 0 
1 0.874514 -0.0981769 0 -0.523547 0.191283 0 
2 0.0442675 0.373404 0 0.843921 0.115957 0 
dMomentum = -6.17995e-18 -1.2902e-17 0
dEnergy = -4.82923e-05
0 -0.933668 -0.29005 0 -0.275586 -0.286081 0 
1 0.84671 -0.0879292 0 -0.58948 0.219495 0 
2 0.0869574 0.377979 0 0.865066 0.0665861 0 
dMomentum = -6.72205e-18 -1.32002e-17 0
dEnergy = -7.73548e-05
0 -0.946372 -0.303864 0 -0.23301 -0.266784 0 
1 0.815442 -0.0761149 0 -0.662451 0.254304 0 
2 0.13093 0.379979 0 0.895461 0.0124805 0 
dMomentum = -6.93889e-18 -1.36067e-17 0
dEnergy = -0.000116999
0 -0.956993 -0.316752 0 -0.192157 -0.248997 0 
1 0.780301 -0.0623381 0 -0.744855 0.298583 0 
2 0.176692 0.37909 0 0.937012 -0.0495865 0 
dMomentum = -6.83047e-18 -1.35254e-17 0
dEnergy = -0.000176975
0 -0.965606 -0.328782 0 -0.152621 -0.232432 0 
1 0.74073 -0.0460127 0 -0.840408 0.357321 0 
2 0.224876 0.374795 0 0.99303 -0.124889 0 
dMomentum = -6.28837e-18 -1.32002e-17 0
dEnergy = -0.000279731
0 -0.972267 -0.34001 0 -0.114046 -0.216846 0 
1 0.69593 -0.0262039 0 -0.955297 0.440098 0 
2 0.276337 0.366214 0 1.06934 -0.223252 0 
dMomentum = -5.20417e-18 -1.31731e-17 0
dEnergy = -0.000488985
0 -0.977017 -0.350478 0 -0.0761084 -0.202015 0 
1 0.644683 -0.00125302 0 -1.10079 0.56826 0 
2 0.332335 0.351731 0 1.17689 -0.366245 0 
dMomentum = -4.11997e-18 -1.2631e-17 0
dEnergy = -0.00105686
0 -0.97988 -0.360219 0 -0.0384973 -0.187702 0 
1 0.584961 0.0323323 0 -1.29941 0.802364 0 
2 0.394919 0.327886 0 1.3379 -0.614662 0 
dMomentum = -4.77049e-18 -1.20346e-17 0
dEnergy = -0.00393898
0 -0.980864 -0.369251 0 -0.000911074 -0.173614 0 
1 0.513236 0.0847855 0 -1.58083 1.42028 0 
2 0.467628 0.284465 0 1.58174 -1.24667 0 
dMomentum = -3.52366e-18 -1.25767e-17 0
dEnergy = 0.0178932
0 -0.979965 -0.377575 0 0.0367995 -0.159309 0 
1 0.463033 0.213468 0 1.62774 3.3035 0 
2 0.516932 0.164107 0 -1.66454 -3.14419 0 
dMomentum = -3.68629e-18 -1.30917e-17 0
dEnergy = 0.00273536
0 -0.977183 -0.385177 0 0.0744786 -0.144774 0 
1 0.565733 0.283762 0 1.79058 0.578347 0 
2 0.41145 0.101415 0 -1.86506 -0.433574 0 
dMomentum = -3.08998e-18 -1.30646e-17 0
dEnergy = 0.000864337
0 -0.972497 -0.392043 0 0.11305 -0.129778 0 
1 0.643616 0.301608 0 1.37117 0.210083 0 
2 0.328882 0.0904346 0 -1.48422 -0.0803053 0 
dMomentum = -2.27682e-18 -1.30646e-17 0
dEnergy = 0.000420604
0 -0.965851 -0.398137 0 0.152956 -0.113846 0 
1 0.705643 0.308226 0 1.12806 0.0719334 0 
2 0.260208 0.0899112 0 -1.28102 0.0419122 0 
dMomentum = -1.76183e-18 -1.30104e-17 0
dEnergy = 0.000244678
0 -0.957171 -0.403404 0 0.194451 -0.0966022 0 
1 0.757635 0.309831 0 0.960686 -0.00111336 0 
2 0.199537 0.0935725 0 -1.15514 0.0977156 0 
dMomentum = -8.67362e-19 -1.30104e-17 0
dEnergy = 0.000154776
0 -0.946372 -0.407768 0 0.237769 -0.0776841 0 
1 0.802361 0.308557 0 0.83372 -0.0466523 0 
2 0.144011 0.0992112 0 -1.07149 0.124336 0 
dMomentum = -7.31836e-19 -1.30104e-17 0
dEnergy = 0.000100783
0 -0.933355 -0.411136 0 0.283159 -0.0566915 0 
1 0.841403 0.305396 0 0.731468 -0.0779807 0 
2 0.091952 0.10574 0 -1.01463 0.134672 0 
dMomentum = -1.35525e-18 -1.31188e-17 0
dEnergy = 6.4102e-05
0 -0.918012 -0.413393 0 0.330912 -0.0331525 0 
1 0.875772 0.300893 0 0.64573 -0.101025 0 
2 0.0422398 0.1125 0 -0.976642 0.134178 0 
dMomentum = -1.13841e-18 -1.30104e-17 0
dEnergy = 3.63191e-05
0 -0.900214 -0.414396 0 0.381376 -0.0064802 0 
1 0.906163 0.295378 0 0.571726 -0.118843 0 
2 -0.00594886 0.119019 0 -0.953102 0.125323 0 
dMomentum = -1.70762e-18 -1.30104e-17 0
dEnergy = 1.29352e-05
0 -0.879817 -0.413973 0 0.434983 0.0240854 0 
1 0.933082 0.289064 0 0.506436 -0.13318 0 
2 -0.0532657 0.124909 0 -0.94142 0.109095 0 
dMomentum = -1.51788e-18 -1.29562e-17 0
dEnergy = -8.94561e-06
0 -0.856649 -0.411903 0 0.492272 0.0595648 0 
1 0.956912 0.282098 0 0.447835 -0.145115 0 
2 -0.100263 0.129805 0 -0.940108 0.0855499 0 
dMomentum = -1.38236e-18 -1.29562e-17 0
dEnergy = -3.16869e-05
0 -0.830511 -0.407907 0 0.553928 0.10138 0 
1 0.977948 0.27458 0 0.394493 -0.155353 0 
2 -0.147437 0.133327 0 -0.94842 0.053973 0 
dMomentum = -1.97867e-18 -1.30375e-17 0
dEnergy = -5.78309e-05
0 -0.801163 -0.401621 0 0.620826 0.151591 0 
1 0.996426 0.266582 0 0.345354 -0.164384 0 
2 -0.195263 0.135039 0 -0.96618 0.0127934 0 
dMomentum = -2.08709e-18 -1.30646e-17 0
dEnergy = -9.08918e-05
0 -0.768315 -0.392552 0 0.694089 0.213321 0 
1 1.01253 0.258155 0 0.299613 -0.172563 0 
2 -0.24422 0.134397 0 -0.993702 -0.0407588 0 
dMomentum = -2.90024e-18 -1.31188e-17 0
dEnergy = -0.000136736
0 -0.731617 -0.380008 0 0.775125 0.291578 0 
1 1.02643 0.249334 0 0.256622 -0.180156 0 
2 -0.294812 0.130674 0 -1.03175 -0.111422 0 
dMomentum = -3.25261e-18 -1.32815e-17 0
dEnergy = -0.000206699
0 -0.690638 -0.36297 0 0.865548 0.394956 0 
1 1.03823 0.240145 0 0.215841 -0.187375 0 
2 -0.347592 0.122825 0 -1.08139 -0.207581 0 
dMomentum = -2.98156e-18 -1.33357e-17 0
dEnergy = -0.000325932
0 -0.644875 -0.339821 0 0.966485 0.53961 0 
1 1.04804 0.2306 0 0.176787 -0.194394 0 
2 -0.403162 0.109222 0 -1.14327 -0.345216 0 
dMomentum = -2.60209e-18 -1.25767e-17 0
dEnergy = -0.000559852
0 -0.593846 -0.307756 0 1.07482 0.759762 0 
1 1.05593 0.220706 0 0.138998 -0.201354 0 
2 -0.46208 0.0870508 0 -1.21381 -0.558408 0 
dMomentum = -2.35814e-18 -1.32002e-17 0
dEnergy = -0.00111153
0 -0.537692 -0.261222 0 1.16069 1.13996 0 
1 1.06195 0.210463 0 0.10198 -0.208364 0 
2 -0.524254 0.0507591 0 -1.26267 -0.931596 0 
dMomentum = -2.79182e-18 -1.43115e-17 0
dEnergy = -0.00248975
0 -0.481466 -0.187431 0 0.990331 1.90117 0 
1 1.06612 0.199867 0 0.0651479 -0.215446 0 
2 -0.584657 -0.0124364 0 -1.05548 -1.68573 0 
dMomentum = -2.71051e-18 -1.63715e-17 0
dEnergy = 0.00100102
0 -0.464508 -0.0696035 0 -0.631879 2.5031 0 
1 1.06845 0.18892 0 0.0279307 -0.222329 0 
2 -0.603942 -0.119317 0 0.603948 -2.28077 0 
dMomentum = -3.25261e-18 -1.51246e-17 0
dEnergy = 0.00208962
0 -0.527702 0.0250725 0 -1.52342 1.29379 0 
1 1.06891 0.177645 0 -0.00936024 -0.228588 0 
2 -0.541209 -0.202717 0 1.53278 -1.0652 0 
dMomentum = -2.81893e-18 -1.55041e-17 0
dEnergy = 0.000931321
0 -0.601443 0.0716667 0 -1.39229 0.662711 0 
1 1.06751 0.166065 0 -0.0464239 -0.234617 0 
2 -0.466071 -0.237731 0 1.43871 -0.428094 0 
dMomentum = -4.33681e-18 -1.5748e-17 0
dEnergy = 0.0004884
0 -0.666267 0.0967998 0 -1.20446 0.375268 0 
1 1.06426 0.15418 0 -0.0837235 -0.240815 0 
2 -0.397994 -0.250979 0 1.28819 -0.134453 0 
dMomentum = -4.01155e-18 -1.58565e-17 0
dEnergy = 0.000291603
0 -0.722368 0.111261 0 -1.04496 0.217153 0 
1 1.05913 0.141977 0 -0.121783 -0.247356 0 
2 -0.336758 -0.253237 0 1.16674 0.0302035 0 
dMomentum = -4.66207e-18 -1.57209e-17 0
dEnergy = 0.000187449
0 -0.771199 0.119473 0 -0.912464 0.118481 0 
1 1.05206 0.129436 0 -0.161092 -0.25432 0 
2 -0.280859 -0.248909 0 1.07356 0.13584 0 
dMomentum = -3.79471e-18 -1.57209e-17 0
dEnergy = 0.000124519
0 -0.813939 0.123625 0 -0.800227 0.0517252 0 
1 1.04298 0.116536 0 -0.202136 -0.261754 0 
2 -0.229045 -0.240161 0 1.00236 0.210029 0 
dMomentum = -3.90313e-18 -1.56125e-17 0
dEnergy = 8.22283e-05
0 -0.851461 0.124955 0 -0.703004 0.00406636 0 
1 1.0318 0.103252 0 -0.245443 -0.269687 0 
2 -0.180342 -0.228207 0 0.948447 0.26562 0 
dMomentum = -3.57787e-18 -1.56667e-17 0
dEnergy = 5.0977e-05
0 -0.884419 0.124232 0 -0.617139 -0.0312368 0 
1 1.01839 0.0895579 0 -0.291624 -0.278136 0 
2 -0.133968 -0.21379 0 0.908763 0.309373 0 
dMomentum = -2.71051e-18 -1.5233e-17 0
dEnergy = 2.56184e-05
0 -0.913313 0.121969 0 -0.540081 -0.0580634 0 
1 1.00258 0.0754284 0 -0.341424 -0.287112 0 
2 -0.0892624 -0.197397 0 0.881505 0.345175 0 
dMomentum = -3.25261e-18 -1.52873e-17 0
dEnergy = 2.92467e-06
0 -0.938536 0.118524 0 -0.470015 -0.0788054 0 
1 0.984164 0.060837 0 -0.395796 -0.29661 0 
2 -0.0456278 -0.179361 0 0.86581 0.375415 0 
dMomentum = -3.25261e-18 -1.52873e-17 0
dEnergy = -1.96034e-05
0 -0.960402 0.114162 0 -0.405614 -0.0950217 0 
1 0.962893 0.0457582 0 -0.456013 -0.306599 0 
2 -0.00249097 -0.15992 0 0.861628 0.401621 0 
dMomentum = -3.90313e-18 -1.4962e-17 0
dEnergy = -4.45015e-05
0 -0.979169 0.109078 0 -0.345889 -0.107777 0 
1 0.938429 0.0301692 0 -0.523853 -0.316997 0 
2 0.0407395 -0.139248 0 0.869742 0.424774 0 
dMomentum = -3.79471e-18 -1.4962e-17 0
dEnergy = -7.5159e-05
0 -0.99505 0.103428 0 -0.290082 -0.117826 0 
1 0.910331 0.0140537 0 -0.601918 -0.327613 0 
2 0.0847196 -0.117482 0 0.892 0.445439 0 
dMomentum = -3.03577e-18 -1.4962e-17 0
dEnergy = -0.000117248
0 -1.00823 0.0973305 0 -0.2376 -0.125731 0 
1 0.877993 -0.00258977 0 -0.694254 -0.338013 0 
2 0.130234 -0.0947407 0 0.931854 0.463744 0 
dMomentum = -2.71051e-18 -1.47994e-17 0
dEnergy = -0.000182132
0 -1.01885 0.0908825 0 -0.187971 -0.13192 0 
1 0.840547 -0.0197288 0 -0.807635 -0.347184 0 
2 0.178306 -0.0711537 0 0.995605 0.479104 0 
dMomentum = -1.6263e-18 -1.49078e-17 0
dEnergy = -0.000297046
0 -1.02706 0.0841607 0 -0.140805 -0.136741 0 
1 0.796663 -0.0372475 0 -0.954615 -0.352535 0 
2 0.230397 -0.0469132 0 1.09542 0.489276 0 
dMomentum = -1.95156e-18 -1.4203e-17 0
dEnergy = -0.000544632
0 -1.03296 0.0772259 0 -0.0957669 -0.14049 0 
1 0.744078 -0.0547981 0 -1.16224 -0.34629 0 
2 0.288886 -0.0224277 0 1.25801 0.486781 0 
dMomentum = -3.03577e-18 -1.45283e-17 0
dEnergy = -0.00129716
0 -1.03666 0.0701246 0 -0.0525423 -0.143446 0 
1 0.678245 -0.0712103 0 -1.50521 -0.296804 0 
2 0.358418 0.00108571 0 1.55775 0.44025 0 
dMomentum = -2.81893e-18 -1.4203e-17 0
dEnergy = -0.00681169
0 -1.03824 0.0628892 0 -0.0107715 -0.145909 0 
1 0.586335 -0.0802539 0 -2.32559 0.0677309 0 
2 0.451904 0.0173647 0 2.33636 0.0781781 0 
dMomentum = -1.78893e-18 -1.27936e-17 0
dEnergy = 0.0169454
0 -1.03775 0.0555356 0 0.0302982 -0.148202 0 
1 0.493675 0.0211935 0 0.886516 2.84951 0 
2 0.544074 -0.0767292 0 -0.916814 -2.70131 0 
dMomentum = -1.27394e-18 -1.44199e-17 0
dEnergy = 0.00183793
0 -1.03521 0.0480738 0 0.0712414 -0.150255 0 
1 0.547827 0.11592 0 1.06148 1.38063 0 
2 0.48738 -0.163994 0 -1.13272 -1.23038 0 
dMomentum = -2.22261e-18 -1.40404e-17 0
dEnergy = 0.000682061
0 -1.03062 0.0405074 0 0.112129 -0.152446 0 
1 0.597237 0.173821 0 0.9192 0.989792 0 
2 0.433384 -0.214329 0 -1.03133 -0.837347 0 
dMomentum = -1.81604e-18 -1.42573e-17 0
dEnergy = 0.000356688
0 -1.02398 0.0328226 0 0.153339 -0.155018 0 
1 0.640226 0.217854 0 0.804956 0.789158 0 
2 0.383759 -0.250677 0 -0.958295 -0.63414 0 
dMomentum = -1.42302e-18 -1.35796e-17 0
dEnergy = 0.000216308
0 -1.01527 0.0249965 0 0.195234 -0.158121 0 
1 0.678083 0.253881 0 0.712431 0.66011 0 
2 0.337189 -0.278877 0 -0.907664 -0.50199 0 
dMomentum = -1.63986e-18 -1.32273e-17 0
dEnergy = 0.000140636
0 -1.00444 0.0169993 0 0.238177 -0.161879 0 
1 0.7117 0.284443 0 0.634393 0.566975 0 
2 0.292739 -0.301442 0 -0.87257 -0.405096 0 
dMomentum = -8.67362e-19 -1.30917e-17 0
dEnergy = 9.34181e-05
0 -0.991425 0.00879508 0 0.282555 -0.166424 0 
1 0.741681 0.310917 0 0.566396 0.494874 0 
2 0.249744 -0.319712 0 -0.848951 -0.32845 0 
dMomentum = -1.40946e-18 -1.29833e-17 0
dEnergy = 6.04188e-05
0 -0.976148 0.000340831 0 0.328805 -0.171906 0 
1 0.768454 0.334148 0 0.505665 0.436356 0 
2 0.207694 -0.334489 0 -0.83447 -0.26445 0 
dMomentum = -1.68051e-18 -1.3146e-17 0
dEnergy = 3.49227e-05
0 -0.9585 -0.00841494 0 0.377444 -0.178518 0 
1 0.792332 0.354703 0 0.450378 0.387222 0 
2 0.166168 -0.346288 0 -0.827822 -0.208704 0 
dMomentum = -2.6563e-18 -1.30104e-17 0
dEnergy = 1.32084e-05
0 -0.938348 -0.0175347 0 0.429111 -0.186513 0 
1 0.813556 0.372979 0 0.399276 0.344898 0 
2 0.124792 -0.355444 0 -0.828387 -0.158385 0 
dMomentum = -2.71051e-18 -1.31188e-17 0
dEnergy = -7.20684e-06
0 -0.91552 -0.0270959 0 0.484627 -0.196238 0 
1 0.832309 0.389274 0 0.351454 0.307704 0 
2 0.0832105 -0.362178 0 -0.83608 -0.111465 0 
dMomentum = -1.43657e-18 -1.27665e-17 0
dEnergy = -2.84336e-05
0 -0.889797 -0.0371966 0 0.545091 -0.20819 0 
1 0.84874 0.403812 0 0.306232 0.274486 0 
2 0.0410577 -0.366615 0 -0.851323 -0.066296 0 
dMomentum = -1.19262e-18 -1.27394e-17 0
dEnergy = -5.28484e-05
0 -0.860897 -0.0479654 0 0.612039 -0.223105 0 
1 0.862963 0.416772 0 0.263086 0.244422 0 
2 -0.00206594 -0.368806 0 -0.875125 -0.0213178 0 
dMomentum = -2.57498e-19 -1.28749e-17 0
dEnergy = -8.39068e-05
0 -0.828441 -0.0595769 0 0.687726 -0.242128 0 
1 0.875072 0.428294 0 0.221596 0.216902 0 
2 -0.0466302 -0.368717 0 -0.909322 0.0252259 0 
dMomentum = -4.60786e-19 -1.27394e-17 0
dEnergy = -0.000127742
0 -0.791913 -0.0722799 0 0.775671 -0.267165 0 
1 0.88514 0.438494 0 0.181416 0.19146 0 
2 -0.0932271 -0.366214 0 -0.957086 0.0757059 0 
dMomentum = -1.65341e-18 -1.28478e-17 0
dEnergy = -0.000197252
0 -0.750564 -0.0864522 0 0.881824 -0.301656 0 
1 0.893226 0.447466 0 0.14225 0.167724 0 
2 -0.142662 -0.361013 0 -1.02407 0.133933 0 
dMomentum = -2.54788e-18 -1.28478e-17 0
dEnergy = -0.000325173
0 -0.703234 -0.10272 0 1.01743 -0.352623 0 
1 0.899374 0.455287 0 0.103837 0.145388 0 
2 -0.196139 -0.352567 0 -1.12127 0.207234 0 
dMomentum = -2.57498e-18 -1.26852e-17 0
dEnergy = -0.000620499
0 -0.647914 -0.122268 0 1.20772 -0.437412 0 
1 0.903615 0.462021 0 0.0659368 0.124183 0 
2 -0.2557 -0.339753 0 -1.27365 0.313228 0 
dMomentum = -3.90313e-18 -1.24141e-17 0
dEnergy = -0.0016853
0 -0.580353 -0.147953 0 1.52971 -0.617204 0 
1 0.905968 0.467718 0 0.0283155 0.103846 0 
2 -0.325615 -0.319765 0 -1.55802 0.513358 0 
dMomentum = -4.98733e-18 -1.19262e-17 0
dEnergy = -0.0233433
0 -0.485691 -0.193046 0 2.53789 -1.54813 0 
1 0.906443 0.472413 0 -0.00926728 0.0840652 0 
2 -0.420752 -0.279367 0 -2.52862 1.46406 0 
dMomentum = -6.07153e-18 -1.07878e-17 0
dEnergy = 0.00468259
0 -0.550262 -0.270694 0 -2.05232 -0.106985 0 
1 0.905035 0.476122 0 -0.0470559 0.0642653 0 
2 -0.354772 -0.205428 0 2.09937 0.0427201 0 
dMomentum = -5.85469e-18 -1.08149e-17 0
dEnergy = 0.00101996
0 -0.634251 -0.270859 0 -1.42396 0.0548656 0 
1 0.901722 0.478823 0 -0.0854887 0.0435944 0 
2 -0.267471 -0.207964 0 1.50945 -0.09846 0 
dMomentum = -6.28837e-18 -1.07607e-17 0
dEnergy = 0.000454017
0 -0.697845 -0.266859 0 -1.14624 0.0985312 0 
1 0.896468 0.480458 0 -0.124755 0.0215968 0 
2 -0.198623 -0.213599 0 1.27099 -0.120128 0 
dMomentum = -7.26415e-18 -1.07607e-17 0
dEnergy = 0.000255479
0 -0.750494 -0.261363 0 -0.970779 0.119212 0 
1 0.889227 0.480953 0 -0.164986 -0.00204007 0 
2 -0.138733 -0.21959 0 1.13576 -0.117172 0 
dMomentum = -6.61363e-18 -1.07607e-17 0
dEnergy = 0.000159482
0 -0.795685 -0.255069 0 -0.842844 0.131674 0 
1 0.879947 0.480219 0 -0.206325 -0.0276311 0 
2 -0.0842619 -0.22515 0 1.04917 -0.104043 0 
dMomentum = -7.15573e-18 -1.07607e-17 0
dEnergy = 0.000103542
0 -0.835212 -0.248256 0 -0.741937 0.140359 0 
1 0.868569 0.478148 0 -0.248941 -0.0555343 0 
2 -0.0333569 -0.229892 0 0.990878 -0.0848243 0 
dMomentum = -7.15573e-18 -1.06794e-17 0
dEnergy = 6.62367e-05
0 -0.870155 -0.241065 0 -0.658285 0.147057 0 
1 0.855024 0.474616 0 -0.293035 -0.0861837 0 
2 0.0151309 -0.233552 0 0.95132 -0.0608731 0 
dMomentum = -7.15573e-18 -1.0842e-17 0
dEnergy = 3.83485e-05
0 -0.901229 -0.233569 0 -0.586502 0.152629 0 
1 0.839232 0.469472 0 -0.338848 -0.120128 0 
2 0.0619971 -0.235903 0 0.925349 -0.0325014 0 
dMomentum = -7.69784e-18 -1.07607e-17 0
dEnergy = 1.51348e-05
0 -0.928941 -0.225812 0 -0.523313 0.157542 0 
1 0.821101 0.462533 0 -0.386671 -0.158082 0 
2 0.10784 -0.236721 0 0.909984 0.000539779 0 
dMomentum = -7.37257e-18 -1.07607e-17 0
dEnergy = -6.34566e-06
0 -0.953662 -0.21782 0 -0.466578 0.162073 0 
1 0.800521 0.453577 0 -0.43686 -0.201007 0 
2 0.153141 -0.235757 0 0.903438 0.0389341 0 
dMomentum = -7.15573e-18 -1.07336e-17 0
dEnergy = -2.84022e-05
0 -0.975676 -0.209608 0 -0.414817 0.1664 0 
1 0.777363 0.442323 0 -0.489847 -0.250235 0 
2 0.198313 -0.232716 0 0.904663 0.0838352 0 
dMomentum = -7.26415e-18 -1.10589e-17 0
dEnergy = -5.34325e-05
0 -0.995203 -0.201181 0 -0.366955 0.170644 0 
1 0.751476 0.428412 0 -0.54615 -0.307676 0 
2 0.243728 -0.227231 0 0.913105 0.137032 0 
dMomentum = -6.07153e-18 -1.10589e-17 0
dEnergy = -8.46679e-05
0 -1.01242 -0.192543 0 -0.322177 0.174893 0 
1 0.722677 0.411366 0 -0.606383 -0.376186 0 
2 0.289741 -0.218823 0 0.92856 0.201293 0 
dMomentum = -6.07153e-18 -1.14925e-17 0
dEnergy = -0.000127421
0 -1.02746 -0.18369 0 -0.279836 0.179213 0 
1 0.690755 0.390528 0 -0.671203 -0.46026 0 
2 0.336703 -0.206838 0 0.951038 0.281048 0 
dMomentum = -6.50521e-18 -1.19804e-17 0
dEnergy = -0.000191874
0 -1.04043 -0.174619 0 -0.239396 0.183654 0 
1 0.655465 0.364948 0 -0.741099 -0.567457 0 
2 0.384964 -0.190329 0 0.980495 0.383803 0 
dMomentum = -7.48099e-18 -1.21431e-17 0
dEnergy = -0.00030057
0 -1.05142 -0.165322 0 -0.200386 0.188252 0 
1 0.616559 0.333161 0 -0.815555 -0.711619 0 
2 0.434857 -0.167839 0 1.01594 0.523367 0 
dMomentum = -6.39679e-18 -1.30104e-17 0
dEnergy = -0.00051279
0 -1.06048 -0.15579 0 -0.162365 0.193027 0 
1 0.573901 0.292696 0 -0.889514 -0.921266 0 
2 0.486579 -0.136906 0 1.05188 0.728239 0 
dMomentum = -5.09575e-18 -1.2902e-17 0
dEnergy = -0.00102421
0 -1.06766 -0.146016 0 -0.124886 0.19796 0 
1 0.528022 0.238826 0 -0.935146 -1.26538 0 
2 0.539637 -0.0928102 0 1.06003 1.06742 0 
dMomentum = -5.52943e-18 -1.47451e-17 0
dEnergy = -0.0026186
0 -1.07297 -0.135993 0 -0.087476 0.202948 0 
1 0.483526 0.160788 0 -0.764459 -1.93778 0 
2 0.589441 -0.0247948 0 0.851935 1.73483 0 
dMomentum = -5.28549e-18 -1.51788e-17 0
dEnergy = -0.000212928
0 -1.0764 -0.125725 0 -0.0497764 0.207647 0 
1 0.477329 0.0404518 0 0.974513 -2.58528 0 
2 0.599068 0.0852734 0 -0.924737 2.37763 0 
dMomentum = -4.98733e-18 -1.48536e-17 0
dEnergy = 0.00270022
0 -1.07794 -0.115238 0 -0.0122339 0.211786 0 
1 0.562426 -0.0447646 0 1.87095 -0.901092 0 
2 0.515518 0.160003 0 -1.85871 0.689307 0 
dMomentum = -5.04154e-18 -1.50162e-17 0
dEnergy = 0.00104557
0 -1.07762 -0.104546 0 0.0252342 0.215903 0 
1 0.64744 -0.0708476 0 1.52719 -0.265044 0 
2 0.430178 0.175394 0 -1.55242 0.0491418 0 
dMomentum = -4.2826e-18 -1.52601e-17 0
dEnergy = 0.000517744
0 -1.07541 -0.093644 0 0.0633755 0.220214 0 
1 0.716523 -0.0775216 0 1.25204 -0.0343868 0 
2 0.358883 0.171166 0 -1.31541 -0.185827 0 
dMomentum = -4.2826e-18 -1.55176e-17 0
dEnergy = 0.000300925
0 -1.07126 -0.0825216 0 0.102767 0.224696 0 
1 0.773862 -0.0762085 0 1.05161 0.0748715 0 
2 0.297394 0.15873 0 -1.15438 -0.299568 0 
dMomentum = -5.39391e-18 -1.60733e-17 0
dEnergy = 0.000190824
0 -1.0651 -0.0711724 0 0.143888 0.229269 0 
1 0.822432 -0.070828 0 0.897564 0.134759 0 
2 0.242664 0.142 0 -1.04145 -0.364029 0 
dMomentum = -4.22839e-18 -1.60868e-17 0
dEnergy = 0.000126033
0 -1.05683 -0.0595945 0 0.187204 0.233824 0 
1 0.864097 -0.063127 0 0.773332 0.170284 0 
2 0.192729 0.122722 0 -0.960536 -0.404108 0 
dMomentum = -3.18484e-18 -1.62359e-17 0
dEnergy = 8.33393e-05
0 -1.04633 -0.0477921 0 0.233212 0.238223 0 
1 0.900091 -0.054021 0 0.669441 0.19219 0 
2 0.146235 0.101813 0 -0.902653 -0.430413 0 
dMomentum = -4.09286e-18 -1.63172e-17 0
dEnergy = 5.23132e-05
0 -1.03345 -0.0357772 0 0.282486 0.242291 0 
1 0.931274 -0.0440432 0 0.580155 0.205807 0 
2 0.102172 0.0798204 0 -0.862641 -0.448098 0 
dMomentum = -3.95734e-18 -1.60055e-17 0
dEnergy = 2.75366e-05
0 -1.01801 -0.0235719 0 0.335718 0.245799 0 
1 0.958279 -0.0335279 0 0.501791 0.214062 0 
2 0.0597271 0.0570998 0 -0.837509 -0.459861 0 
dMomentum = -3.82181e-18 -1.5355e-17 0
dEnergy = 5.73814e-06
0 -0.999788 -0.0112116 0 0.393785 0.248431 0 
1 0.981586 -0.0226963 0 0.431864 0.218696 0 
2 0.0182021 0.0339079 0 -0.825648 -0.467127 0 
dMomentum = -3.87602e-18 -1.53144e-17 0
dEnergy = -1.5475e-05
0 -0.978522 0.00124944 0 0.457828 0.249739 0 
1 1.00157 -0.0116999 0 0.368625 0.220806 0 
2 -0.0230478 0.0104504 0 -0.826453 -0.470544 0 
dMomentum = -3.7676e-18 -1.54228e-17 0
dEnergy = -3.83446e-05
0 -0.953873 0.0137293 0 0.529397 0.24905 0 
1 1.01853 -0.000645371 0 0.310798 0.221124 0 
2 -0.064659 -0.0130839 0 -0.840196 -0.470173 0 
dMomentum = -4.01155e-18 -1.53957e-17 0
dEnergy = -6.5607e-05
0 -0.925414 0.0261037 0 0.610671 0.24531 0 
1 1.03272 0.0103911 0 0.257421 0.22016 0 
2 -0.107305 -0.0364949 0 -0.868092 -0.46547 0 
dMomentum = -5.04154e-18 -1.53415e-17 0
dEnergy = -0.000101436
0 -0.892583 0.0381803 0 0.704851 0.236767 0 
1 1.04433 0.0213553 0 0.207742 0.218284 0 
2 -0.151748 -0.0595356 0 -0.912593 -0.455052 0 
dMomentum = -5.44812e-18 -1.54228e-17 0
dEnergy = -0.000153384
0 -0.854622 0.0496485 0 0.816893 0.220291 0 
1 1.05354 0.0322089 0 0.161156 0.21578 0 
2 -0.198917 -0.0818574 0 -0.978049 -0.436071 0 
dMomentum = -5.31259e-18 -1.56396e-17 0
dEnergy = -0.000237305
0 -0.810451 0.0599762 0 0.954991 0.189746 0 
1 1.06049 0.0429263 0 0.117154 0.212869 0 
2 -0.250034 -0.102902 0 -1.07214 -0.402615 0 
dMomentum = -5.85469e-18 -1.60055e-17 0
dEnergy = -0.000392473
0 -0.758435 0.0681669 0 1.13384 0.131469 0 
1 1.06529 0.0534918 0 0.0752805 0.209737 0 
2 -0.30685 -0.121659 0 -1.20912 -0.341206 0 
dMomentum = -5.69206e-18 -1.60733e-17 0
dEnergy = -0.000740425
0 -0.695898 0.0720778 0 1.38251 0.00867058 0 
1 1.06804 0.0638986 0 0.035095 0.206543 0 
2 -0.372139 -0.135976 0 -1.4176 -0.215214 0 
dMomentum = -5.74627e-18 -1.5992e-17 0
dEnergy = -0.00180129
0 -0.618027 0.0659064 0 1.75954 -0.313555 0 
1 1.06881 0.074147 0 -0.00389638 0.203423 0 
2 -0.450785 -0.140053 0 -1.75564 0.110132 0 
dMomentum = -3.25261e-18 -1.6263e-17 0
dEnergy = -0.0052958
0 -0.518875 0.0259984 0 2.08621 -1.60541 0 
1 1.06765 0.0842429 0 -0.0423794 0.200434 0 
2 -0.548777 -0.110241 0 -2.04383 1.40498 0 
dMomentum = -2.60209e-18 -1.75641e-17 0
dEnergy = 0.0048091
0 -0.471868 -0.0977287 0 -0.372551 -2.45329 0 
1 1.06456 0.0941861 0 -0.0811515 0.197191 0 
2 -0.592695 0.00354263 0 0.453702 2.2561 0 
dMomentum = -3.14419e-18 -1.87567e-17 0
dEnergy = 0.00152826
0 -0.508797 -0.193339 0 -0.885465 -1.49971 0 
1 1.05954 0.103953 0 -0.119823 0.193444 0 
2 -0.550739 0.0893857 0 1.00529 1.30626 0 
dMomentum = -3.46945e-18 -1.96241e-17 0
dEnergy = 0.000665876
0 -0.553182 -0.256233 0 -0.869862 -1.06573 0 
1 1.05258 0.113529 0 -0.15841 0.189642 0 
2 -0.499397 0.142703 0 1.02827 0.876088 0 
dMomentum = -5.63785e-18 -1.97325e-17 0
dEnergy = 0.00036487
0 -0.594995 -0.302936 0 -0.800509 -0.822223 0 
1 1.04368 0.122919 0 -0.19736 0.186 0 
2 -0.44869 0.180016 0 0.997869 0.636224 0 
dMomentum = -5.42101e-18 -1.92446e-17 0
dEnergy = 0.00022497
0 -0.633178 -0.339789 0 -0.727395 -0.661791 0 
1 1.03283 0.132133 0 -0.237119 0.182599 0 
2 -0.399647 0.207656 0 0.964514 0.479192 0 
dMomentum = -5.31259e-18 -1.87567e-17 0
dEnergy = 0.000146977
0 -0.6678 -0.369823 0 -0.658457 -0.545311 0 
1 1.01995 0.141184 0 -0.278127 0.179476 0 
2 -0.352149 0.22864 0 0.936585 0.365835 0 
dMomentum = -6.50521e-18 -1.89193e-17 0
dEnergy = 9.74607e-05
0 -0.699103 -0.394745 0 -0.594645 -0.455212 0 
1 1.00498 0.150085 0 -0.320851 0.176649 0 
2 -0.305877 0.24466 0 0.915496 0.278563 0 
dMomentum = -7.37257e-18 -1.87567e-17 0
dEnergy = 6.25098e-05
0 -0.727336 -0.415622 0 -0.535494 -0.382374 0 
1 0.987821 0.158853 0 -0.365814 0.174131 0 
2 -0.260486 0.256769 0 0.901308 0.208244 0 
dMomentum = -7.91468e-18 -1.88109e-17 0
dEnergy = 3.53122e-05
0 -0.752713 -0.433175 0 -0.480307 -0.321558 0 
1 0.968346 0.167503 0 -0.413644 0.171933 0 
2 -0.215633 0.265672 0 0.893951 0.149624 0 
dMomentum = -8.5652e-18 -1.88651e-17 0
dEnergy = 1.19701e-05
0 -0.775416 -0.447918 0 -0.428431 -0.269517 0 
1 0.946391 0.176052 0 -0.465123 0.170074 0 
2 -0.170975 0.271866 0 0.893554 0.0994436 0 
dMomentum = -8.34836e-18 -1.89193e-17 0
dEnergy = -1.02205e-05
0 -0.795597 -0.460232 0 -0.379309 -0.224125 0 
1 0.921751 0.184517 0 -0.521281 0.168577 0 
2 -0.126154 0.275716 0 0.900589 0.055548 0 
dMomentum = -9.54098e-18 -1.89735e-17 0
dEnergy = -3.36869e-05
0 -0.813381 -0.470412 0 -0.332481 -0.183918 0 
1 0.894156 0.192916 0 -0.583526 0.167479 0 
2 -0.0807758 0.277496 0 0.916008 0.0164399 0 
dMomentum = -1.01915e-17 -1.88651e-17 0
dEnergy = -6.13484e-05
0 -0.828872 -0.478689 0 -0.28757 -0.147856 0 
1 0.863257 0.201272 0 -0.653888 0.166831 0 
2 -0.0343844 0.277417 0 0.941459 -0.0189756 0 
dMomentum = -1.05168e-17 -1.8838e-17 0
dEnergy = -9.77484e-05
0 -0.84216 -0.48525 0 -0.244262 -0.115169 0 
1 0.828574 0.209608 0 -0.735459 0.166711 0 
2 0.0135857 0.275642 0 0.979722 -0.0515413 0 
dMomentum = -1.01915e-17 -1.8838e-17 0
dEnergy = -0.000151539
0 -0.853317 -0.49025 0 -0.202296 -0.0852773 0 
1 0.789433 0.217954 0 -0.833305 0.167221 0 
2 0.063884 0.272296 0 1.0356 -0.081944 0 
dMomentum = -8.45678e-18 -1.89735e-17 0
dEnergy = -0.000242526
0 -0.862404 -0.493814 0 -0.161449 -0.0577242 0 
1 0.744814 0.226343 0 -0.956575 0.168491 0 
2 0.11759 0.267471 0 1.11802 -0.110767 0 
dMomentum = -7.58942e-18 -1.89735e-17 0
dEnergy = -0.000427518
0 -0.869473 -0.496052 0 -0.121532 -0.0321408 0 
1 0.693033 0.234817 0 -1.12433 0.170581 0 
2 0.17644 0.261235 0 1.24586 -0.13844 0 
dMomentum = -8.0231e-18 -1.88109e-17 0
dEnergy = -0.000940932
0 -0.874566 -0.497053 0 -0.0823768 -0.00821008 0 
1 0.630835 0.243405 0 -1.38696 0.172735 0 
2 0.24373 0.253649 0 1.46934 -0.164525 0 
dMomentum = -8.45678e-18 -1.90277e-17 0
dEnergy = -0.00403447
0 -0.877717 -0.496893 0 -0.043832 0.0143694 0 
1 0.549521 0.251942 0 -1.9684 0.16303 0 
2 0.328196 0.244951 0 2.01223 -0.177399 0 
dMomentum = -8.67362e-18 -1.68051e-17 0
dEnergy = -5.82459
0 -0.878953 -0.495631 0 -0.00573516 0.0360002 0 
1 0.479281 0.221447 0 1.93298 -0.646817 0 
2 0.399671 0.274184 0 -1.92724 0.610817 0 
dMomentum = -8.0231e-18 -1.5992e-17 0
dEnergy = -5.84893
0 -0.878288 -0.493291 0 0.0322995 0.0575608 0 
1 0.508464 0.224558 0 -0.487661 0.496048 0 
2 0.369824 0.268733 0 0.455361 -0.553608 0 
dMomentum = -6.50521e-18 -1.51788e-17 0
dEnergy = -0.59041
0 -0.875714 -0.489873 0 0.0706306 0.0791142 0 
1 0.477153 0.197175 0 1.94497 -1.78449 0 
2 0.39856 0.292697 0 -2.0156 1.70538 0 
dMomentum = -5.93601e-18 -1.39862e-17 0
dEnergy = -0.60595
0 -0.87122 -0.485375 0 0.109028 0.100783 0 
1 0.547816 0.136563 0 1.10748 -0.91624 0 
2 0.323404 0.348813 0 -1.21651 0.815457 0 
dMomentum = -5.39391e-18 -1.38778e-17 0
dEnergy = -0.606887
0 -0.864807 -0.479785 0 0.147446 0.12287 0 
1 0.595167 0.0974967 0 0.816014 -0.676174 0 
2 0.26964 0.382288 0 -0.96346 0.553304 0 
dMomentum = -5.05509e-18 -1.39862e-17 0
dEnergy = -0.607158
0 -0.856469 -0.473076 0 0.186035 0.145558 0 
1 0.631098 0.0672931 0 0.632063 -0.542174 0 
2 0.225371 0.405783 0 -0.818098 0.396616 0 
dMomentum = -5.25838e-18 -1.40946e-17 0
dEnergy = -0.607278
0 -0.846193 -0.465214 0 0.224988 0.16901 0 
1 0.659089 0.0426085 0 0.493052 -0.450163 0 
2 0.187104 0.422606 0 -0.71804 0.281153 0 
dMomentum = -4.90601e-18 -1.43115e-17 0
dEnergy = -0.607345
0 -0.833956 -0.456157 0 0.264524 0.193396 0 
1 0.680784 0.021927 0 0.377981 -0.379948 0 
2 0.153172 0.43423 0 -0.642505 0.186553 0 
dMomentum = -5.17707e-18 -1.41488e-17 0
dEnergy = -0.607388
0 -0.819723 -0.445853 0 0.304891 0.218905 0 
1 0.697113 0.00440528 0 0.277248 -0.322744 0 
2 0.12261 0.441448 0 -0.582139 0.103839 0 
dMomentum = -5.9089e-18 -1.42844e-17 0
dEnergy = -0.607419
0 -0.803445 -0.434242 0 0.346374 0.24576 0 
1 0.70865 -0.0104818 0 0.185601 -0.273984 0 
2 0.094795 0.444723 0 -0.531975 0.0282242 0 
dMomentum = -5.47522e-18 -1.43928e-17 0
dEnergy = -0.607444
0 -0.785057 -0.421248 0 0.38931 0.274225 0 
1 0.715761 -0.0230842 0 0.0997776 -0.230997 0 
2 0.0692965 0.444332 0 -0.489087 -0.0432275 0 
dMomentum = -5.42101e-18 -1.44741e-17 0
dEnergy = -0.607466
0 -0.764478 -0.406784 0 0.4341 0.30463 0 
1 0.718678 -0.0336451 0 0.0175284 -0.192085 0 
2 0.0458001 0.440429 0 -0.451629 -0.112545 0 
dMomentum = -5.47522e-18 -1.47994e-17 0
dEnergy = -0.607487
0 -0.741603 -0.390743 0 0.481244 0.337393 0 
1 0.717536 -0.0423375 0 -0.0628581 -0.15609 0 
2 0.0240671 0.43308 0 -0.418386 -0.181303 0 
dMomentum = -5.52943e-18 -1.51246e-17 0
dEnergy = -0.607509
0 -0.716299 -0.372993 0 0.531372 0.373058 0 
1 0.712391 -0.0492852 0 -0.142816 -0.122174 0 
2 0.00390799 0.422278 0 -0.388556 -0.250884 0 
dMomentum = -5.12286e-18 -1.5477e-17 0
dEnergy = -0.607533
0 -0.688339 -0.353331 0 0.585425 0.412437 0 
1 0.703209 -0.0545845 0 -0.223835 -0.0896359 0 
2 -0.0148703 0.407916 0 -0.36159 -0.322801 0 
dMomentum = -4.33681e-18 -1.56938e-17 0
dEnergy = -0.607562
0 -0.657552 -0.331585 0 0.644434 0.456476 0 
1 0.689917 -0.058279 0 -0.307112 -0.0580294 0 
2 -0.0323656 0.389864 0 -0.337322 -0.398447 0 
dMomentum = -4.52654e-18 -1.58022e-17 0
dEnergy = -0.607598
0 -0.623651 -0.307486 0 0.709998 0.506637 0 
1 0.672365 -0.0604043 0 -0.39416 -0.0269238 0 
2 -0.0487139 0.36789 0 -0.315838 -0.479713 0 
dMomentum = -4.93312e-18 -1.52873e-17 0
dEnergy = -0.607648
0 -0.586255 -0.280676 0 0.784493 0.565135 0 
1 0.65032 -0.0609758 0 -0.486802 0.00405321 0 
2 -0.0640659 0.341652 0 -0.29769 -0.569188 0 
dMomentum = -5.25838e-18 -1.59784e-17 0
dEnergy = -0.607719
0 -0.544826 -0.250655 0 0.871696 0.635547 0 
1 0.623446 -0.0599918 0 -0.587405 0.0352202 0 
2 -0.0786192 0.310647 0 -0.284291 -0.670767 0 
dMomentum = -5.96311e-18 -1.63715e-17 0
dEnergy = -0.607833
0 -0.498582 -0.216685 0 0.978161 0.724189 0 
1 0.591265 -0.0574363 0 -0.69924 0.066817 0 
2 -0.0926826 0.274121 0 -0.278921 -0.791006 0 
dMomentum = -4.77049e-18 -1.64528e-17 0
dEnergy = -0.608043
0 -0.446273 -0.177573 0 1.11686 0.84377 0 
1 0.553103 -0.053285 0 -0.827134 0.098912 0 
2 -0.10683 0.230858 0 -0.289725 -0.942682 0 
dMomentum = -4.60786e-18 -1.61004e-17 0
dEnergy = -0.608544
0 -0.385618 -0.131111 0 1.31968 1.02596 0 
1 0.50798 -0.0475194 0 -0.978689 0.131134 0 
2 -0.122362 0.178631 0 -0.340991 -1.15709 0 
dMomentum = -4.87891e-18 -1.78893e-17 0
dEnergy = -0.610817
0 -0.31113 -0.0719026 0 1.7105 1.39327 0 
1 0.454417 -0.0401644 0 -1.16677 0.161935 0 
2 -0.143287 0.112067 0 -0.543732 -1.5552 0 
dMomentum = -3.46945e-18 -1.82146e-17 0
dEnergy = 129.693
0 -0.152882 -0.04935 0 6.81957 -10.0344 0 
1 0.390062 -0.0313824 0 -1.41455 0.187125 0 
2 -0.23718 0.0807323 0 -5.40503 9.84727 0 
dMomentum = -1.30104e-18 -1.9082e-17 0
dEnergy = 129.647
0 0.188254 -0.541046 0 6.85395 -9.68822 0 
1 0.312122 -0.0237581 0 -1.65561 0.0819518 0 
2 -0.500376 0.564804 0 -5.19834 9.60627 0 
dMomentum = 1.73472e-18 -2.42861e-17 0
dEnergy = 129.645
0 0.531497 -1.02315 0 6.84292 -9.58165 0 
1 0.228316 -0.0218977 0 -1.67878 0.0116653 0 
2 -0.759813 1.04505 0 -5.16414 9.56998 0 
dMomentum = -9.1073e-18 -3.20924e-17 0
dEnergy = 129.645
0 0.87395 -1.50226 0 6.82917 -9.54966 0 
1 0.144179 -0.0217318 0 -1.67953 -0.00173667 0 
2 -1.01813 1.52399 0 -5.14965 9.5514 0 
dMomentum = -1.60462e-17 -3.90313e-17 0
dEnergy = 129.645
0 1.21588 -1.9803 0 6.82123 -9.53537 0 
1 0.0600394 -0.021913 0 -1.67933 -0.00475636 0 
2 -1.27592 2.00222 0 -5.1419 9.54013 0 
dMomentum = -1.25767e-17 -3.90313e-17 0
dEnergy = 129.645
0 1.55749 -2.45781 0 6.81626 -9.52737 0 
1 -0.0240895 -0.0221683 0 -1.67911 -0.00522923 0 
2 -1.5334 2.47998 0 -5.13715 9.53259 0 
dMomentum = -6.50521e-18 -3.20924e-17 0
dEnergy = 129.645
0 1.89889 -2.93499 0 6.81289 -9.52226 0 
1 -0.108208 -0.0224251 0 -1.67893 -0.00495624 0 
2 -1.79068 2.95742 0 -5.13397 9.52722 0 
dMomentum = -4.33681e-19 -3.38271e-17 0
dEnergy = 129.645
0 2.24015 -3.41196 0 6.81047 -9.51873 0 
1 -0.192318 -0.0226614 0 -1.67877 -0.00446477 0 
2 -2.04784 3.43463 0 -5.1317 9.52319 0 
dMomentum = -1.30104e-18 -4.0766e-17 0
dEnergy = 129.645
0 2.58131 -3.88878 0 6.80864 -9.51614 0 
1 -0.276422 -0.0228717 0 -1.67864 -0.00393113 0 
2 -2.30489 3.91166 0 -5.12999 9.52007 0 
dMomentum = -7.37257e-18 -3.81639e-17 0
dEnergy = 129.645
0 2.92239 -4.36549 0 6.80721 -9.51416 0 
1 -0.360519 -0.0230556 0 -1.67854 -0.00341712 0 
2 -2.56187 4.38855 0 -5.12868 9.51757 0 
dMomentum = -7.80626e-18 -4.0766e-17 0
dEnergy = 129.645
0 3.2634 -4.84211 0 6.80607 -9.51259 0 
1 -0.444611 -0.0232148 0 -1.67844 -0.00294302 0 
2 -2.81879 4.86532 0 -5.12762 9.51554 0 
dMomentum = -4.77049e-18 -4.16334e-17 0
dEnergy = 129.645
0 3.60436 -5.31866 0 6.80513 -9.51133 0 
1 -0.528699 -0.0233512 0 -1.67836 -0.00251328 0 
2 -3.07566 5.34201 0 -5.12677 9.51384 0 
dMomentum = -3.03577e-18 -4.25007e-17 0
dEnergy = 129.645
0 3.94527 -5.79515 0 6.80435 -9.51028 0 
1 -0.612783 -0.0234673 0 -1.6783 -0.00212625 0 
2 -3.33249 5.81862 0 -5.12606 9.51241 0 
dMomentum = -6.07153e-18 -5.20417e-17 0
dEnergy = 129.645
0 4.28615 -6.27159 0 6.80369 -9.50941 0 
1 -0.696865 -0.0235649 0 -1.67823 -0.00177815 0 
2 -3.58929 6.29516 0 -5.12546 9.51119 0 
dMomentum = -9.54098e-18 -5.81132e-17 0
dEnergy = 129.645
0 4.62701 -6.74799 0 6.80312 -9.50866 0 
1 -0.780943 -0.023646 0 -1.67818 -0.00146469 0 
2 -3.84606 6.77164 0 -5.12494 9.51013 0 
dMomentum = -1.04083e-17 -4.77049e-17 0
dEnergy = 129.645
0 4.96783 -7.22436 0 6.80263 -9.50802 0 
1 -0.865018 -0.0237121 0 -1.67813 -0.00118173 0 
2 -4.10281 7.24807 0 -5.1245 9.5092 0 
dMomentum = -9.54098e-18 -4.94396e-17 0
dEnergy = 129.645
0 5.30863 -7.7007 0 6.8022 -9.50746 0 
1 -0.949092 -0.0237648 0 -1.67809 -0.000925517 0 
2 -4.35954 7.72446 0 -5.12411 9.50838 0 
dMomentum = -9.54098e-18 -4.68375e-17 0
dEnergy = 129.645
0 5.64941 -8.17701 0 6.80182 -9.50697 0 
1 -1.03316 -0.0238052 0 -1.67805 -0.000692742 0 
2 -4.61625 8.20081 0 -5.12377 9.50766 0 
dMomentum = -4.33681e-18 -5.9848e-17 0
dEnergy = 129.645
0 5.99017 -8.6533 0 6.80149 -9.50653 0 
1 -1.11723 -0.0238345 0 -1.67801 -0.000480548 0 
2 -4.87294 8.67713 0 -5.12347 9.50701 0 
dMomentum = -5.63785e-18 -5.11743e-17 0
dEnergy = 129.645
0 6.33092 -9.12956 0 6.80119 -9.50614 0 
1 -1.2013 -0.0238537 0 -1.67798 -0.000286469 0 
2 -5.12962 9.15342 0 -5.1232 9.50643 0 
dMomentum = -2.1684e-18 -6.07153e-17 0
dEnergy = 129.645
0 6.67165 -9.60581 0 6.80091 -9.50579 0 
1 -1.28537 -0.0238635 0 -1.67795 -0.000108383 0 
2 -5.38629 9.62968 0 -5.12296 9.5059 0 
dMomentum = -6.50521e-18 -6.07153e-17 0
dEnergy = 129.645
0 7.01237 -10.082 0 6.80067 -9.50548 0 
1 -1.36943 -0.0238647 0 -1.67793 5.55337e-05 0 
2 -5.64294 10.1059 0 -5.12274 9.50542 0 
dMomentum = -4.77049e-18 -5.81132e-17 0
dEnergy = 129.645
0 7.35308 -10.5583 0 6.80044 -9.50519 0 
1 -1.45349 -0.0238581 0 -1.6779 0.000206853 0 
2 -5.89959 10.5821 0 -5.12254 9.50499 0 
dMomentum = -3.90313e-18 -5.11743e-17 0
dEnergy = 129.645
0 7.69378 -11.0345 0 6.80024 -9.50493 0 
1 -1.53756 -0.0238442 0 -1.67788 0.000346932 0 
2 -6.15622 11.0583 0 -5.12236 9.50458 0 
dMomentum = -6.50521e-18 -5.9848e-17 0
dEnergy = 129.645
0 8.03446 -11.5107 0 6.80005 -9.50469 0 
1 -1.62162 -0.0238235 0 -1.67786 0.000476948 0 
2 -6.41285 11.5345 0 -5.1222 9.50422 0 
dMomentum = -2.60209e-18 -4.68375e-17 0
dEnergy = 129.645
0 8.37514 -11.9868 0 6.79988 -9.50448 0 
1 -1.70568 -0.0237965 0 -1.67784 0.000597925 0 
2 -6.66947 12.0106 0 -5.12205 9.50388 0 
dMomentum = 1.30104e-18 -3.38271e-17 0
dEnergy = 129.645
0 8.71581 -12.463 0 6.79972 -9.50427 0 
1 -1.78974 -0.0237637 0 -1.67782 0.000710756 0 
2 -6.92608 12.4868 0 -5.12191 9.50356 0 
dMomentum = 4.33681e-19 -2.77556e-17 0
dEnergy = 129.645
0 9.05648 -12.9392 0 6.79958 -9.50409 0 
1 -1.8738 -0.0237254 0 -1.6778 0.000816223 0 
2 -7.18268 12.9629 0 -5.12178 9.50327 0 
dMomentum = 7.37257e-18 -3.46945e-17 0
dEnergy = 129.645
0 9.39713 -13.4153 0 6.79944 -9.50392 0 
1 -1.95785 -0.023682 0 -1.67778 0.000915012 0 
2 -7.43928 13.439 0 -5.12166 9.503 0 
dMomentum = 9.97466e-18 -3.90313e-17 0
dEnergy = 129.645
0 9.73778 -13.8915 0 6.79931 -9.50376 0 
1 -2.04191 -0.0236338 0 -1.67777 0.00100773 0 
2 -7.69587 13.9151 0 -5.12154 9.50275 0 
dMomentum = 1.47451e-17 -4.77049e-17 0
dEnergy = 129.645
0 10.0784 -14.3676 0 6.79919 -9.50361 0 
1 -2.12596 -0.0235811 0 -1.67775 0.00109491 0 
2 -7.95246 14.3912 0 -5.12144 9.50251 0 
dMomentum = 1.21431e-17 -5.0307e-17 0
dEnergy = 129.645
0 10.4191 -14.8437 0 6.79908 -9.50347 0 
1 -2.21002 -0.0235242 0 -1.67774 0.00117703 0 
2 -8.20904 14.8672 0 -5.12134 9.50229 0 
dMomentum = 1.25767e-17 -5.89806e-17 0
dEnergy = 129.645
0 10.7597 -15.3198 0 6.79898 -9.50334 0 
1 -2.29407 -0.0234633 0 -1.67773 0.00125452 0 
2 -8.46562 15.3433 0 -5.12125 9.50208 0 
dMomentum = 1.43115e-17 -6.33174e-17 0
dEnergy = 129.645
0 11.1003 -15.796 0 6.79888 -9.50321 0 
1 -2.37813 -0.0233986 0 -1.67772 0.00132775 0 
2 -8.72219 15.8194 0 -5.12116 9.50188 0 
dMomentum = 1.43115e-17 -6.67869e-17 0
dEnergy = 129.645
0 11.4409 -16.2721 0 6.79879 -9.5031 0 
1 -2.46218 -0.0233303 0 -1.67771 0.00139706 0 
2 -8.97876 16.2954 0 -5.12108 9.5017 0 
dMomentum = 1.12757e-17 -7.02563e-17 0
dEnergy = 129.645
0 11.7816 -16.7482 0 6.7987 -9.50299 0 
1 -2.54623 -0.0232586 0 -1.67769 0.00146275 0 
2 -9.23532 16.7714 0 -5.12101 9.50153 0 
dMomentum = 1.25767e-17 -7.37257e-17 0
dEnergy = 129.645
0 12.1222 -17.2243 0 6.79862 -9.50289 0 
1 -2.63029 -0.0231838 0 -1.67768 0.0015251 0 
2 -9.49188 17.2474 0 -5.12094 9.50136 0 
dMomentum = 1.47451e-17 -6.76542e-17 0
dEnergy = 129.645
0 12.4628 -17.7004 0 6.79854 -9.50279 0 
1 -2.71434 -0.0231059 0 -1.67767 0.00158435 0 
2 -9.74844 17.7235 0 -5.12087 9.5012 0 
dMomentum = 1.82146e-17 -6.41848e-17 0
dEnergy = 129.645
0 12.8034 -18.1764 0 6.79847 -9.5027 0 
1 -2.79839 -0.0230251 0 -1.67767 0.00164074 0 
2 -10.005 18.1995 0 -5.1208 9.50106 0 
dMomentum = 1.47451e-17 -6.33174e-17 0
dEnergy = 129.645
0 13.144 -18.6525 0 6.7984 -9.50261 0 
1 -2.88244 -0.0229415 0 -1.67766 0.00169445 0 
2 -10.2615 18.6755 0 -5.12074 9.50092 0 
dMomentum = 1.34441e-17 -6.59195e-17 0
dEnergy = 129.645
0 13.4846 -19.1286 0 6.79833 -9.50253 0 
1 -2.96649 -0.0228553 0 -1.67765 0.00174568 0 
2 -10.5181 19.1515 0 -5.12069 9.50078 0 
dMomentum = 1.17094e-17 -5.81132e-17 0
dEnergy = 129.645
0 13.8252 -19.6047 0 6.79827 -9.50245 0 
1 -3.05054 -0.0227666 0 -1.67764 0.00179459 0 
2 -10.7746 19.6274 0 -5.12063 9.50065 0 
dMomentum = 5.20417e-18 -6.59195e-17 0
dEnergy = 129.645
0 14.1658 -20.0807 0 6.79821 -9.50237 0 
1 -3.13459 -0.0226755 0 -1.67763 0.00184133 0 
2 -11.0312 20.1034 0 -5.12058 9.50053 0 
dMomentum = 6.50521e-18 -6.85216e-17 0
dEnergy = 129.645
0 14.5064 -20.5568 0 6.79815 -9.5023 0 
1 -3.21864 -0.0225822 0 -1.67763 0.00188605 0 
2 -11.2877 20.5794 0 -5.12053 9.50042 0 
dMomentum = 8.23994e-18 -7.02563e-17 0
dEnergy = 129.645
0 14.8469 -21.0329 0 6.7981 -9.50224 0 
1 -3.30269 -0.0224866 0 -1.67762 0.00192888 0 
2 -11.5443 21.0554 0 -5.12048 9.50031 0 
dMomentum = 6.93889e-18 -6.85216e-17 0
dEnergy = 129.645
0 15.1875 -21.5089 0 6.79805 -9.50217 0 
1 -3.38674 -0.0223889 0 -1.67761 0.00196992 0 
2 -11.8008 21.5313 0 -5.12044 9.5002 0 
dMomentum = 3.03577e-18 -7.02563e-17 0
dEnergy = 129.645
0 15.5281 -21.985 0 6.798 -9.50211 0 
1 -3.47079 -0.0222892 0 -1.6776 0.00200929 0 
2 -12.0573 22.0073 0 -5.12039 9.5001 0 
dMomentum = -2.1684e-18 -7.02563e-17 0
dEnergy = 129.645
0 15.8687 -22.461 0 6.79795 -9.50205 0 
1 -3.55483 -0.0221876 0 -1.6776 0.0020471 0 
2 -12.3139 22.4832 0 -5.12035 9.5 0 
dMomentum = -3.03577e-18 -8.32667e-17 0
dEnergy = 129.645
0 16.2093 -22.9371 0 6.7979 -9.50199 0 
1 -3.63888 -0.0220841 0 -1.67759 0.00208342 0 
2 -12.5704 22.9592 0 -5.12031 9.49991 0 
dMomentum = -5.63785e-18 -8.93383e-17 0
dEnergy = 129.645
0 16.5498 -23.4131 0 6.79786 -9.50194 0 
1 -3.72293 -0.0219789 0 -1.67759 0.00211835 0 
2 -12.8269 23.4351 0 -5.12027 9.49982 0 
dMomentum = -5.63785e-18 -9.97466e-17 0
dEnergy = 129.645
0 16.8904 -23.8892 0 6.79782 -9.50189 0 
1 -3.80697 -0.0218719 0 -1.67758 0.00215196 0 
2 -13.0834 23.9111 0 -5.12024 9.49973 0 
dMomentum = -1.51788e-17 -1.02349e-16 0
dEnergy = 129.645
0 17.231 -24.3652 0 6.79778 -9.50183 0 
1 -3.89102 -0.0217632 0 -1.67758 0.00218433 0 
2 -13.34 24.387 0 -5.1202 9.49965 0 
dMomentum = -1.64799e-17 -9.19403e-17 0
dEnergy = 129.645
0 17.5715 -24.8413 0 6.79774 -9.50179 0 
1 -3.97507 -0.021653 0 -1.67757 0.00221552 0 
2 -13.5965 24.8629 0 -5.12017 9.49957 0 
dMomentum = -1.64799e-17 -9.71445e-17 0
dEnergy = 129.645
0 17.9121 -25.3173 0 6.7977 -9.50174 0 
1 -4.05911 -0.0215413 0 -1.67757 0.00224561 0 
2 -13.853 25.3389 0 -5.12014 9.49949 0 
dMomentum = -1.38778e-17 -8.93383e-17 0
dEnergy = 129.645
0 18.2527 -25.7934 0 6.79767 -9.5017 0 
1 -4.14316 -0.021428 0 -1.67756 0.00227463 0 
2 -14.1095 25.8148 0 -5.1201 9.49942 0 
dMomentum = -1.60462e-17 -8.23994e-17 0
dEnergy = 129.645
0 18.5932 -26.2694 0 6.79763 -9.50165 0 
1 -4.22721 -0.0213134 0 -1.67756 0.00230266 0 
2 -14.366 26.2907 0 -5.12007 9.49935 0 
dMomentum = -1.69136e-17 -8.67362e-17 0
dEnergy = 129.645
0 18.9338 -26.7454 0 6.7976 -9.50161 0 
1 -4.31125 -0.0211973 0 -1.67755 0.00232973 0 
2 -14.6225 26.7666 0 -5.12005 9.49928 0 
dMomentum = -1.43115e-17 -6.93889e-17 0
dEnergy = 129.645
0 19.2744 -27.2214 0 6.79757 -9.50157 0 
1 -4.3953 -0.0210799 0 -1.67755 0.00235591 0 
2 -14.8791 27.2425 0 -5.12002 9.49921 0 
dMomentum = -1.47451e-17 -7.02563e-17 0
dEnergy = 129.645
0 19.6149 -27.6975 0 6.79753 -9.50153 0 
1 -4.47934 -0.0209613 0 -1.67754 0.00238122 0 
2 -15.1356 27.7184 0 -5.11999 9.49915 0 
dMomentum = -1.34441e-17 -5.63785e-17 0
dEnergy = 129.645
0 19.9555 -28.1735 0 6.7975 -9.50149 0 
1 -4.56339 -0.0208413 0 -1.67754 0.00240572 0 
2 -15.3921 28.1943 0 -5.11996 9.49909 0 
dMomentum = -1.69136e-17 -5.29091e-17 0
dEnergy = 129.645
0 20.296 -28.6495 0 6.79747 -9.50146 0 
1 -4.64743 -0.0207202 0 -1.67754 0.00242944 0 
2 -15.6486 28.6702 0 -5.11994 9.49903 0 
dMomentum = -2.12504e-17 -6.50521e-17 0
dEnergy = 129.645
0 20.6366 -29.1255 0 6.79745 -9.50142 0 
1 -4.73148 -0.0205979 0 -1.67753 0.00245243 0 
2 -15.9051 29.1461 0 -5.11991 9.49897 0 
dMomentum = -2.12504e-17 -5.46438e-17 0
dEnergy = 129.645
0 20.9771 -29.6016 0 6.79742 -9.50139 0 
1 -4.81552 -0.0204745 0 -1.67753 0.0024747 0 
2 -16.1616 29.622 0 -5.11989 9.49892 0 
dMomentum = -2.55872e-17 -5.37764e-17 0
dEnergy = 129.645
0 21.3177 -30.0776 0 6.79739 -9.50136 0 
1 -4.89956 -0.02035 0 -1.67753 0.0024963 0 
2 -16.4181 30.0979 0 -5.11987 9.49886 0 
dMomentum = -2.42861e-17 -4.77049e-17 0
dEnergy = 129.645
0 21.6582 -30.5536 0 6.79737 -9.50133 0 
1 -4.98361 -0.0202244 0 -1.67752 0.00251725 0 
2 -16.6746 30.5738 0 -5.11985 9.49881 0 
dMomentum = -2.68882e-17 -4.16334e-17 0
dEnergy = 129.645
0 21.9988 -31.0296 0 6.79734 -9.5013 0 
1 -5.06765 -0.0200978 0 -1.67752 0.00253759 0 
2 -16.9311 31.0497 0 -5.11982 9.49876 0 
dMomentum = -2.08167e-17 -5.9848e-17 0
dEnergy = 129.645
0 22.3393 -31.5056 0 6.79732 -9.50127 0 
1 -5.1517 -0.0199701 0 -1.67752 0.00255733 0 
2 -17.1876 31.5256 0 -5.1198 9.49871 0 
dMomentum = -1.9082e-17 -6.59195e-17 0
dEnergy = 129.645
0 22.6799 -31.9816 0 6.7973 -9.50124 0 
1 -5.23574 -0.0198415 0 -1.67751 0.00257651 0 
2 -17.4441 32.0015 0 -5.11978 9.49866 0 
dMomentum = -1.43115e-17 -5.81132e-17 0
dEnergy = 129.645
0 23.0204 -32.4577 0 6.79727 -9.50121 0 
1 -5.31978 -0.019712 0 -1.67751 0.00259516 0 
2 -17.7006 32.4774 0 -5.11976 9.49861 0 
dMomentum = -1.38778e-17 -5.9848e-17 0
dEnergy = 129.645
0 23.361 -32.9337 0 6.79725 -9.50118 0 
1 -5.40383 -0.0195815 0 -1.67751 0.00261328 0 
2 -17.9571 32.9532 0 -5.11974 9.49857 0 
dMomentum = -1.69136e-17 -4.42354e-17 0
dEnergy = 129.645
0 23.7015 -33.4097 0 6.79723 -9.50116 0 
1 -5.48787 -0.0194501 0 -1.6775 0.00263091 0 
2 -18.2136 33.4291 0 -5.11973 9.49852 0 
dMomentum = -1.64799e-17 -4.94396e-17 0
dEnergy = 129.645
0 24.042 -33.8857 0 6.79721 -9.50113 0 
1 -5.57191 -0.0193179 0 -1.6775 0.00264806 0 
2 -18.4701 33.905 0 -5.11971 9.49848 0 
dMomentum = -2.08167e-17 -6.15827e-17 0
dEnergy = 129.645
0 24.3826 -34.3617 0 6.79719 -9.5011 0 
1 -5.65595 -0.0191848 0 -1.6775 0.00266475 0 
2 -18.7266 34.3809 0 -5.11969 9.49844 0 
dMomentum = -2.0383e-17 -5.55112e-17 0
dEnergy = 129.645
0 24.7231 -34.8377 0 6.79717 -9.50108 0 
1 -5.74 -0.0190509 0 -1.67749 0.002681 0 
2 -18.9831 34.8567 0 -5.11967 9.4984 0 
dMomentum = -1.43115e-17 -4.68375e-17 0
dEnergy = 129.645
0 25.0637 -35.3137 0 6.79715 -9.50106 0 
1 -5.82404 -0.0189162 0 -1.67749 0.00269683 0 
2 -19.2396 35.3326 0 -5.11966 9.49836 0 
dMomentum = -1.73472e-17 -4.33681e-17 0
dEnergy = 129.645
0 25.4042 -35.7897 0 6.79713 -9.50103 0 
1 -5.90808 -0.0187807 0 -1.67749 0.00271225 0 
2 -19.4961 35.8085 0 -5.11964 9.49832 0 
dMomentum = -1.73472e-17 -3.46945e-17 0
dEnergy = 129.645
0 25.7447 -36.2657 0 6.79711 -9.50101 0 
1 -5.99212 -0.0186444 0 -1.67749 0.00272728 0 
2 -19.7526 36.2843 0 -5.11963 9.49828 0 
dMomentum = -1.73472e-17 -3.64292e-17 0
dEnergy = 129.645
0 26.0853 -36.7417 0 6.7971 -9.50099 0 
1 -6.07617 -0.0185074 0 -1.67748 0.00274194 0 
2 -20.0091 36.7602 0 -5.11961 9.49825 0 
dMomentum = -1.43115e-17 -4.77049e-17 0
dEnergy = 129.645
0 26.4258 -37.2177 0 6.79708 -9.50097 0 
1 -6.16021 -0.0183697 0 -1.67748 0.00275624 0 
2 -20.2656 37.2361 0 -5.1196 9.49821 0 
dMomentum = -1.17094e-17 -5.37764e-17 0
dEnergy = 129.645
0 26.7663 -37.6937 0 6.79706 -9.50095 0 
1 -6.24425 -0.0182312 0 -1.67748 0.00277018 0 
2 -20.5221 37.7119 0 -5.11958 9.49818 0 
dMomentum = -1.21431e-17 -5.0307e-17 0
dEnergy = 129.645
0 27.1069 -38.1697 0 6.79705 -9.50093 0 
1 -6.32829 -0.0180921 0 -1.67748 0.00278379 0 
2 -20.7786 38.1878 0 -5.11957 9.49814 0 
dMomentum = -1.86483e-17 -6.07153e-17 0
dEnergy = 129.645
0 27.4474 -38.6457 0 6.79703 -9.50091 0 
1 -6.41233 -0.0179523 0 -1.67748 0.00279707 0 
2 -21.0351 38.6636 0 -5.11955 9.49811 0 
dMomentum = -2.51535e-17 -5.9848e-17 0
dEnergy = 129.645
0 27.7879 -39.1217 0 6.79701 -9.50089 0 
1 -6.49637 -0.0178118 0 -1.67747 0.00281004 0 
2 -21.2915 39.1395 0 -5.11954 9.49808 0 
dMomentum = -3.20924e-17 -5.72459e-17 0
dEnergy = 129.645
0 28.1285 -39.5977 0 6.797 -9.50087 0 
1 -6.58041 -0.0176707 0 -1.67747 0.00282271 0 
2 -21.548 39.6154 0 -5.11953 9.49805 0 
dMomentum = -3.33934e-17 -5.89806e-17 0
dEnergy = 129.645
0 28.469 -40.0737 0 6.79698 -9.50085 0 
1 -6.66446 -0.017529 0 -1.67747 0.00283509 0 
2 -21.8045 40.0912 0 -5.11951 9.49802 0 
dMomentum = -2.34188e-17 -4.77049e-17 0
dEnergy = 129.645
0 28.8095 -40.5497 0 6.79697 -9.50083 0 
1 -6.7485 -0.0173867 0 -1.67747 0.00284719 0 
2 -22.061 40.5671 0 -5.1195 9.49799 0 
dMomentum = -2.55872e-17 -4.85723e-17 0
dEnergy = 129.645
0 29.15 -41.0257 0 6.79696 -9.50082 0 
1 -6.83254 -0.0172437 0 -1.67747 0.00285901 0 
2 -22.3175 41.0429 0 -5.11949 9.49796 0 
dMomentum = -3.1225e-17 -4.59702e-17 0
dEnergy = 129.645
0 29.4906 -41.5016 0 6.79694 -9.5008 0 
1 -6.91658 -0.0171002 0 -1.67746 0.00287057 0 
2 -22.574 41.5187 0 -5.11948 9.49793 0 
dMomentum = -3.07913e-17 -5.63785e-17 0
dEnergy = 129.645
0 29.8311 -41.9776 0 6.79693 -9.50078 0 
1 -7.00062 -0.0169561 0 -1.67746 0.00288188 0 
2 -22.8305 41.9946 0 -5.11947 9.4979 0 
