dMomentum = 0 0 0
dEnergy = 0
0 -1 0 0 0.392955 0.0975792 0 
1 1 0 0 0.392955 0.0975792 0 
2 0 0 0 -0.78591 -0.195158 0 
dMomentum = -6.77626e-19 -1.42302e-19 0
dEnergy = -2.1732e-05
0 -0.978688 0.00488199 0 0.45879 0.0971644 0 
1 1.01816 0.00488309 0 0.333067 0.0972519 0 
2 -0.0394733 -0.00976508 0 -0.791857 -0.194416 0 
dMomentum = 1.6263e-19 -2.10064e-19 0
dEnergy = -4.60728e-05
0 -0.953895 0.00971793 0 0.532299 0.0956746 0 
1 1.03345 0.00973585 0 0.277923 0.0963998 0 
2 -0.079552 -0.0194538 0 -0.810222 -0.192074 0 
dMomentum = 2.43945e-19 -7.45389e-20 0
dEnergy = -7.65376e-05
0 -0.925174 0.0144417 0 0.616023 0.0925774 0 
1 1.04607 0.0145361 0 0.226629 0.0951762 0 
2 -0.120894 -0.0289778 0 -0.842652 -0.187754 0 
dMomentum = 3.25261e-19 -1.6263e-19 0
dEnergy = -0.000119127
0 -0.891924 0.018952 0 0.713947 0.0869542 0 
1 1.0562 0.0192681 0 0.178506 0.0936939 0 
2 -0.164278 -0.0382201 0 -0.892453 -0.180648 0 
dMomentum = -2.43945e-19 -1.21973e-19 0
dEnergy = -0.000186197
0 -0.853279 0.0230835 0 0.832818 0.0770659 0 
1 1.06399 0.0239212 0 0.133019 0.0920406 0 
2 -0.210715 -0.0470047 0 -0.965836 -0.169107 0 
dMomentum = 3.25261e-19 -1.6263e-19 0
dEnergy = -0.00030857
0 -0.807907 0.0265416 0 0.985376 0.0591705 0 
1 1.06956 0.0284887 0 0.089729 0.0902895 0 
2 -0.261656 -0.0550304 0 -1.0751 -0.14946 0 
dMomentum = 4.87891e-19 5.42101e-20 0
dEnergy = -0.000586392
0 -0.753513 0.0287224 0 1.20005 0.0234495 0 
1 1.07301 0.0329675 0 0.0482597 0.0885057 0 
2 -0.319499 -0.0616899 0 -1.24831 -0.111955 0 
dMomentum = 2.1684e-19 5.42101e-20 0
dEnergy = -0.00154456
0 -0.685287 0.0280366 0 1.56241 -0.0670523 0 
1 1.07442 0.0373573 0 0.00825448 0.0867527 0 
2 -0.389133 -0.0653939 0 -1.57066 -0.0197003 0 
dMomentum = -2.1684e-19 4.33681e-19 0
dEnergy = -0.0156477
0 -0.587052 0.0164489 0 2.6411 -0.608949 0 
1 1.07385 0.0416616 0 -0.0306901 0.0850976 0 
2 -0.4868 -0.0581104 0 -2.61041 0.523852 0 
dMomentum = 1.0842e-18 1.84314e-18 0
dEnergy = 0.00601016
0 -0.602299 -0.0860508 0 -1.95788 -0.885619 0 
1 1.07135 0.0458859 0 -0.0693141 0.0835558 0 
2 -0.469048 0.0401649 0 2.02719 0.802063 0 
dMomentum = 6.50521e-19 1.84314e-18 0
dEnergy = 0.00113029
0 -0.682214 -0.115982 0 -1.34415 -0.426739 0 
1 1.06689 0.0500368 0 -0.108648 0.0821832 0 
2 -0.384677 0.065945 0 1.4528 0.344556 0 
dMomentum = 6.50521e-19 2.57498e-18 0
dEnergy = 0.000480894
0 -0.741956 -0.133203 0 -1.06615 -0.2795 0 
1 1.06043 0.0541237 0 -0.149331 0.0809991 0 
2 -0.318477 0.0790794 0 1.21548 0.1985 0 
dMomentum = 0 2.62919e-18 0
dEnergy = 0.000262445
0 -0.790601 -0.14506 0 -0.886486 -0.20051 0 
1 1.05189 0.0581554 0 -0.19181 0.0799701 0 
2 -0.261293 0.0869044 0 1.0783 0.12054 0 
dMomentum = -4.33681e-19 2.49366e-18 0
dEnergy = 0.000158767
0 -0.831521 -0.153739 0 -0.752867 -0.149202 0 
1 1.04117 0.0621386 0 -0.236529 0.0790612 0 
2 -0.209651 0.0916 0 0.989396 0.070141 0 
dMomentum = -1.0842e-18 2.52077e-18 0
dEnergy = 9.87622e-05
0 -0.866462 -0.160242 0 -0.645647 -0.112299 0 
1 1.02814 0.0660786 0 -0.283988 0.0782353 0 
2 -0.161681 0.0941638 0 0.929636 0.0340639 0 
dMomentum = -1.40946e-18 2.37169e-18 0
dEnergy = 5.8586e-05
0 -0.896486 -0.16513 0 -0.555414 -0.0840218 0 
1 1.01266 0.0699784 0 -0.334796 0.0774512 0 
2 -0.116169 0.0951519 0 0.89021 0.00657067 0 
dMomentum = -1.73472e-18 2.48011e-18 0
dEnergy = 2.80046e-05
0 -0.922302 -0.168753 0 -0.476963 -0.061402 0 
1 0.994523 0.073839 0 -0.389727 0.0766592 0 
2 -0.0722206 0.0949137 0 0.86669 -0.0152572 0 
dMomentum = -1.84314e-18 2.46656e-18 0
dEnergy = 1.58518e-06
0 -0.944414 -0.171347 0 -0.407124 -0.0427389 0 
1 0.973513 0.0776584 0 -0.449814 0.0757949 0 
2 -0.0290993 0.0936881 0 0.856938 -0.0330559 0 
dMomentum = -1.84314e-18 2.54788e-18 0
dEnergy = -2.44001e-05
0 -0.963198 -0.173082 0 -0.34383 -0.0269776 0 
1 0.949335 0.0814308 0 -0.51648 0.0747673 0 
2 0.0138628 0.0916508 0 0.86031 -0.0477897 0 
dMomentum = -2.05998e-18 2.54788e-18 0
dEnergy = -5.35304e-05
0 -0.978945 -0.174085 0 -0.285658 -0.013423 0 
1 0.921611 0.085145 0 -0.591785 0.0734382 0 
2 0.0573338 0.08894 0 0.877443 -0.0600152 0 
dMomentum = -2.27682e-18 2.52077e-18 0
dEnergy = -9.05909e-05
0 -0.991861 -0.174454 0 -0.231687 -0.00161592 0 
1 0.889903 0.0887733 0 -0.678685 0.071583 0 
2 0.101958 0.0856807 0 0.910372 -0.0699671 0 
dMomentum = -2.27682e-18 2.48689e-18 0
dEnergy = -0.000144325
0 -1.00216 -0.174268 0 -0.18104 0.00881869 0 
1 0.853455 0.0922875 0 -0.782424 0.0687853 0 
2 0.148709 0.0819807 0 0.963463 -0.0776039 0 
dMomentum = -1.95156e-18 2.33103e-18 0
dEnergy = -0.00023414
0 -1.01001 -0.17359 0 -0.133129 0.0181423 0 
1 0.81122 0.0956221 0 -0.912166 0.0641959 0 
2 0.198785 0.0779675 0 1.0453 -0.0823382 0 
dMomentum = -1.19262e-18 2.26327e-18 0
dEnergy = -0.000414904
0 -1.01551 -0.172468 0 -0.0874841 0.0265623 0 
1 0.761488 0.0986442 0 -1.08682 0.0557544 0 
2 0.254022 0.073824 0 1.1743 -0.0823167 0 
dMomentum = -1.0842e-18 2.31071e-18 0
dEnergy = -0.00090896
0 -1.01878 -0.170945 0 -0.0437045 0.0342552 0 
1 0.701002 0.101031 0 -1.35554 0.0368678 0 
2 0.317778 0.0699132 0 1.39924 -0.071123 0 
dMomentum = -8.67362e-19 2.3988e-18 0
dEnergy = -0.00374593
0 -1.0199 -0.169051 0 -0.00141429 0.0413896 0 
1 0.621307 0.101624 0 -1.92836 -0.0309797 0 
2 0.398594 0.0674269 0 1.92978 -0.0104099 0 
dMomentum = 4.11997e-18 3.57787e-18 0
dEnergy = -0.0131041
0 -1.01893 -0.166811 0 0.0398748 0.0481896 0 
1 0.551906 0.0571133 0 2.84859 -1.05105 0 
2 0.467029 0.109698 0 -2.88847 1.00286 0 
dMomentum = 5.25838e-18 3.57787e-18 0
dEnergy = -0.041323
0 -1.0159 -0.164227 0 0.0814544 0.0552461 0 
1 0.649602 0.0276677 0 1.51 -0.397335 0 
2 0.366301 0.136559 0 -1.59146 0.342089 0 
dMomentum = 4.39102e-18 3.68629e-18 0
dEnergy = -0.0424157
0 -1.01077 -0.161275 0 0.124212 0.0629461 0 
1 0.71495 0.0113049 0 1.14685 -0.275435 0 
2 0.295816 0.14997 0 -1.27106 0.212489 0 
dMomentum = 4.55365e-18 3.84892e-18 0
dEnergy = -0.0427129
0 -1.00345 -0.157918 0 0.168595 0.0714459 0 
1 0.766669 -0.000833446 0 0.936758 -0.215654 0 
2 0.236782 0.158752 0 -1.10535 0.144208 0 
dMomentum = 3.80826e-18 3.60497e-18 0
dEnergy = -0.0428414
0 -0.993867 -0.154113 0 0.215036 0.0808951 0 
1 0.809607 -0.0106172 0 0.788132 -0.17823 0 
2 0.18426 0.164731 0 -1.00317 0.0973349 0 
dMomentum = 4.60786e-18 3.38813e-18 0
dEnergy = -0.0429118
0 -0.9819 -0.149809 0 0.264021 0.0914683 0 
1 0.846005 -0.0188348 0 0.672171 -0.151882 0 
2 0.135894 0.168644 0 -0.936192 0.0604137 0 
dMomentum = 5.14996e-18 3.53721e-18 0
dEnergy = -0.0429573
0 -0.967408 -0.144943 0 0.316142 0.103387 0 
1 0.877145 -0.0259099 0 0.576277 -0.132011 0 
2 0.0902628 0.170853 0 -0.892419 0.0286243 0 
dMomentum = 4.60786e-18 3.49655e-18 0
dEnergy = -0.0429911
0 -0.950216 -0.139442 0 0.372152 0.116945 0 
1 0.903847 -0.0321037 0 0.49386 -0.116344 0 
2 0.0463681 0.171545 0 -0.866012 -0.000600648 0 
dMomentum = 4.96022e-18 3.45589e-18 0
dEnergy = -0.0430198
0 -0.930105 -0.133213 0 0.43305 0.13255 0 
1 0.926682 -0.0375916 0 0.421056 -0.103614 0 
2 0.00342282 0.170805 0 -0.854106 -0.0289365 0 
dMomentum = 5.55654e-18 3.46945e-18 0
dEnergy = -0.0430478
0 -0.9068 -0.126141 0 0.500219 0.150787 0 
1 0.946065 -0.0424998 0 0.355409 -0.0930489 0 
2 -0.039265 0.168641 0 -0.855628 -0.0577383 0 
dMomentum = 6.50521e-18 3.54399e-18 0
dEnergy = -0.043079
0 -0.879939 -0.118074 0 0.57566 0.172537 0 
1 0.962308 -0.0469233 0 0.295255 -0.0841538 0 
2 -0.0823694 0.164997 0 -0.870916 -0.088383 0 
dMomentum = 6.20706e-18 3.60497e-18 0
dEnergy = -0.0431189
0 -0.849038 -0.108804 0 0.662434 0.1992 0 
1 0.975656 -0.0509366 0 0.239416 -0.0765928 0 
2 -0.126618 0.15974 0 -0.90185 -0.122607 0 
dMomentum = 5.40746e-18 3.5101e-18 0
dEnergy = -0.0431773
0 -0.813416 -0.0980302 0 0.765563 0.233178 0 
1 0.986302 -0.0546001 0 0.187014 -0.0701303 0 
2 -0.172886 0.15263 0 -0.952577 -0.163048 0 
dMomentum = 4.90601e-18 3.37458e-18 0
dEnergy = -0.0432764
0 -0.772051 -0.0852866 0 0.894139 0.279041 0 
1 0.994399 -0.0579644 0 0.137372 -0.0645955 0 
2 -0.222348 0.143251 0 -1.03151 -0.214445 0 
dMomentum = 5.20417e-18 3.483e-18 0
dEnergy = -0.0434819
0 -0.723259 -0.0697611 0 1.0672 0.346965 0 
1 1.00007 -0.0610725 0 0.0899384 -0.0598593 0 
2 -0.276812 0.130834 0 -1.15714 -0.287106 0 
dMomentum = 5.69206e-18 3.2255e-18 0
dEnergy = -0.0440794
0 -0.663776 -0.0497566 0 1.33581 0.466672 0 
1 1.00342 -0.0639615 0 0.0442326 -0.0558174 0 
2 -0.339641 0.113718 0 -1.38004 -0.410855 0 
dMomentum = 5.09575e-18 2.33103e-18 0
dEnergy = -0.0483328
0 -0.584671 -0.0199718 0 1.93951 0.801654 0 
1 1.00451 -0.0666638 0 -0.000215876 -0.0523707 0 
2 -0.419839 0.0866356 0 -1.93929 -0.749284 0 
dMomentum = 6.72205e-18 1.6263e-18 0
dEnergy = -0.029163
0 -0.567924 0.0473673 0 -2.56486 -0.0719038 0 
1 1.0034 -0.0692055 0 -0.0440819 -0.0493362 0 
2 -0.435477 0.0218382 0 2.60894 0.12124 0 
dMomentum = 9.75782e-18 1.87025e-18 0
dEnergy = -0.0415856
0 -0.661656 0.0393874 0 -1.48426 -0.186811 0 
1 1.00008 -0.0715947 0 -0.0888937 -0.0461805 0 
2 -0.338425 0.0322073 0 1.57316 0.232991 0 
dMomentum = 1.0842e-17 1.95156e-18 0
dEnergy = -0.0424736
0 -0.726115 0.0299833 0 -1.13354 -0.186587 0 
1 0.994476 -0.0738157 0 -0.135546 -0.0425753 0 
2 -0.268361 0.0438324 0 1.26909 0.229162 0 
dMomentum = 1.05168e-17 1.95156e-18 0
dEnergy = -0.0427371
0 -0.777258 0.0208375 0 -0.926529 -0.178915 0 
1 0.986483 -0.0758411 0 -0.18455 -0.0383259 0 
2 -0.209225 0.0550036 0 1.11108 0.217241 0 
dMomentum = 1.05168e-17 1.95156e-18 0
dEnergy = -0.042856
0 -0.819728 0.012103 0 -0.779529 -0.170502 0 
1 0.975968 -0.0776338 0 -0.236439 -0.033234 0 
2 -0.156241 0.0655308 0 1.01597 0.203736 0 
dMomentum = 1.12757e-17 1.95156e-18 0
dEnergy = -0.0429234
0 -0.855731 0.00378112 0 -0.664968 -0.162482 0 
1 0.962775 -0.079146 0 -0.29185 -0.0270641 0 
2 -0.107043 0.0753648 0 0.956818 0.189546 0 
dMomentum = 1.04083e-17 1.87025e-18 0
dEnergy = -0.0429688
0 -0.886547 -0.00415467 0 -0.570535 -0.155068 0 
1 0.946706 -0.0803165 0 -0.351591 -0.0195105 0 
2 -0.0601591 0.0844712 0 0.922127 0.174579 0 
dMomentum = 9.86624e-18 2.03288e-18 0
dEnergy = -0.0430044
0 -0.913002 -0.0117352 0 -0.489716 -0.148267 0 
1 0.927519 -0.0810662 0 -0.416739 -0.010153 0 
2 -0.0145179 0.0928014 0 0.906455 0.15842 0 
dMomentum = 9.86624e-18 1.97867e-18 0
dEnergy = -0.0430369
0 -0.935673 -0.0189902 0 -0.41866 -0.142036 0 
1 0.90491 -0.0812907 0 -0.488784 0.00161824 0 
2 0.0307623 0.100281 0 0.907445 0.140418 0 
dMomentum = 9.43256e-18 2.00577e-18 0
dEnergy = -0.0430717
0 -0.954982 -0.025947 0 -0.354905 -0.136331 0 
1 0.878483 -0.0808475 0 -0.56989 0.0167373 0 
2 0.0764992 0.106795 0 0.924796 0.119594 0 
dMomentum = 9.43256e-18 1.95156e-18 0
dEnergy = -0.0431149
0 -0.971251 -0.0326309 0 -0.296775 -0.131112 0 
1 0.847708 -0.0795346 0 -0.663365 0.0367297 0 
2 0.123543 0.112165 0 0.960141 0.0943825 0 
dMomentum = 9.97466e-18 1.89735e-18 0
dEnergy = -0.0431772
0 -0.984728 -0.0390653 0 -0.24307 -0.126349 0 
1 0.811842 -0.0770473 0 -0.774633 0.0642983 0 
2 0.172886 0.116113 0 1.0177 0.0620508 0 
dMomentum = 9.32414e-18 1.92446e-18 0
dEnergy = -0.0432827
0 -0.995611 -0.0452726 0 -0.192887 -0.122021 0 
1 0.769777 -0.0728892 0 -0.913473 0.104795 0 
2 0.225834 0.118162 0 1.10636 0.0172254 0 
dMomentum = 1.06252e-17 1.8567e-18 0
dEnergy = -0.0435017
0 -1.00406 -0.051274 0 -0.145506 -0.118114 0 
1 0.719695 -0.0661492 0 -1.10018 0.170743 0 
2 0.284363 0.117423 0 1.24569 -0.0526295 0 
dMomentum = 9.54098e-18 1.92446e-18 0
dEnergy = -0.0441406
0 -1.01019 -0.0570904 0 -0.100311 -0.114619 0 
1 0.658109 -0.0547864 0 -1.38806 0.301102 0 
2 0.352085 0.111877 0 1.48837 -0.186484 0 
dMomentum = 1.0842e-17 2.35814e-18 0
dEnergy = -0.0486189
0 -1.01411 -0.0627422 0 -0.0566945 -0.111524 0 
1 0.575848 -0.0317705 0 -2.0075 0.73013 0 
2 0.438263 0.0945128 0 2.06419 -0.618606 0 
dMomentum = 1.36609e-17 1.0842e-19 0
dEnergy = -0.0217422
0 -1.01587 -0.0682476 0 -0.0138406 -0.108706 0 
1 0.536599 0.0800259 0 2.61362 1.36396 0 
2 0.479272 -0.0117783 0 -2.59978 -1.25525 0 
dMomentum = 1.20889e-17 9.48677e-20 0
dEnergy = -0.0413029
0 -1.01549 -0.0736142 0 0.0292908 -0.105986 0 
1 0.63488 0.113122 0 1.57798 0.361348 0 
2 0.380607 -0.0395077 0 -1.60727 -0.255362 0 
dMomentum = 1.24141e-17 8.80914e-20 0
dEnergy = -0.0423953
0 -1.01292 -0.078847 0 0.0736607 -0.103331 0 
1 0.703794 0.125975 0 1.21826 0.182277 0 
2 0.309123 -0.0471278 0 -1.29192 -0.0789458 0 
dMomentum = 1.16552e-17 1.35525e-19 0
dEnergy = -0.0427001
0 -1.00809 -0.0839459 0 0.119842 -0.100608 0 
1 0.758987 0.132862 0 1.00415 0.101695 0 
2 0.249099 -0.0489165 0 -1.12399 -0.00108676 0 
dMomentum = 1.23057e-17 6.77626e-20 0
dEnergy = -0.0428325
0 -1.00089 -0.0889042 0 0.16834 -0.0976845 0 
1 0.805192 0.136677 0 0.851529 0.0545581 0 
2 0.195698 -0.0477731 0 -1.01987 0.0431263 0 
dMomentum = 1.21566e-17 5.42101e-20 0
dEnergy = -0.0429051
0 -0.991199 -0.0937084 0 0.219703 -0.0944209 0 
1 0.844676 0.138572 0 0.732346 0.0231788 0 
2 0.146523 -0.0448637 0 -0.952049 0.071242 0 
dMomentum = 1.1086e-17 1.6263e-19 0
dEnergy = -0.0429519
0 -0.978855 -0.0983375 0 0.274589 -0.0906512 0 
1 0.87876 0.139137 0 0.634008 0.000609389 0 
2 0.100095 -0.0408 0 -0.908597 0.0900418 0 
dMomentum = 1.01644e-17 5.42101e-20 0
dEnergy = -0.0429865
0 -0.963662 -0.102761 0 0.333829 -0.0861652 0 
1 0.908303 0.138722 0 0.549838 -0.0164811 0 
2 0.0553594 -0.0359604 0 -0.883667 0.102646 0 
dMomentum = 9.73071e-18 0 0
dEnergy = -0.0430158
0 -0.945376 -0.106937 0 0.398528 -0.0806783 0 
1 0.933906 0.137549 0 0.475887 -0.029909 0 
2 0.0114699 -0.0306116 0 -0.874415 0.110587 0 
dMomentum = 8.97177e-18 -8.13152e-20 0
dEnergy = -0.0430443
0 -0.923686 -0.110805 0 0.470218 -0.0737819 0 
1 0.956012 0.135772 0 0.409635 -0.0407597 0 
2 -0.0323259 -0.0249672 0 -0.879853 0.114542 0 
dMomentum = 8.83625e-18 -5.42101e-20 0
dEnergy = -0.0430761
0 -0.898193 -0.114281 0 0.551122 -0.0648521 0 
1 0.974962 0.133503 0 0.349375 -0.049729 0 
2 -0.0767692 -0.0192222 0 -0.900497 0.114581 0 
dMomentum = 8.70072e-18 -8.13152e-20 0
dEnergy = -0.0431168
0 -0.868356 -0.117239 0 0.644648 -0.0528669 0 
1 0.991023 0.130822 0 0.293897 -0.0572901 0 
2 -0.122667 -0.0135832 0 -0.938544 0.110157 0 
dMomentum = 8.3348e-18 -1.0842e-19 0
dEnergy = -0.0431765
0 -0.833417 -0.119485 0 0.756405 -0.036003 0 
1 1.00441 0.127791 0 0.242307 -0.0637816 0 
2 -0.170995 -0.0083054 0 -0.998711 0.0997846 0 
dMomentum = 8.40257e-18 -5.42101e-20 0
dEnergy = -0.0432785
0 -0.792235 -0.120697 0 0.896567 -0.0106079 0 
1 1.0153 0.124457 0 0.193918 -0.0694595 0 
2 -0.223067 -0.00375959 0 -1.09048 0.0800674 0 
dMomentum = 8.15862e-18 -1.21973e-19 0
dEnergy = -0.0434907
0 -0.74293 -0.120264 0 1.08645 0.0319944 0 
1 1.02384 0.120855 0 0.148179 -0.0745287 0 
2 -0.280912 -0.000590633 0 -1.23463 0.0425343 0 
dMomentum = 9.6494e-18 -6.77626e-20 0
dEnergy = -0.0441096
0 -0.681853 -0.116785 0 1.38303 0.119356 0 
1 1.03015 0.11701 0 0.104616 -0.0791673 0 
2 -0.348299 -0.000225677 0 -1.48765 -0.0401887 0 
dMomentum = 1.13841e-17 -2.43945e-19 0
dEnergy = -0.0484514
0 -0.599112 -0.105258 0 2.04648 0.423037 0 
1 1.03433 0.112942 0 0.0627654 -0.0835498 0 
2 -0.435217 -0.00768347 0 -2.10925 -0.339488 0 
dMomentum = 7.37257e-18 1.6263e-19 0
dEnergy = -0.0237318
0 -0.553972 -0.00940519 0 -2.54891 1.27239 0 
1 1.03644 0.108656 0 0.0219489 -0.0878705 0 
2 -0.482471 -0.0992507 0 2.52696 -1.18452 0 
dMomentum = 7.37257e-18 4.87891e-19 0
dEnergy = -0.0413873
0 -0.649462 0.0244602 0 -1.53576 0.41151 0 
1 1.03652 0.104151 0 -0.0189524 -0.0923797 0 
2 -0.387055 -0.128611 0 1.55471 -0.31913 0 
dMomentum = 8.67362e-18 4.06576e-19 0
dEnergy = -0.042416
0 -0.71664 0.0401406 0 -1.18919 0.242242 0 
1 1.03453 0.0994104 0 -0.0607266 -0.0973097 0 
2 -0.317888 -0.139551 0 1.24991 -0.144932 0 
dMomentum = 9.32414e-18 3.79471e-19 0
dEnergy = -0.0427072
0 -0.770554 0.050071 0 -0.981348 0.162912 0 
1 1.03042 0.0944115 0 -0.103858 -0.10272 0 
2 -0.259864 -0.144482 0 1.08521 -0.0601919 0 
dMomentum = 9.6494e-18 2.1684e-19 0
dEnergy = -0.0428347
0 -0.815796 0.0569491 0 -0.831925 0.115203 0 
1 1.02409 0.0891182 0 -0.148867 -0.108667 0 
2 -0.208297 -0.146067 0 0.980792 -0.00653658 0 
dMomentum = 9.75782e-18 2.98156e-19 0
dEnergy = -0.0429044
0 -0.854427 0.0618625 0 -0.714551 0.0828641 0 
1 1.01546 0.0835129 0 -0.196128 -0.115187 0 
2 -0.161032 -0.145375 0 0.91068 0.0323225 0 
dMomentum = 1.04083e-17 2.1684e-19 0
dEnergy = -0.042949
0 -0.887714 0.0653941 0 -0.617153 0.0592987 0 
1 1.00439 0.0775653 0 -0.246176 -0.122341 0 
2 -0.116676 -0.142959 0 0.863329 0.0630423 0 
dMomentum = 1.01915e-17 2.71051e-19 0
dEnergy = -0.0429814
0 -0.916482 0.0678944 0 -0.533318 0.0412998 0 
1 0.99073 0.0712416 0 -0.299668 -0.130212 0 
2 -0.0742477 -0.139136 0 0.832986 0.0889118 0 
dMomentum = 9.6494e-18 2.98156e-19 0
dEnergy = -0.0430079
0 -0.941307 0.0695939 0 -0.459248 0.0271017 0 
1 0.974286 0.0645034 0 -0.357453 -0.138909 0 
2 -0.0329789 -0.134097 0 0.816702 0.111807 0 
dMomentum = 1.01915e-17 3.25261e-19 0
dEnergy = -0.0430324
0 -0.962614 0.0706543 0 -0.392517 0.0156444 0 
1 0.954817 0.0573057 0 -0.420674 -0.148587 0 
2 0.00779741 -0.12796 0 0.813191 0.132942 0 
dMomentum = 1.07336e-17 1.89735e-19 0
dEnergy = -0.0430581
0 -0.980726 0.0711947 0 -0.33148 0.00624812 0 
1 0.932011 0.0495941 0 -0.490929 -0.159462 0 
2 0.048715 -0.120789 0 0.822409 0.153214 0 
dMomentum = 1.05168e-17 2.43945e-19 0
dEnergy = -0.0430886
0 -0.995898 0.0713062 0 -0.274973 -0.00154574 0 
1 0.905462 0.0413012 0 -0.570568 -0.171854 0 
2 0.0904359 -0.112607 0 0.845541 0.1734 0 
dMomentum = 1.01915e-17 1.6263e-19 0
dEnergy = -0.0431297
0 -1.00833 0.0710604 0 -0.222137 -0.00806047 0 
1 0.874615 0.0323397 0 -0.663256 -0.186247 0 
2 0.133719 -0.1034 0 0.885393 0.194308 0 
dMomentum = 9.86624e-18 1.35525e-19 0
dEnergy = -0.0431924
0 -1.0182 0.0705153 0 -0.172321 -0.0135333 0 
1 0.838675 0.0225914 0 -0.775162 -0.203428 0 
2 0.179526 -0.0931066 0 0.947484 0.216961 0 
dMomentum = 9.1073e-18 1.35525e-19 0
dEnergy = -0.0433038
0 -1.02564 0.0697182 0 -0.125011 -0.0181459 0 
1 0.796423 0.0118853 0 -0.917864 -0.22478 0 
2 0.229214 -0.0816035 0 1.04287 0.242926 0 
dMomentum = 8.78204e-18 1.0842e-19 0
dEnergy = -0.0435491
0 -1.03076 0.0687085 0 -0.0797819 -0.0220452 0 
1 0.745767 -4.79889e-05 0 -1.11698 -0.25306 0 
2 0.28499 -0.0686606 0 1.19676 0.275106 0 
dMomentum = 7.80626e-18 1.0842e-19 0
dEnergy = -0.0443505
0 -1.03366 0.0675187 0 -0.0362652 -0.0253603 0 
1 0.682368 -0.0136957 0 -1.44857 -0.294945 0 
2 0.351288 -0.053823 0 1.48484 0.320305 0 
dMomentum = 1.0842e-17 3.79471e-19 0
dEnergy = -0.0537918
0 -1.03441 0.0661747 0 0.00590903 -0.0282247 0 
1 0.591949 -0.0301511 0 -2.40379 -0.369234 0 
2 0.44246 -0.0360236 0 2.39788 0.397458 0 
dMomentum = 1.11131e-17 2.1684e-19 0
dEnergy = 9.14359
0 -1.03307 0.0646944 0 0.0473191 -0.0308418 0 
1 0.517716 0.0733534 0 0.221071 3.6332 0 
2 0.515357 -0.138048 0 -0.26839 -3.60236 0 
dMomentum = 1.13299e-17 -6.50521e-19 0
dEnergy = 9.13656
0 -1.02968 0.0630865 0 0.0879503 -0.0333162 0 
1 0.52792 0.241378 0 0.187917 3.20581 0 
2 0.501756 -0.304464 0 -0.275868 -3.17249 0 
dMomentum = 1.16281e-17 6.50521e-19 0
dEnergy = 9.13592
0 -1.02429 0.0613586 0 0.126818 -0.0356323 0 
1 0.536678 0.398849 0 0.16258 3.09633 0 
2 0.487608 -0.460207 0 -0.289397 -3.0607 0 
dMomentum = 1.14112e-17 -1.73472e-18 0
dEnergy = 9.13573
0 -1.01701 0.0595185 0 0.163182 -0.0377914 0 
1 0.544271 0.552481 0 0.141094 3.04161 0 
2 0.472736 -0.611999 0 -0.304276 -3.00381 0 
dMomentum = 1.12757e-17 -1.73472e-18 0
dEnergy = 9.13565
0 -1.00798 0.0575741 0 0.196556 -0.0398015 0 
1 0.550857 0.703926 0 0.122215 3.00621 0 
2 0.457125 -0.7615 0 -0.318771 -2.96641 0 
dMomentum = 1.13299e-17 -2.38524e-18 0
dEnergy = 9.13561
0 -0.997364 0.0555325 0 0.226686 -0.0416728 0 
1 0.556552 0.853847 0 0.105536 2.97979 0 
2 0.440812 -0.909379 0 -0.332221 -2.93812 0 
dMomentum = 1.12757e-17 -2.1684e-18 0
dEnergy = 9.13559
0 -0.98532 0.0534005 0 0.253518 -0.043414 0 
1 0.561463 1.00258 0 0.0908464 2.95833 0 
2 0.423857 -1.05598 0 -0.344365 -2.91491 0 
dMomentum = 1.12215e-17 -1.95156e-18 0
dEnergy = 9.13557
0 -0.972012 0.0511843 0 0.277154 -0.0450323 0 
1 0.565684 1.15032 0 0.0779747 2.93997 0 
2 0.406328 -1.2015 0 -0.355129 -2.89494 0 
dMomentum = 1.14112e-17 -3.90313e-18 0
dEnergy = 9.13556
0 -0.957597 0.0488901 0 0.297797 -0.0465329 0 
1 0.569302 1.2972 0 0.066749 2.9238 0 
2 0.388295 -1.34609 0 -0.364546 -2.87727 0 
dMomentum = 1.18991e-17 -6.72205e-18 0
dEnergy = 9.13555
0 -0.942217 0.0465235 0 0.315714 -0.0479205 0 
1 0.572396 1.44331 0 0.0569947 2.90929 0 
2 0.369821 -1.48983 0 -0.372708 -2.86137 0 
dMomentum = 1.20346e-17 -3.68629e-18 0
dEnergy = 9.13554
0 -0.926001 0.0440901 0 0.331194 -0.0491999 0 
1 0.575034 1.58873 0 0.0485397 2.89615 0 
2 0.350967 -1.63282 0 -0.379734 -2.84695 0 
dMomentum = 1.21973e-17 -2.81893e-18 0
dEnergy = 9.13554
0 -0.909065 0.0415953 0 0.344531 -0.050376 0 
1 0.577278 1.73352 0 0.0412203 2.88416 0 
2 0.331788 -1.77512 0 -0.385751 -2.83379 0 
dMomentum = 1.29562e-17 -7.58942e-18 0
dEnergy = 9.13553
0 -0.891509 0.039044 0 0.356002 -0.0514545 0 
1 0.57918 1.87774 0 0.0348858 2.87318 0 
2 0.312329 -1.91678 0 -0.390888 -2.82173 0 
dMomentum = 1.33086e-17 -7.37257e-18 0
dEnergy = 9.13553
0 -0.87342 0.0364409 0 0.365862 -0.0524416 0 
1 0.580787 2.02143 0 0.0294006 2.8631 0 
2 0.292633 -2.05787 0 -0.395263 -2.81066 0 
dMomentum = 1.32273e-17 -8.0231e-18 0
dEnergy = 9.13552
0 -0.854872 0.0337906 0 0.374339 -0.0533437 0 
1 0.582137 2.16464 0 0.0246451 2.85383 0 
2 0.272734 -2.19843 0 -0.398984 -2.80048 0 
dMomentum = 1.3146e-17 -7.15573e-18 0
dEnergy = 9.13552
0 -0.83593 0.0310971 0 0.381631 -0.0541675 0 
1 0.583266 2.3074 0 0.0205152 2.84528 0 
2 0.252664 -2.33849 0 -0.402147 -2.79111 0 
dMomentum = 1.35254e-17 -1.12757e-17 0
dEnergy = 9.13552
0 -0.816649 0.0283642 0 0.387913 -0.0549194 0 
1 0.584202 2.44974 0 0.0169212 2.83738 0 
2 0.232447 -2.47811 0 -0.404834 -2.78246 0 
dMomentum = 1.35796e-17 -1.01915e-17 0
dEnergy = 9.13551
0 -0.797075 0.0255952 0 0.393331 -0.0556058 0 
1 0.584969 2.59171 0 0.0137864 2.83008 0 
2 0.212106 -2.61731 0 -0.407117 -2.77447 0 
dMomentum = 1.35796e-17 -1.04083e-17 0
dEnergy = 9.13551
0 -0.777249 0.0227934 0 0.398012 -0.0562326 0 
1 0.585589 2.73332 0 0.0110451 2.82331 0 
2 0.191659 -2.75612 0 -0.409057 -2.76708 0 
dMomentum = 1.38236e-17 -9.75782e-18 0
dEnergy = 9.13551
0 -0.757204 0.0199616 0 0.402064 -0.0568056 0 
1 0.586081 2.87461 0 0.00864165 2.81703 0 
2 0.171123 -2.89457 0 -0.410706 -2.76023 0 
dMomentum = 1.3932e-17 -1.0842e-17 0
dEnergy = 9.13551
0 -0.73697 0.0171022 0 0.405577 -0.0573298 0 
1 0.58646 3.0156 0 0.00652889 2.8112 0 
2 0.150511 -3.0327 0 -0.412106 -2.75387 0 
dMomentum = 1.36609e-17 -9.32414e-18 0
dEnergy = 9.1355
0 -0.716573 0.0142178 0 0.40863 -0.05781 0 
1 0.586739 3.1563 0 0.00466667 2.80577 0 
2 0.129833 -3.17052 0 -0.413296 -2.74796 0 
dMomentum = 1.32273e-17 -1.01915e-17 0
dEnergy = 9.1355
0 -0.696032 0.0113103 0 0.411286 -0.0582506 0 
1 0.586931 3.29674 0 0.00302091 2.80071 0 
2 0.109101 -3.30805 0 -0.414307 -2.74246 0 
dMomentum = 1.30375e-17 -1.32273e-17 0
dEnergy = 9.1355
0 -0.675367 0.00838165 0 0.413602 -0.0586552 0 
1 0.587045 3.43694 0 0.00156266 2.79598 0 
2 0.0883223 -3.44532 0 -0.415164 -2.73732 0 
dMomentum = 1.32273e-17 -1.40946e-17 0
dEnergy = 9.1355
0 -0.654594 0.00543355 0 0.415624 -0.0590276 0 
1 0.58709 3.5769 0 0.000267263 2.79155 0 
2 0.0675039 -3.58234 0 -0.415891 -2.73253 0 
dMomentum = 1.29833e-17 -1.45283e-17 0
dEnergy = 9.1355
0 -0.633726 0.00246754 0 0.417392 -0.0593707 0 
1 0.587074 3.71666 0 -0.000886317 2.78741 0 
2 0.0466518 -3.71912 0 -0.416506 -2.72804 0 
dMomentum = 1.29562e-17 -1.64799e-17 0
dEnergy = 9.1355
0 -0.612775 -0.000514992 0 0.418941 -0.0596875 0 
1 0.587003 3.85621 0 -0.00191607 2.78352 0 
2 0.0257715 -3.85569 0 -0.417024 -2.72383 0 
dMomentum = 1.30646e-17 -1.95156e-17 0
dEnergy = 9.1355
0 -0.591751 -0.00351278 0 0.420298 -0.0599804 0 
1 0.586884 3.99557 0 -0.0028374 2.77987 0 
2 0.00486732 -3.99206 0 -0.417461 -2.71989 0 
dMomentum = 1.31731e-17 -2.21177e-17 0
dEnergy = 9.13549
0 -0.570663 -0.00652469 0 0.42149 -0.0602516 0 
1 0.58672 4.13475 0 -0.00366356 2.77643 0 
2 -0.0160569 -4.12823 0 -0.417826 -2.71617 0 
dMomentum = 1.31731e-17 -2.1684e-17 0
dEnergy = 9.13549
0 -0.54952 -0.00954969 0 0.422536 -0.0605033 0 
1 0.586518 4.27377 0 -0.00440595 2.77318 0 
2 -0.0369979 -4.26422 0 -0.41813 -2.71268 0 
dMomentum = 1.33086e-17 -2.38524e-17 0
dEnergy = 9.13549
0 -0.528327 -0.0125868 0 0.423456 -0.0607372 0 
1 0.58628 4.41263 0 -0.00507442 2.77013 0 
2 -0.0579527 -4.40004 0 -0.418382 -2.70939 0 
dMomentum = 1.32273e-17 -2.12504e-17 0
dEnergy = 9.13549
0 -0.507091 -0.0156353 0 0.424265 -0.0609548 0 
1 0.58601 4.55134 0 -0.0056775 2.76723 0 
2 -0.078919 -4.5357 0 -0.418587 -2.70628 0 
dMomentum = 1.31731e-17 -1.79978e-17 0
dEnergy = 9.13549
0 -0.485818 -0.0186943 0 0.424976 -0.0611577 0 
1 0.585712 4.68991 0 -0.00622259 2.7645 0 
2 -0.0998945 -4.67121 0 -0.418754 -2.70334 0 
dMomentum = 1.30646e-17 -2.29851e-17 0
dEnergy = 9.13549
0 -0.46451 -0.0217631 0 0.425602 -0.0613471 0 
1 0.585388 4.82834 0 -0.00671614 2.76191 0 
2 -0.120878 -4.80658 0 -0.418886 -2.70056 0 
dMomentum = 1.27936e-17 -1.86483e-17 0
dEnergy = 9.13549
0 -0.443173 -0.0248411 0 0.426153 -0.0615243 0 
1 0.58504 4.96665 0 -0.00716377 2.75945 0 
2 -0.141866 -4.94181 0 -0.418989 -2.69792 0 
dMomentum = 1.32002e-17 -1.86483e-17 0
dEnergy = 9.13549
0 -0.421811 -0.0279277 0 0.426636 -0.0616901 0 
1 0.584671 5.10484 0 -0.0075704 2.75711 0 
2 -0.16286 -5.07691 0 -0.419066 -2.69542 0 
dMomentum = 1.31731e-17 -1.71304e-17 0
dEnergy = 9.13549
0 -0.400425 -0.0310223 0 0.427061 -0.0618457 0 
1 0.584282 5.24292 0 -0.00794034 2.75489 0 
2 -0.183856 -5.21189 0 -0.41912 -2.69305 0 
dMomentum = 1.34983e-17 -1.66967e-17 0
dEnergy = 9.13549
0 -0.37902 -0.0341245 0 0.427433 -0.0619917 0 
1 0.583875 5.38088 0 -0.00827738 2.75278 0 
2 -0.204855 -5.34676 0 -0.419155 -2.69079 0 
dMomentum = 1.36067e-17 -1.56125e-17 0
dEnergy = 9.13549
0 -0.357597 -0.0372337 0 0.427759 -0.0621291 0 
1 0.583453 5.51875 0 -0.00858487 2.75076 0 
2 -0.225856 -5.48151 0 -0.419174 -2.68863 0 
dMomentum = 1.3417e-17 -1.34441e-17 0
dEnergy = 9.13549
0 -0.336159 -0.0403497 0 0.428043 -0.0622584 0 
1 0.583016 5.65651 0 -0.00886574 2.74884 0 
2 -0.246856 -5.61616 0 -0.419177 -2.68658 0 
dMomentum = 1.2902e-17 -1.36609e-17 0
dEnergy = 9.13549
0 -0.314708 -0.0434719 0 0.428291 -0.0623803 0 
1 0.582565 5.79418 0 -0.00912262 2.74701 0 
2 -0.267857 -5.75071 0 -0.419168 -2.68463 0 
dMomentum = 1.25496e-17 -1.60462e-17 0
dEnergy = 9.13549
0 -0.293245 -0.0466001 0 0.428506 -0.0624954 0 
1 0.582102 5.93176 0 -0.00935782 2.74526 0 
2 -0.288857 -5.88516 0 -0.419148 -2.68276 0 
dMomentum = 1.17636e-17 -1.12757e-17 0
dEnergy = 9.13548
0 -0.271772 -0.0497338 0 0.428692 -0.0626041 0 
1 0.581628 6.06926 0 -0.0095734 2.74358 0 
2 -0.309855 -6.01952 0 -0.419119 -2.68098 0 
dMomentum = 1.18449e-17 -1.14925e-17 0
dEnergy = 9.13548
0 -0.250291 -0.0528729 0 0.428852 -0.062707 0 
1 0.581143 6.20667 0 -0.00977119 2.74197 0 
2 -0.330852 -6.1538 0 -0.419081 -2.67927 0 
dMomentum = 1.18991e-17 -9.32414e-18 0
dEnergy = 9.13548
0 -0.228802 -0.056017 0 0.428988 -0.0628045 0 
1 0.580649 6.344 0 -0.00995283 2.74044 0 
2 -0.351847 -6.28799 0 -0.419035 -2.67763 0 
dMomentum = 1.17094e-17 -9.54098e-18 0
dEnergy = 9.13548
0 -0.207306 -0.0591659 0 0.429104 -0.0628969 0 
1 0.580146 6.48126 0 -0.0101198 2.73896 0 
2 -0.37284 -6.4221 0 -0.418984 -2.67606 0 
dMomentum = 1.17365e-17 -1.0842e-17 0
dEnergy = 9.13548
0 -0.185806 -0.0623192 0 0.429201 -0.0629846 0 
1 0.579635 6.61845 0 -0.0102733 2.73755 0 
2 -0.393829 -6.55613 0 -0.418927 -2.67456 0 
dMomentum = 1.17636e-17 -1.06252e-17 0
dEnergy = 9.13548
0 -0.164301 -0.0654769 0 0.429281 -0.063068 0 
1 0.579117 6.75557 0 -0.0104147 2.73619 0 
2 -0.414816 -6.69009 0 -0.418866 -2.67312 0 
dMomentum = 1.20346e-17 -9.97466e-18 0
dEnergy = 9.13548
0 -0.142792 -0.0686386 0 0.429346 -0.0631473 0 
1 0.578592 6.89262 0 -0.0105449 2.73488 0 
2 -0.4358 -6.82398 0 -0.418801 -2.67173 0 
dMomentum = 1.22244e-17 -1.19262e-17 0
dEnergy = 9.13548
0 -0.12128 -0.0718042 0 0.429397 -0.0632228 0 
1 0.57806 7.0296 0 -0.010665 2.73362 0 
2 -0.45678 -6.9578 0 -0.418732 -2.6704 0 
dMomentum = 1.18449e-17 -1.21431e-17 0
dEnergy = 9.13548
0 -0.0997666 -0.0749734 0 0.429436 -0.0632947 0 
1 0.577523 7.16653 0 -0.0107757 2.73241 0 
2 -0.477756 -7.09155 0 -0.418661 -2.66912 0 
dMomentum = 1.18449e-17 -1.34441e-17 0
dEnergy = 9.13548
0 -0.0782511 -0.0781462 0 0.429465 -0.0633633 0 
1 0.576981 7.30339 0 -0.0108778 2.73125 0 
2 -0.49873 -7.22524 0 -0.418587 -2.66788 0 
dMomentum = 1.24954e-17 -9.32414e-18 0
dEnergy = 9.13548
0 -0.0567344 -0.0813224 0 0.429483 -0.0634288 0 
1 0.576433 7.4402 0 -0.0109721 2.73012 0 
2 -0.519699 -7.35887 0 -0.418511 -2.66669 0 
dMomentum = 1.27665e-17 -1.27936e-17 0
dEnergy = 9.13548
0 -0.035217 -0.0845018 0 0.429493 -0.0634913 0 
1 0.575881 7.57695 0 -0.0110592 2.72904 0 
2 -0.540664 -7.49245 0 -0.418434 -2.66555 0 
dMomentum = 1.23328e-17 -1.01915e-17 0
dEnergy = 9.13548
0 -0.0136993 -0.0876842 0 0.429495 -0.0635511 0 
1 0.575325 7.71365 0 -0.0111396 2.72799 0 
2 -0.561626 -7.62596 0 -0.418355 -2.66444 0 
dMomentum = 1.20617e-17 -7.58942e-18 0
dEnergy = 9.13548
0 0.00781824 -0.0908695 0 0.429489 -0.0636084 0 
1 0.574765 7.85029 0 -0.0112139 2.72698 0 
2 -0.582584 -7.75942 0 -0.418275 -2.66338 0 
dMomentum = 1.19533e-17 -7.37257e-18 0
dEnergy = 9.13548
0 0.0293354 -0.0940577 0 0.429478 -0.0636632 0 
1 0.574202 7.98689 0 -0.0112826 2.72601 0 
2 -0.603537 -7.89283 0 -0.418195 -2.66235 0 
dMomentum = 1.16281e-17 -6.07153e-18 0
dEnergy = 9.13548
0 0.0508518 -0.0972486 0 0.42946 -0.0637157 0 
1 0.573635 8.12344 0 -0.011346 2.72507 0 
2 -0.624487 -8.02619 0 -0.418114 -2.66135 0 
dMomentum = 1.13028e-17 -6.72205e-18 0
dEnergy = 9.13548
0 0.0723672 -0.100442 0 0.429437 -0.0637661 0 
1 0.573065 8.25994 0 -0.0114047 2.72415 0 
2 -0.645432 -8.1595 0 -0.418033 -2.66039 0 
dMomentum = 1.14654e-17 -6.50521e-18 0
dEnergy = 9.13548
0 0.0938813 -0.103638 0 0.42941 -0.0638145 0 
1 0.572492 8.3964 0 -0.0114589 2.72327 0 
2 -0.666373 -8.29276 0 -0.417951 -2.65946 0 
dMomentum = 1.15196e-17 -7.15573e-18 0
dEnergy = 9.13548
0 0.115394 -0.106836 0 0.429378 -0.0638609 0 
1 0.571917 8.53282 0 -0.011509 2.72242 0 
2 -0.687311 -8.42598 0 -0.417869 -2.65855 0 
dMomentum = 1.12757e-17 -4.33681e-18 0
dEnergy = 9.13548
0 0.136905 -0.110037 0 0.429343 -0.0639056 0 
1 0.571339 8.66919 0 -0.0115553 2.72159 0 
2 -0.708244 -8.55915 0 -0.417787 -2.65768 0 
dMomentum = 1.12486e-17 -3.68629e-18 0
dEnergy = 9.13548
0 0.158414 -0.113239 0 0.429304 -0.0639485 0 
1 0.570759 8.80552 0 -0.0115981 2.72078 0 
2 -0.729173 -8.69228 0 -0.417706 -2.65684 0 
dMomentum = 1.1357e-17 -5.85469e-18 0
dEnergy = 9.13548
0 0.179921 -0.116444 0 0.429262 -0.0639898 0 
1 0.570177 8.94181 0 -0.0116376 2.72001 0 
2 -0.750098 -8.82537 0 -0.417625 -2.65602 0 
dMomentum = 1.12215e-17 -9.97466e-18 0
dEnergy = 9.13548
0 0.201426 -0.119651 0 0.429218 -0.0640296 0 
1 0.569593 9.07806 0 -0.011674 2.71925 0 
2 -0.771019 -8.95841 0 -0.417544 -2.65522 0 
dMomentum = 1.11131e-17 -8.23994e-18 0
dEnergy = 9.13548
0 0.222929 -0.12286 0 0.429171 -0.0640679 0 
1 0.569007 9.21428 0 -0.0117076 2.71852 0 
2 -0.791936 -9.09142 0 -0.417463 -2.65445 0 
dMomentum = 1.14112e-17 -5.20417e-18 0
dEnergy = 9.13548
0 0.244386 -0.126064 0 0.429122 -0.0641047 0 
1 0.568421 9.35019 0 -0.0117386 2.71781 0 
2 -0.812807 -9.22412 0 -0.417384 -2.6537 0 
dMomentum = 1.1601e-17 -1.95156e-18 0
dEnergy = 9.13548
0 0.265841 -0.129271 0 0.429072 -0.0641403 0 
1 0.567833 9.48606 0 -0.0117671 2.71712 0 
2 -0.833674 -9.35679 0 -0.417305 -2.65298 0 
dMomentum = 1.15468e-17 1.30104e-18 0
dEnergy = 9.13548
0 0.287293 -0.132478 0 0.429019 -0.0641746 0 
1 0.567244 9.6219 0 -0.0117933 2.71645 0 
2 -0.854538 -9.48942 0 -0.417226 -2.65228 0 
dMomentum = 1.15468e-17 -1.95156e-18 0
dEnergy = 9.13548
0 0.308743 -0.135688 0 0.428966 -0.0642078 0 
1 0.566654 9.75771 0 -0.0118175 2.7158 0 
2 -0.875397 -9.62202 0 -0.417148 -2.65159 0 
dMomentum = 1.16552e-17 -2.38524e-18 0
dEnergy = 9.13548
0 0.33019 -0.138899 0 0.42891 -0.0642398 0 
1 0.566063 9.89348 0 -0.0118396 2.71516 0 
2 -0.896252 -9.75458 0 -0.417071 -2.65093 0 
dMomentum = 1.20075e-17 -8.67362e-19 0
dEnergy = 9.13548
0 0.351634 -0.142112 0 0.428854 -0.0642707 0 
1 0.56547 10.0292 0 -0.01186 2.71455 0 
2 -0.917104 -9.88711 0 -0.416994 -2.65028 0 
dMomentum = 1.18991e-17 -3.25261e-18 0
dEnergy = 9.13548
0 0.373075 -0.145326 0 0.428797 -0.0643006 0 
1 0.564877 10.1649 0 -0.0118786 2.71395 0 
2 -0.937952 -10.0196 0 -0.416919 -2.64965 0 
dMomentum = 1.14383e-17 -4.55365e-18 0
dEnergy = 9.13548
0 0.394514 -0.148542 0 0.428739 -0.0643296 0 
1 0.564282 10.3006 0 -0.0118956 2.71336 0 
2 -0.958796 -10.1521 0 -0.416844 -2.64904 0 
dMomentum = 1.12486e-17 -2.38524e-18 0
dEnergy = 9.13548
0 0.415949 -0.151759 0 0.42868 -0.0643576 0 
1 0.563687 10.4363 0 -0.0119112 2.7128 0 
2 -0.979636 -10.2845 0 -0.416769 -2.64844 0 
dMomentum = 1.11131e-17 -3.03577e-18 0
dEnergy = 9.13548
0 0.437382 -0.154978 0 0.428621 -0.0643847 0 
1 0.563091 10.5719 0 -0.0119253 2.71224 0 
2 -1.00047 -10.4169 0 -0.416696 -2.64786 0 
dMomentum = 1.11944e-17 -4.33681e-18 0
dEnergy = 9.13548
0 0.458811 -0.158198 0 0.428561 -0.064411 0 
1 0.562495 10.7075 0 -0.0119382 2.7117 0 
2 -1.02131 -10.5493 0 -0.416623 -2.64729 0 
dMomentum = 1.11402e-17 -6.28837e-18 0
dEnergy = 9.13548
0 0.480238 -0.161419 0 0.428501 -0.0644365 0 
1 0.561897 10.8431 0 -0.0119498 2.71118 0 
2 -1.04214 -10.6816 0 -0.416552 -2.64674 0 
dMomentum = 1.07878e-17 -8.23994e-18 0
dEnergy = 9.13548
0 0.501661 -0.164641 0 0.428441 -0.0644612 0 
1 0.5613 10.9786 0 -0.0119603 2.71066 0 
2 -1.06296 -10.814 0 -0.416481 -2.6462 0 
dMomentum = 1.06794e-17 -1.21431e-17 0
dEnergy = 9.13548
0 0.523082 -0.167865 0 0.42838 -0.0644852 0 
1 0.560701 11.1141 0 -0.0119697 2.71016 0 
2 -1.08378 -10.9463 0 -0.416411 -2.64568 0 
dMomentum = 1.05439e-17 -1.14925e-17 0
dEnergy = 9.13548
0 0.544499 -0.17109 0 0.428319 -0.0645085 0 
1 0.560103 11.2496 0 -0.0119781 2.70967 0 
2 -1.1046 -11.0785 0 -0.416341 -2.64516 0 
dMomentum = 1.02728e-17 -9.32414e-18 0
dEnergy = 9.13548
0 0.565914 -0.174316 0 0.428258 -0.0645311 0 
1 0.559504 11.3851 0 -0.0119856 2.7092 0 
2 -1.12542 -11.2108 0 -0.416273 -2.64466 0 
dMomentum = 1.02186e-17 -9.54098e-18 0
dEnergy = 9.13548
0 0.587325 -0.177543 0 0.428197 -0.064553 0 
1 0.558904 11.5205 0 -0.0119922 2.70873 0 
2 -1.14623 -11.343 0 -0.416205 -2.64418 0 
dMomentum = 9.89334e-18 -8.67362e-18 0
dEnergy = 9.13548
0 0.608733 -0.180771 0 0.428136 -0.0645743 0 
1 0.558304 11.656 0 -0.011998 2.70827 0 
2 -1.16704 -11.4752 0 -0.416139 -2.6437 0 
dMomentum = 1.01644e-17 -8.67362e-18 0
dEnergy = 9.13548
0 0.630139 -0.184 0 0.428076 -0.064595 0 
1 0.557704 11.7914 0 -0.012003 2.70783 0 
2 -1.18784 -11.6074 0 -0.416073 -2.64324 0 
dMomentum = 1.02457e-17 -8.67362e-18 0
dEnergy = 9.13548
0 0.651541 -0.187231 0 0.428015 -0.0646151 0 
1 0.557104 11.9268 0 -0.0120073 2.7074 0 
2 -1.20865 -11.7395 0 -0.416008 -2.64278 0 
dMomentum = 1.05439e-17 -7.15573e-18 0
dEnergy = 9.13548
0 0.67294 -0.190462 0 0.427954 -0.0646347 0 
1 0.556504 12.0621 0 -0.0120109 2.70697 0 
2 -1.22944 -11.8717 0 -0.415943 -2.64234 0 
dMomentum = 1.01373e-17 -5.63785e-18 0
dEnergy = 9.13548
0 0.694336 -0.193694 0 0.427894 -0.0646538 0 
1 0.555903 12.1975 0 -0.0120139 2.70656 0 
2 -1.25024 -12.0038 0 -0.41588 -2.6419 0 
dMomentum = 1.03541e-17 -9.97466e-18 0
dEnergy = 9.13548
0 0.71573 -0.196927 0 0.427834 -0.0646723 0 
1 0.555302 12.3328 0 -0.0120163 2.70615 0 
2 -1.27103 -12.1358 0 -0.415817 -2.64148 0 
dMomentum = 1.08962e-17 -1.19262e-17 0
dEnergy = 9.13548
0 0.73712 -0.200161 0 0.427774 -0.0646904 0 
1 0.554701 12.4681 0 -0.0120181 2.70575 0 
2 -1.29182 -12.2679 0 -0.415755 -2.64106 0 
dMomentum = 1.08962e-17 -1.17094e-17 0
dEnergy = 9.13548
0 0.758507 -0.203396 0 0.427714 -0.064708 0 
1 0.554101 12.6033 0 -0.0120194 2.70537 0 
2 -1.31261 -12.4 0 -0.415694 -2.64066 0 
dMomentum = 1.14383e-17 -1.14925e-17 0
dEnergy = 9.13548
0 0.779891 -0.206632 0 0.427654 -0.0647251 0 
1 0.5535 12.7386 0 -0.0120202 2.70499 0 
2 -1.33339 -12.532 0 -0.415634 -2.64026 0 
dMomentum = 1.13841e-17 -1.27936e-17 0
dEnergy = 9.13548
0 0.801272 -0.209869 0 0.427595 -0.0647418 0 
1 0.552899 12.8738 0 -0.0120206 2.70461 0 
2 -1.35417 -12.664 0 -0.415575 -2.63987 0 
dMomentum = 1.17907e-17 -1.4962e-17 0
dEnergy = 9.13548
0 0.822651 -0.213106 0 0.427537 -0.0647581 0 
1 0.552297 13.0091 0 -0.0120205 2.70425 0 
2 -1.37495 -12.796 0 -0.415516 -2.63949 0 
dMomentum = 1.18178e-17 -1.71304e-17 0
dEnergy = 9.13548
0 0.844026 -0.216345 0 0.427478 -0.0647739 0 
1 0.551696 13.1443 0 -0.01202 2.70389 0 
2 -1.39572 -12.9279 0 -0.415458 -2.63912 0 
dMomentum = 1.19533e-17 -1.66967e-17 0
dEnergy = 9.13548
0 0.865399 -0.219584 0 0.42742 -0.0647894 0 
1 0.551095 13.2795 0 -0.0120192 2.70354 0 
2 -1.41649 -13.0599 0 -0.415401 -2.63875 0 
dMomentum = 1.12215e-17 -1.56125e-17 0
dEnergy = 9.13548
0 0.886768 -0.222823 0 0.427363 -0.0648045 0 
1 0.550495 13.4146 0 -0.012018 2.7032 0 
2 -1.43726 -13.1918 0 -0.415345 -2.6384 0 
dMomentum = 1.09504e-17 -1.38778e-17 0
dEnergy = 9.13548
0 0.908135 -0.226064 0 0.427305 -0.0648192 0 
1 0.549894 13.5498 0 -0.0120164 2.70287 0 
2 -1.45803 -13.3237 0 -0.415289 -2.63805 0 
dMomentum = 1.06252e-17 -1.34441e-17 0
dEnergy = 9.13548
0 0.929499 -0.229305 0 0.427249 -0.0648336 0 
1 0.549293 13.6849 0 -0.0120145 2.70254 0 
2 -1.47879 -13.4556 0 -0.415234 -2.6377 0 
dMomentum = 1.05168e-17 -1.17094e-17 0
dEnergy = 9.13548
0 0.95086 -0.232547 0 0.427192 -0.0648476 0 
1 0.548692 13.82 0 -0.0120124 2.70222 0 
2 -1.49955 -13.5875 0 -0.41518 -2.63737 0 
dMomentum = 1.07607e-17 -1.23599e-17 0
dEnergy = 9.13548
0 0.972218 -0.23579 0 0.427136 -0.0648613 0 
1 0.548092 13.9551 0 -0.0120099 2.7019 0 
2 -1.52031 -13.7193 0 -0.415126 -2.63704 0 
dMomentum = 1.08691e-17 -1.0842e-17 0
dEnergy = 9.13548
0 0.993573 -0.239034 0 0.427081 -0.0648747 0 
1 0.547491 14.0902 0 -0.0120072 2.70159 0 
2 -1.54106 -13.8512 0 -0.415073 -2.63672 0 
dMomentum = 1.09233e-17 -1.19262e-17 0
dEnergy = 9.13548
0 1.01493 -0.242278 0 0.427026 -0.0648878 0 
1 0.546891 14.2253 0 -0.0120043 2.70129 0 
2 -1.56182 -13.983 0 -0.415021 -2.6364 0 
dMomentum = 1.09233e-17 -1.10589e-17 0
dEnergy = 9.13548
0 1.03628 -0.245522 0 0.426971 -0.0649006 0 
1 0.546291 14.3604 0 -0.0120011 2.70099 0 
2 -1.58257 -14.1148 0 -0.41497 -2.63609 0 
dMomentum = 1.08149e-17 -1.40946e-17 0
dEnergy = 9.13548
0 1.05762 -0.248768 0 0.426917 -0.0649131 0 
1 0.545691 14.4954 0 -0.0119977 2.7007 0 
2 -1.60331 -14.2466 0 -0.414919 -2.63578 0 
dMomentum = 1.08962e-17 -1.45283e-17 0
dEnergy = 9.13548
0 1.07897 -0.252014 0 0.426863 -0.0649253 0 
1 0.545091 14.6304 0 -0.0119942 2.70041 0 
2 -1.62406 -14.3784 0 -0.414869 -2.63548 0 
dMomentum = 1.06794e-17 -1.19262e-17 0
dEnergy = 9.13548
0 1.10031 -0.25526 0 0.42681 -0.0649373 0 
1 0.544491 14.7654 0 -0.0119904 2.70013 0 
2 -1.6448 -14.5102 0 -0.414819 -2.63519 0 
dMomentum = 1.01373e-17 -1.14925e-17 0
dEnergy = 9.13548
0 1.12165 -0.258507 0 0.426757 -0.064949 0 
1 0.543892 14.9004 0 -0.0119864 2.69985 0 
2 -1.66554 -14.6419 0 -0.41477 -2.6349 0 
dMomentum = 1.01102e-17 -1.12757e-17 0
dEnergy = 9.13548
0 1.14298 -0.261755 0 0.426704 -0.0649604 0 
1 0.543293 15.0354 0 -0.0119823 2.69958 0 
2 -1.68628 -14.7737 0 -0.414722 -2.63462 0 
dMomentum = 1.01102e-17 -1.12757e-17 0
dEnergy = 9.13548
0 1.16432 -0.265003 0 0.426653 -0.0649716 0 
1 0.542694 15.1704 0 -0.0119781 2.69931 0 
2 -1.70701 -14.9054 0 -0.414675 -2.63434 0 
dMomentum = 1.03541e-17 -1.12757e-17 0
dEnergy = 9.13548
0 1.18565 -0.268252 0 0.426601 -0.0649826 0 
1 0.542095 15.3054 0 -0.0119737 2.69905 0 
2 -1.72775 -15.0371 0 -0.414627 -2.63407 0 
dMomentum = 1.0571e-17 -9.97466e-18 0
dEnergy = 9.13548
0 1.20698 -0.271502 0 0.42655 -0.0649933 0 
1 0.541496 15.4403 0 -0.0119692 2.69879 0 
2 -1.74848 -15.1688 0 -0.414581 -2.6338 0 
dMomentum = 1.03812e-17 -8.67362e-18 0
dEnergy = 9.13548
0 1.22831 -0.274752 0 0.4265 -0.0650038 0 
1 0.540898 15.5752 0 -0.0119645 2.69854 0 
2 -1.7692 -15.3005 0 -0.414535 -2.63354 0 
dMomentum = 1.04626e-17 -7.58942e-18 0
dEnergy = 9.13548
0 1.24963 -0.278002 0 0.42645 -0.0650141 0 
1 0.5403 15.7102 0 -0.0119597 2.69829 0 
2 -1.78993 -15.4321 0 -0.41449 -2.63328 0 
dMomentum = 1.05168e-17 -9.75782e-18 0
dEnergy = 9.13548
0 1.27095 -0.281253 0 0.4264 -0.0650242 0 
1 0.539702 15.8451 0 -0.0119548 2.69805 0 
2 -1.81065 -15.5638 0 -0.414445 -2.63303 0 
dMomentum = 1.0327e-17 -1.04083e-17 0
dEnergy = 9.13548
0 1.29227 -0.284504 0 0.426351 -0.0650341 0 
1 0.539104 15.98 0 -0.0119499 2.69781 0 
2 -1.83137 -15.6955 0 -0.414401 -2.63278 0 
dMomentum = 1.02999e-17 -9.32414e-18 0
dEnergy = 9.13548
0 1.31359 -0.287756 0 0.426302 -0.0650438 0 
1 0.538507 16.1148 0 -0.0119448 2.69757 0 
2 -1.85209 -15.8271 0 -0.414357 -2.63253 0 
dMomentum = 1.01915e-17 -1.23599e-17 0
dEnergy = 9.13548
0 1.3349 -0.291009 0 0.426254 -0.0650533 0 
1 0.53791 16.2497 0 -0.0119396 2.69734 0 
2 -1.87281 -15.9587 0 -0.414314 -2.63229 0 
dMomentum = 1.03812e-17 -9.97466e-18 0
dEnergy = 9.13548
0 1.35621 -0.294262 0 0.426206 -0.0650626 0 
1 0.537313 16.3846 0 -0.0119344 2.69711 0 
2 -1.89352 -16.0903 0 -0.414272 -2.63205 0 
dMomentum = 1.0571e-17 -8.89046e-18 0
dEnergy = 9.13548
0 1.37752 -0.297515 0 0.426159 -0.0650717 0 
1 0.536717 16.5194 0 -0.0119291 2.69689 0 
2 -1.91424 -16.2219 0 -0.41423 -2.63182 0 
dMomentum = 1.05981e-17 -1.17094e-17 0
dEnergy = 9.13548
0 1.39883 -0.300769 0 0.426112 -0.0650807 0 
1 0.53612 16.6543 0 -0.0119237 2.69667 0 
2 -1.93495 -16.3535 0 -0.414188 -2.63159 0 
dMomentum = 1.06523e-17 -1.21431e-17 0
dEnergy = 9.13548
0 1.42013 -0.304023 0 0.426066 -0.0650895 0 
1 0.535524 16.7891 0 -0.0119183 2.69645 0 
2 -1.95566 -16.4851 0 -0.414147 -2.63136 0 
dMomentum = 1.08962e-17 -8.89046e-18 0
dEnergy = 9.13548
0 1.44143 -0.307278 0 0.42602 -0.0650981 0 
1 0.534928 16.9239 0 -0.0119128 2.69624 0 
2 -1.97636 -16.6166 0 -0.414107 -2.63114 0 
dMomentum = 1.05168e-17 -6.93889e-18 0
dEnergy = 9.13548
0 1.46273 -0.310533 0 0.425974 -0.0651065 0 
1 0.534333 17.0587 0 -0.0119072 2.69603 0 
2 -1.99707 -16.7482 0 -0.414067 -2.63092 0 
dMomentum = 1.04626e-17 -6.07153e-18 0
dEnergy = 9.13548
0 1.48403 -0.313789 0 0.425929 -0.0651148 0 
1 0.533738 17.1935 0 -0.0119016 2.69582 0 
2 -2.01777 -16.8797 0 -0.414027 -2.63071 0 
dMomentum = 1.05168e-17 -7.37257e-18 0
dEnergy = 9.13548
0 1.50533 -0.317044 0 0.425884 -0.065123 0 
1 0.533143 17.3283 0 -0.011896 2.69562 0 
2 -2.03847 -17.0113 0 -0.413988 -2.6305 0 
dMomentum = 1.09233e-17 -6.50521e-18 0
dEnergy = 9.13548
0 1.52662 -0.320301 0 0.42584 -0.065131 0 
1 0.532548 17.4631 0 -0.0118903 2.69542 0 
2 -2.05917 -17.1428 0 -0.41395 -2.63029 0 
dMomentum = 1.1086e-17 -6.50521e-18 0
dEnergy = 9.13548
0 1.54791 -0.323558 0 0.425796 -0.0651388 0 
1 0.531954 17.5978 0 -0.0118846 2.69522 0 
2 -2.07986 -17.2743 0 -0.413912 -2.63008 0 
dMomentum = 1.0842e-17 -4.11997e-18 0
dEnergy = 9.13548
0 1.5692 -0.326815 0 0.425753 -0.0651465 0 
1 0.53136 17.7326 0 -0.0118789 2.69503 0 
2 -2.10056 -17.4058 0 -0.413874 -2.62988 0 
dMomentum = 1.08149e-17 -4.11997e-18 0
dEnergy = 9.13548
0 1.59049 -0.330072 0 0.42571 -0.0651541 0 
1 0.530766 17.8673 0 -0.0118731 2.69484 0 
2 -2.12125 -17.5373 0 -0.413837 -2.62968 0 
dMomentum = 1.06252e-17 -4.33681e-18 0
dEnergy = 9.13548
0 1.61177 -0.33333 0 0.425667 -0.0651616 0 
1 0.530172 18.0021 0 -0.0118673 2.69465 0 
2 -2.14194 -17.6687 0 -0.4138 -2.62949 0 
dMomentum = 1.0327e-17 -5.20417e-18 0
dEnergy = 9.13548
0 1.63305 -0.336588 0 0.425625 -0.0651689 0 
1 0.529579 18.1368 0 -0.0118615 2.69446 0 
2 -2.16263 -17.8002 0 -0.413764 -2.62929 0 
dMomentum = 1.05439e-17 -8.0231e-18 0
dEnergy = 9.13548
0 1.65433 -0.339847 0 0.425584 -0.065176 0 
1 0.528986 18.2715 0 -0.0118556 2.69428 0 
2 -2.18332 -17.9317 0 -0.413728 -2.6291 0 
dMomentum = 1.01102e-17 -6.28837e-18 0
dEnergy = 9.13548
0 1.67561 -0.343106 0 0.425542 -0.0651831 0 
1 0.528394 18.4062 0 -0.0118498 2.6941 0 
2 -2.204 -18.0631 0 -0.413692 -2.62892 0 
dMomentum = 1.02186e-17 -1.27936e-17 0
dEnergy = 9.13548
0 1.69689 -0.346365 0 0.425501 -0.06519 0 
1 0.527801 18.5409 0 -0.0118439 2.69392 0 
2 -2.22469 -18.1946 0 -0.413657 -2.62873 0 
dMomentum = 1.03812e-17 -1.21431e-17 0
dEnergy = 9.13548
0 1.71816 -0.349625 0 0.425461 -0.0651969 0 
1 0.527209 18.6756 0 -0.011838 2.69375 0 
2 -2.24537 -18.326 0 -0.413623 -2.62855 0 
dMomentum = 1.01915e-17 -1.06252e-17 0
dEnergy = 9.13548
0 1.73943 -0.352885 0 0.42542 -0.0652036 0 
1 0.526617 18.8103 0 -0.0118322 2.69357 0 
2 -2.26605 -18.4574 0 -0.413588 -2.62837 0 
dMomentum = 1.04083e-17 -6.72205e-18 0
dEnergy = 9.13548
0 1.7607 -0.356145 0 0.425381 -0.0652102 0 
1 0.526026 18.945 0 -0.0118263 2.6934 0 
2 -2.28673 -18.5888 0 -0.413554 -2.62819 0 
dMomentum = 1.04897e-17 -7.58942e-18 0
dEnergy = 9.13548
0 1.78197 -0.359406 0 0.425341 -0.0652167 0 
1 0.525435 19.0797 0 -0.0118204 2.69324 0 
2 -2.30741 -18.7202 0 -0.413521 -2.62802 0 
dMomentum = 1.05439e-17 -7.37257e-18 0
dEnergy = 9.13548
0 1.80324 -0.362667 0 0.425302 -0.065223 0 
1 0.524844 19.2143 0 -0.0118145 2.69307 0 
2 -2.32808 -18.8516 0 -0.413488 -2.62785 0 
dMomentum = 1.09504e-17 -8.23994e-18 0
dEnergy = 9.13548
0 1.8245 -0.365928 0 0.425264 -0.0652293 0 
1 0.524253 19.349 0 -0.0118086 2.69291 0 
2 -2.34875 -18.983 0 -0.413455 -2.62768 0 
dMomentum = 1.12757e-17 -8.89046e-18 0
dEnergy = 9.13548
0 1.84576 -0.36919 0 0.425225 -0.0652355 0 
1 0.523663 19.4836 0 -0.0118027 2.69275 0 
2 -2.36943 -19.1144 0 -0.413423 -2.62751 0 
dMomentum = 1.07607e-17 -8.0231e-18 0
dEnergy = 9.13548
0 1.86702 -0.372452 0 0.425187 -0.0652416 0 
1 0.523073 19.6182 0 -0.0117968 2.69259 0 
2 -2.3901 -19.2458 0 -0.413391 -2.62735 0 
dMomentum = 1.08962e-17 -7.80626e-18 0
dEnergy = 9.13548
0 1.88828 -0.375714 0 0.42515 -0.0652475 0 
1 0.522483 19.7529 0 -0.0117909 2.69243 0 
2 -2.41077 -19.3771 0 -0.413359 -2.62719 0 
dMomentum = 1.09504e-17 -1.04083e-17 0
dEnergy = 9.13548
0 1.90954 -0.378977 0 0.425113 -0.0652534 0 
1 0.521894 19.8875 0 -0.011785 2.69228 0 
2 -2.43143 -19.5085 0 -0.413328 -2.62703 0 
dMomentum = 1.1357e-17 -9.54098e-18 0
dEnergy = 9.13548
0 1.93079 -0.382239 0 0.425076 -0.0652592 0 
1 0.521305 20.0221 0 -0.0117791 2.69213 0 
2 -2.4521 -19.6398 0 -0.413297 -2.62687 0 
dMomentum = 1.12757e-17 -7.37257e-18 0
dEnergy = 9.13548
0 1.95205 -0.385503 0 0.425039 -0.0652649 0 
1 0.520716 20.1567 0 -0.0117732 2.69198 0 
2 -2.47276 -19.7712 0 -0.413266 -2.62671 0 
dMomentum = 1.15739e-17 -1.12757e-17 0
dEnergy = 9.13548
0 1.9733 -0.388766 0 0.425003 -0.0652705 0 
1 0.520128 20.2913 0 -0.0117674 2.69183 0 
2 -2.49342 -19.9025 0 -0.413236 -2.62656 0 
dMomentum = 1.17636e-17 -1.43115e-17 0
dEnergy = 9.13548
0 1.99455 -0.39203 0 0.424967 -0.0652761 0 
1 0.519539 20.4259 0 -0.0117615 2.69169 0 
2 -2.51409 -20.0338 0 -0.413206 -2.62641 0 
dMomentum = 1.1872e-17 -1.53957e-17 0
dEnergy = 9.13548
0 2.01579 -0.395294 0 0.424932 -0.0652815 0 
1 0.518951 20.5605 0 -0.0117557 2.69154 0 
2 -2.53475 -20.1652 0 -0.413176 -2.62626 0 
dMomentum = 1.1872e-17 -1.58294e-17 0
dEnergy = 9.13548
0 2.03704 -0.398558 0 0.424897 -0.0652869 0 
1 0.518364 20.695 0 -0.0117499 2.6914 0 
2 -2.5554 -20.2965 0 -0.413147 -2.62611 0 
dMomentum = 1.1872e-17 -1.58294e-17 0
dEnergy = 9.13548
0 2.05828 -0.401822 0 0.424862 -0.0652922 0 
1 0.517776 20.8296 0 -0.0117441 2.69126 0 
2 -2.57606 -20.4278 0 -0.413118 -2.62597 0 
dMomentum = 1.20617e-17 -1.47451e-17 0
dEnergy = 9.13548
0 2.07953 -0.405087 0 0.424827 -0.0652974 0 
1 0.517189 20.9642 0 -0.0117383 2.69112 0 
2 -2.59671 -20.5591 0 -0.413089 -2.62582 0 
dMomentum = 1.18449e-17 -1.4962e-17 0
dEnergy = 9.13548
0 2.10077 -0.408352 0 0.424793 -0.0653025 0 
1 0.516603 21.0987 0 -0.0117325 2.69098 0 
2 -2.61737 -20.6904 0 -0.413061 -2.62568 0 
dMomentum = 1.17365e-17 -1.45283e-17 0
dEnergy = 9.13548
0 2.122 -0.411617 0 0.424759 -0.0653075 0 
1 0.516016 21.2333 0 -0.0117267 2.69085 0 
2 -2.63802 -20.8216 0 -0.413032 -2.62554 0 
dMomentum = 1.18991e-17 -1.56125e-17 0
dEnergy = 9.13548
0 2.14324 -0.414883 0 0.424726 -0.0653125 0 
1 0.51543 21.3678 0 -0.011721 2.69072 0 
2 -2.65867 -20.9529 0 -0.413005 -2.6254 0 
dMomentum = 1.16281e-17 -1.73472e-17 0
dEnergy = 9.13548
0 2.16448 -0.418148 0 0.424692 -0.0653174 0 
1 0.514844 21.5023 0 -0.0117153 2.69059 0 
2 -2.67932 -21.0842 0 -0.412977 -2.62527 0 
dMomentum = 1.16281e-17 -1.60462e-17 0
dEnergy = 9.13548
0 2.18571 -0.421414 0 0.424659 -0.0653222 0 
1 0.514258 21.6368 0 -0.0117096 2.69046 0 
2 -2.69997 -21.2154 0 -0.41295 -2.62513 0 
dMomentum = 1.13841e-17 -1.47451e-17 0
dEnergy = 9.13548
0 2.20694 -0.424681 0 0.424627 -0.065327 0 
1 0.513673 21.7714 0 -0.0117039 2.69033 0 
2 -2.72062 -21.3467 0 -0.412923 -2.625 0 
dMomentum = 1.12486e-17 -1.47451e-17 0
dEnergy = 9.13548
0 2.22817 -0.427947 0 0.424594 -0.0653317 0 
1 0.513088 21.9059 0 -0.0116982 2.6902 0 
2 -2.74126 -21.4779 0 -0.412896 -2.62487 0 
dMomentum = 1.09775e-17 -1.19262e-17 0
dEnergy = 9.13548
0 2.2494 -0.431214 0 0.424562 -0.0653363 0 
1 0.512503 22.0404 0 -0.0116926 2.69008 0 
2 -2.76191 -21.6092 0 -0.41287 -2.62474 0 
dMomentum = 1.14383e-17 -1.36609e-17 0
dEnergy = 9.13548
0 2.27063 -0.434481 0 0.424531 -0.0653409 0 
1 0.511919 22.1749 0 -0.011687 2.68995 0 
2 -2.78255 -21.7404 0 -0.412844 -2.62461 0 
dMomentum = 1.11673e-17 -1.40946e-17 0
dEnergy = 9.13548
0 2.29186 -0.437748 0 0.424499 -0.0653454 0 
1 0.511335 22.3094 0 -0.0116814 2.68983 0 
2 -2.80319 -21.8716 0 -0.412818 -2.62449 0 
dMomentum = 1.08691e-17 -1.6263e-17 0
dEnergy = 9.13548
0 2.31308 -0.441015 0 0.424468 -0.0653498 0 
1 0.510751 22.4439 0 -0.0116758 2.68971 0 
2 -2.82383 -22.0029 0 -0.412792 -2.62436 0 
dMomentum = 1.07607e-17 -1.51788e-17 0
dEnergy = 9.13548
0 2.3343 -0.444283 0 0.424437 -0.0653542 0 
1 0.510167 22.5784 0 -0.0116702 2.68959 0 
2 -2.84447 -22.1341 0 -0.412767 -2.62424 0 
dMomentum = 1.07336e-17 -1.40946e-17 0
dEnergy = 9.13548
0 2.35552 -0.447551 0 0.424407 -0.0653585 0 
1 0.509584 22.7128 0 -0.0116647 2.68947 0 
2 -2.86511 -22.2653 0 -0.412742 -2.62412 0 
dMomentum = 1.0571e-17 -1.23599e-17 0
dEnergy = 9.13548
0 2.37674 -0.450819 0 0.424376 -0.0653628 0 
1 0.509001 22.8473 0 -0.0116592 2.68936 0 
2 -2.88574 -22.3965 0 -0.412717 -2.624 0 
dMomentum = 1.07878e-17 -1.36609e-17 0
dEnergy = 9.13548
0 2.39796 -0.454087 0 0.424346 -0.065367 0 
1 0.508418 22.9818 0 -0.0116537 2.68924 0 
2 -2.90638 -22.5277 0 -0.412692 -2.62388 0 
dMomentum = 1.0571e-17 -1.14925e-17 0
dEnergy = 9.13548
0 2.41918 -0.457355 0 0.424316 -0.0653712 0 
1 0.507835 23.1162 0 -0.0116482 2.68913 0 
2 -2.92701 -22.6589 0 -0.412668 -2.62376 0 
dMomentum = 1.07607e-17 -9.1073e-18 0
dEnergy = 9.13548
0 2.44039 -0.460624 0 0.424287 -0.0653753 0 
1 0.507253 23.2507 0 -0.0116428 2.68902 0 
2 -2.94765 -22.7901 0 -0.412644 -2.62364 0 
dMomentum = 1.07336e-17 -8.67362e-18 0
dEnergy = 9.13548
0 2.46161 -0.463893 0 0.424258 -0.0653793 0 
1 0.506671 23.3851 0 -0.0116374 2.68891 0 
2 -2.96828 -22.9212 0 -0.41262 -2.62353 0 
dMomentum = 1.0842e-17 -6.07153e-18 0
dEnergy = 9.13548
0 2.48282 -0.467162 0 0.424228 -0.0653833 0 
1 0.506089 23.5196 0 -0.011632 2.6888 0 
2 -2.98891 -23.0524 0 -0.412596 -2.62341 0 
dMomentum = 1.08691e-17 -3.68629e-18 0
dEnergy = 9.13548
0 2.50403 -0.470431 0 0.4242 -0.0653872 0 
1 0.505508 23.654 0 -0.0116266 2.68869 0 
2 -3.00954 -23.1836 0 -0.412573 -2.6233 0 
dMomentum = 1.08962e-17 -1.73472e-18 0
dEnergy = 9.13548
0 2.52524 -0.473701 0 0.424171 -0.0653911 0 
1 0.504926 23.7884 0 -0.0116213 2.68858 0 
2 -3.03017 -23.3147 0 -0.41255 -2.62319 0 
dMomentum = 1.07878e-17 -1.30104e-18 0
dEnergy = 9.13548
0 2.54645 -0.47697 0 0.424143 -0.0653949 0 
1 0.504346 23.9229 0 -0.011616 2.68848 0 
2 -3.05079 -23.4459 0 -0.412527 -2.62308 0 
dMomentum = 1.05981e-17 -4.55365e-18 0
dEnergy = 9.13548
0 2.56765 -0.48024 0 0.424115 -0.0653987 0 
1 0.503765 24.0573 0 -0.0116107 2.68837 0 
2 -3.07142 -23.577 0 -0.412504 -2.62297 0 
dMomentum = 1.04897e-17 -6.50521e-18 0
dEnergy = 9.13548
0 2.58886 -0.48351 0 0.424087 -0.0654025 0 
1 0.503184 24.1917 0 -0.0116054 2.68827 0 
2 -3.09204 -23.7082 0 -0.412482 -2.62287 0 
dMomentum = 1.05168e-17 -9.1073e-18 0
dEnergy = 9.13548
0 2.61006 -0.486781 0 0.42406 -0.0654061 0 
1 0.502604 24.3261 0 -0.0116002 2.68817 0 
2 -3.11267 -23.8393 0 -0.412459 -2.62276 0 
dMomentum = 1.07878e-17 -1.27936e-17 0
dEnergy = 9.13548
0 2.63126 -0.490051 0 0.424032 -0.0654098 0 
1 0.502024 24.4605 0 -0.011595 2.68806 0 
2 -3.13329 -23.9705 0 -0.412437 -2.62266 0 
dMomentum = 1.07336e-17 -1.06252e-17 0
dEnergy = 9.13548
0 2.65247 -0.493321 0 0.424005 -0.0654134 0 
1 0.501445 24.5949 0 -0.0115898 2.68796 0 
2 -3.15391 -24.1016 0 -0.412415 -2.62255 0 
dMomentum = 1.07065e-17 -9.75782e-18 0
dEnergy = 9.13548
0 2.67366 -0.496592 0 0.423978 -0.0654169 0 
1 0.500865 24.7293 0 -0.0115847 2.68787 0 
2 -3.17453 -24.2327 0 -0.412394 -2.62245 0 
dMomentum = 1.05439e-17 -1.01915e-17 0
dEnergy = 9.13548
0 2.69486 -0.499863 0 0.423952 -0.0654204 0 
1 0.500286 24.8637 0 -0.0115795 2.68777 0 
2 -3.19515 -24.3638 0 -0.412372 -2.62235 0 
dMomentum = 1.04897e-17 -7.15573e-18 0
dEnergy = 9.13548
0 2.71606 -0.503134 0 0.423926 -0.0654239 0 
1 0.499707 24.9981 0 -0.0115744 2.68767 0 
2 -3.21577 -24.495 0 -0.412351 -2.62225 0 
dMomentum = 1.06523e-17 -8.0231e-18 0
dEnergy = 9.13548
0 2.73726 -0.506406 0 0.423899 -0.0654273 0 
1 0.499129 25.1325 0 -0.0115694 2.68758 0 
2 -3.23638 -24.6261 0 -0.41233 -2.62215 0 
dMomentum = 1.0571e-17 -5.63785e-18 0
dEnergy = 9.13548
0 2.75845 -0.509677 0 0.423873 -0.0654307 0 
1 0.498551 25.2669 0 -0.0115643 2.68748 0 
2 -3.257 -24.7572 0 -0.412309 -2.62205 0 
dMomentum = 1.0842e-17 -4.33681e-18 0
dEnergy = 9.13548
0 2.77964 -0.512949 0 0.423848 -0.0654341 0 
1 0.497972 25.4012 0 -0.0115593 2.68739 0 
2 -3.27762 -24.8883 0 -0.412288 -2.62195 0 
dMomentum = 1.0842e-17 -3.68629e-18 0
dEnergy = 9.13548
0 2.80083 -0.51622 0 0.423822 -0.0654374 0 
1 0.497395 25.5356 0 -0.0115543 2.68729 0 
2 -3.29823 -25.0194 0 -0.412268 -2.62186 0 
dMomentum = 1.08149e-17 -4.98733e-18 0
dEnergy = 9.13548
0 2.82203 -0.519492 0 0.423797 -0.0654406 0 
1 0.496817 25.67 0 -0.0115493 2.6872 0 
2 -3.31884 -25.1505 0 -0.412248 -2.62176 0 
dMomentum = 1.06252e-17 -6.50521e-18 0
dEnergy = 9.13548
0 2.84321 -0.522764 0 0.423772 -0.0654438 0 
1 0.49624 25.8043 0 -0.0115444 2.68711 0 
2 -3.33945 -25.2815 0 -0.412228 -2.62167 0 
dMomentum = 1.05439e-17 -8.23994e-18 0
dEnergy = 9.13548
0 2.8644 -0.526037 0 0.423747 -0.065447 0 
1 0.495663 25.9387 0 -0.0115395 2.68702 0 
2 -3.36006 -25.4126 0 -0.412208 -2.62158 0 
dMomentum = 1.04354e-17 -8.23994e-18 0
dEnergy = 9.13548
0 2.88559 -0.529309 0 0.423722 -0.0654502 0 
1 0.495086 26.073 0 -0.0115346 2.68693 0 
2 -3.38067 -25.5437 0 -0.412188 -2.62148 0 
dMomentum = 1.05439e-17 -9.75782e-18 0
dEnergy = 9.13548
0 2.90677 -0.532582 0 0.423698 -0.0654533 0 
1 0.494509 26.2074 0 -0.0115297 2.68685 0 
2 -3.40128 -25.6748 0 -0.412168 -2.62139 0 
dMomentum = 1.06252e-17 -1.23599e-17 0
dEnergy = 9.13548
0 2.92796 -0.535855 0 0.423674 -0.0654564 0 
1 0.493933 26.3417 0 -0.0115249 2.68676 0 
2 -3.42189 -25.8058 0 -0.412149 -2.6213 0 
dMomentum = 1.05981e-17 -1.0842e-17 0
dEnergy = 9.13548
0 2.94914 -0.539127 0 0.42365 -0.0654594 0 
1 0.493357 26.476 0 -0.0115201 2.68667 0 
2 -3.4425 -25.9369 0 -0.41213 -2.62121 0 
dMomentum = 1.03541e-17 -7.58942e-18 0
dEnergy = 9.13548
0 2.97032 -0.5424 0 0.423626 -0.0654624 0 
1 0.492781 26.6104 0 -0.0115153 2.68659 0 
2 -3.4631 -26.068 0 -0.412111 -2.62112 0 
dMomentum = 1.02457e-17 -9.1073e-18 0
dEnergy = 9.13548
0 2.9915 -0.545674 0 0.423602 -0.0654654 0 
1 0.492205 26.7447 0 -0.0115105 2.6865 0 
2 -3.48371 -26.199 0 -0.412092 -2.62104 0 
dMomentum = 9.62229e-18 -9.1073e-18 0
dEnergy = 9.13548
0 3.01268 -0.548947 0 0.423579 -0.0654683 0 
1 0.49163 26.879 0 -0.0115058 2.68642 0 
2 -3.50431 -26.3301 0 -0.412073 -2.62095 0 
dMomentum = 9.45966e-18 -1.0842e-17 0
dEnergy = 9.13548
0 3.03386 -0.55222 0 0.423555 -0.0654712 0 
1 0.491055 27.0133 0 -0.0115011 2.68634 0 
2 -3.52492 -26.4611 0 -0.412054 -2.62086 0 
dMomentum = 9.51387e-18 -1.06252e-17 0
dEnergy = 9.13548
0 3.05504 -0.555494 0 0.423532 -0.0654741 0 
1 0.49048 27.1476 0 -0.0114964 2.68625 0 
2 -3.54552 -26.5922 0 -0.412036 -2.62078 0 
dMomentum = 9.51387e-18 -1.27936e-17 0
dEnergy = 9.13548
0 3.07622 -0.558768 0 0.42351 -0.0654769 0 
1 0.489905 27.282 0 -0.0114918 2.68617 0 
2 -3.56612 -26.7232 0 -0.412018 -2.6207 0 
dMomentum = 9.62229e-18 -9.1073e-18 0
dEnergy = 9.13548
0 3.09739 -0.562042 0 0.423487 -0.0654798 0 
1 0.48933 27.4163 0 -0.0114872 2.68609 0 
2 -3.58672 -26.8542 0 -0.412 -2.62061 0 
dMomentum = 9.6765e-18 -1.14925e-17 0
dEnergy = 9.13548
0 3.11856 -0.565316 0 0.423464 -0.0654825 0 
1 0.488756 27.5506 0 -0.0114826 2.68601 0 
2 -3.60732 -26.9853 0 -0.411982 -2.62053 0 
dMomentum = 9.35124e-18 -1.10589e-17 0
dEnergy = 9.13548
0 3.13974 -0.56859 0 0.423442 -0.0654853 0 
1 0.488182 27.6849 0 -0.011478 2.68593 0 
2 -3.62792 -27.1163 0 -0.411964 -2.62045 0 
dMomentum = 9.29703e-18 -8.45678e-18 0
dEnergy = 9.13548
0 3.16091 -0.571864 0 0.42342 -0.065488 0 
1 0.487608 27.8192 0 -0.0114734 2.68586 0 
2 -3.64852 -27.2473 0 -0.411946 -2.62037 0 
dMomentum = 9.6765e-18 -6.28837e-18 0
dEnergy = 9.13548
0 3.18208 -0.575139 0 0.423398 -0.0654907 0 
1 0.487035 27.9535 0 -0.0114689 2.68578 0 
2 -3.66911 -27.3783 0 -0.411929 -2.62029 0 
dMomentum = 9.51387e-18 -5.20417e-18 0
dEnergy = 9.13548
0 3.20325 -0.578413 0 0.423376 -0.0654933 0 
1 0.486461 28.0877 0 -0.0114644 2.6857 0 
2 -3.68971 -27.5093 0 -0.411912 -2.62021 0 
dMomentum = 9.54098e-18 -3.68629e-18 0
dEnergy = 9.13548
0 3.22442 -0.581688 0 0.423354 -0.065496 0 
1 0.485888 28.222 0 -0.0114599 2.68563 0 
2 -3.7103 -27.6403 0 -0.411894 -2.62013 0 
dMomentum = 9.08019e-18 -2.81893e-18 0
dEnergy = 9.13548
0 3.24558 -0.584963 0 0.423333 -0.0654986 0 
1 0.485315 28.3563 0 -0.0114555 2.68555 0 
2 -3.7309 -27.7713 0 -0.411877 -2.62005 0 
dMomentum = 9.45966e-18 -6.50521e-19 0
dEnergy = 9.13548
0 3.26675 -0.588238 0 0.423312 -0.0655012 0 
1 0.484743 28.4906 0 -0.0114511 2.68548 0 
2 -3.75149 -27.9023 0 -0.41186 -2.61998 0 
dMomentum = 9.29703e-18 -2.81893e-18 0
dEnergy = 9.13548
0 3.28791 -0.591513 0 0.42329 -0.0655037 0 
1 0.48417 28.6248 0 -0.0114467 2.6854 0 
2 -3.77209 -28.0333 0 -0.411844 -2.6199 0 
dMomentum = 9.6494e-18 0 0
dEnergy = 9.13548
0 3.30908 -0.594788 0 0.423269 -0.0655062 0 
1 0.483598 28.7591 0 -0.0114423 2.68533 0 
2 -3.79268 -28.1643 0 -0.411827 -2.61983 0 
dMomentum = 9.78492e-18 2.60209e-18 0
dEnergy = 9.13548
0 3.33024 -0.598064 0 0.423249 -0.0655087 0 
1 0.483026 28.8934 0 -0.011438 2.68526 0 
2 -3.81327 -28.2953 0 -0.411811 -2.61975 0 
dMomentum = 9.75782e-18 2.81893e-18 0
dEnergy = 9.13548
0 3.3514 -0.601339 0 0.423228 -0.0655112 0 
1 0.482454 29.0276 0 -0.0114336 2.68519 0 
2 -3.83386 -28.4263 0 -0.411794 -2.61968 0 
dMomentum = 9.92045e-18 6.50521e-19 0
dEnergy = 9.13548
0 3.37256 -0.604615 0 0.423207 -0.0655136 0 
1 0.481883 29.1619 0 -0.0114293 2.68512 0 
2 -3.85445 -28.5573 0 -0.411778 -2.6196 0 
dMomentum = 1.02186e-17 -1.95156e-18 0
dEnergy = 9.13548
0 3.39372 -0.607891 0 0.423187 -0.065516 0 
1 0.481311 29.2962 0 -0.0114251 2.68505 0 
2 -3.87504 -28.6883 0 -0.411762 -2.61953 0 
dMomentum = 1.03812e-17 -2.38524e-18 0
dEnergy = 9.13548
0 3.41488 -0.611167 0 0.423167 -0.0655184 0 
1 0.48074 29.4304 0 -0.0114208 2.68498 0 
2 -3.89562 -28.8192 0 -0.411746 -2.61946 0 
dMomentum = 1.05439e-17 -2.1684e-18 0
dEnergy = 9.13548
0 3.43604 -0.614443 0 0.423147 -0.0655208 0 
1 0.480169 29.5647 0 -0.0114166 2.68491 0 
2 -3.91621 -28.9502 0 -0.41173 -2.61939 0 
dMomentum = 1.04897e-17 -1.95156e-18 0
dEnergy = 9.13548
0 3.4572 -0.617719 0 0.423127 -0.0655232 0 
1 0.479599 29.6989 0 -0.0114124 2.68484 0 
2 -3.9368 -29.0812 0 -0.411715 -2.61932 0 
dMomentum = 1.02999e-17 -1.51788e-18 0
dEnergy = 9.13548
0 3.47835 -0.620995 0 0.423107 -0.0655255 0 
1 0.479028 29.8331 0 -0.0114082 2.68477 0 
2 -3.95738 -29.2121 0 -0.411699 -2.61925 0 
dMomentum = 1.05439e-17 -2.60209e-18 0
dEnergy = 9.13548
0 3.49951 -0.624271 0 0.423088 -0.0655278 0 
1 0.478458 29.9674 0 -0.0114041 2.68471 0 
2 -3.97797 -29.3431 0 -0.411684 -2.61918 0 
dMomentum = 1.11944e-17 -6.07153e-18 0
dEnergy = 9.13548
0 3.52066 -0.627548 0 0.423068 -0.0655301 0 
1 0.477888 30.1016 0 -0.0113999 2.68464 0 
2 -3.99855 -29.4741 0 -0.411668 -2.61911 0 
dMomentum = 1.11673e-17 -5.20417e-18 0
dEnergy = 9.13548
0 3.54182 -0.630824 0 0.423049 -0.0655323 0 
1 0.477318 30.2358 0 -0.0113958 2.68457 0 
2 -4.01913 -29.605 0 -0.411653 -2.61904 0 
dMomentum = 1.13028e-17 -3.25261e-18 0
dEnergy = 9.13548
0 3.56297 -0.634101 0 0.42303 -0.0655345 0 
1 0.476748 30.3701 0 -0.0113917 2.68451 0 
2 -4.03972 -29.736 0 -0.411638 -2.61897 0 
dMomentum = 1.1086e-17 -3.68629e-18 0
dEnergy = 9.13548
0 3.58412 -0.637378 0 0.423011 -0.0655367 0 
1 0.476179 30.5043 0 -0.0113877 2.68444 0 
2 -4.0603 -29.8669 0 -0.411623 -2.61891 0 
dMomentum = 1.08691e-17 -3.68629e-18 0
dEnergy = 9.13548
0 3.60527 -0.640655 0 0.422992 -0.0655389 0 
1 0.475609 30.6385 0 -0.0113836 2.68438 0 
2 -4.08088 -29.9979 0 -0.411608 -2.61884 0 
dMomentum = 1.0842e-17 -4.11997e-18 0
dEnergy = 9.13548
0 3.62642 -0.643932 0 0.422973 -0.0655411 0 
1 0.47504 30.7727 0 -0.0113796 2.68432 0 
2 -4.10146 -30.1288 0 -0.411594 -2.61877 0 
dMomentum = 1.10589e-17 -4.98733e-18 0
dEnergy = 9.13548
0 3.64761 -0.647215 0 0.422955 -0.0655432 0 
1 0.47447 30.9072 0 -0.0113756 2.68425 0 
2 -4.12208 -30.26 0 -0.411579 -2.61871 0 
dMomentum = 1.06523e-17 -1.73472e-18 0
dEnergy = 9.13548
0 3.6688 -0.650499 0 0.422936 -0.0655454 0 
1 0.4739 31.0417 0 -0.0113717 2.68419 0 
2 -4.1427 -30.3912 0 -0.411564 -2.61864 0 
dMomentum = 1.07336e-17 -2.1684e-18 0
dEnergy = 9.13548
0 3.68999 -0.653783 0 0.422918 -0.0655475 0 
1 0.473331 31.1762 0 -0.0113677 2.68413 0 
2 -4.16332 -30.5224 0 -0.41155 -2.61858 0 
dMomentum = 1.08149e-17 4.33681e-19 0
dEnergy = 9.13548
0 3.71117 -0.657067 0 0.4229 -0.0655496 0 
1 0.472761 31.3106 0 -0.0113638 2.68407 0 
2 -4.18394 -30.6536 0 -0.411536 -2.61852 0 
dMomentum = 1.0842e-17 2.1684e-18 0
dEnergy = 9.13548
0 3.73236 -0.660351 0 0.422882 -0.0655516 0 
1 0.472192 31.4451 0 -0.0113599 2.68401 0 
2 -4.20455 -30.7848 0 -0.411522 -2.61845 0 
dMomentum = 1.15196e-17 2.1684e-19 0
dEnergy = 9.13548
0 3.75355 -0.663635 0 0.422864 -0.0655537 0 
1 0.471623 31.5796 0 -0.011356 2.68394 0 
2 -4.22517 -30.9159 0 -0.411508 -2.61839 0 
dMomentum = 1.17907e-17 -2.60209e-18 0
dEnergy = 9.13548
0 3.77473 -0.666919 0 0.422846 -0.0655557 0 
1 0.471054 31.714 0 -0.0113521 2.68389 0 
2 -4.24579 -31.0471 0 -0.411494 -2.61833 0 
dMomentum = 1.17094e-17 -3.25261e-18 0
dEnergy = 9.13548
0 3.79592 -0.670204 0 0.422828 -0.0655577 0 
1 0.470486 31.8485 0 -0.0113483 2.68383 0 
2 -4.2664 -31.1783 0 -0.41148 -2.61827 0 
dMomentum = 1.17907e-17 -4.11997e-18 0
dEnergy = 9.13548
0 3.8171 -0.673488 0 0.42281 -0.0655597 0 
1 0.469917 31.983 0 -0.0113445 2.68377 0 
2 -4.28702 -31.3095 0 -0.411466 -2.61821 0 
dMomentum = 1.15196e-17 -5.85469e-18 0
dEnergy = 9.13548
0 3.83828 -0.676773 0 0.422793 -0.0655617 0 
1 0.469349 32.1174 0 -0.0113407 2.68371 0 
2 -4.30763 -31.4406 0 -0.411452 -2.61815 0 
dMomentum = 1.15468e-17 -1.30104e-18 0
dEnergy = 9.13548
0 3.85946 -0.680058 0 0.422776 -0.0655636 0 
1 0.468781 32.2519 0 -0.0113369 2.68365 0 
2 -4.32824 -31.5718 0 -0.411439 -2.61809 0 
dMomentum = 1.17094e-17 -2.38524e-18 0
dEnergy = 9.13548
0 3.88064 -0.683342 0 0.422759 -0.0655656 0 
1 0.468213 32.3863 0 -0.0113331 2.68359 0 
2 -4.34886 -31.703 0 -0.411425 -2.61803 0 
dMomentum = 1.18991e-17 2.1684e-19 0
dEnergy = 9.13548
0 3.90182 -0.686627 0 0.422741 -0.0655675 0 
1 0.467645 32.5208 0 -0.0113294 2.68354 0 
2 -4.36947 -31.8341 0 -0.411412 -2.61797 0 
dMomentum = 1.22786e-17 1.51788e-18 0
dEnergy = 9.13548
0 3.923 -0.689912 0 0.422725 -0.0655694 0 
1 0.467078 32.6552 0 -0.0113257 2.68348 0 
2 -4.39008 -31.9653 0 -0.411399 -2.61791 0 
dMomentum = 1.20889e-17 4.55365e-18 0
dEnergy = 9.13548
0 3.94418 -0.693197 0 0.422708 -0.0655713 0 
1 0.46651 32.7896 0 -0.011322 2.68342 0 
2 -4.41069 -32.0965 0 -0.411386 -2.61785 0 
dMomentum = 1.17907e-17 7.37257e-18 0
dEnergy = 9.13548
0 3.96536 -0.696482 0 0.422691 -0.0655731 0 
1 0.465943 32.9241 0 -0.0113183 2.68337 0 
2 -4.4313 -32.2276 0 -0.411373 -2.61779 0 
dMomentum = 1.17365e-17 1.12757e-17 0
dEnergy = 9.13548
0 3.98653 -0.699768 0 0.422674 -0.065575 0 
1 0.465376 33.0585 0 -0.0113147 2.68331 0 
2 -4.45191 -32.3588 0 -0.41136 -2.61774 0 
dMomentum = 1.19262e-17 1.06252e-17 0
dEnergy = 9.13548
0 4.00771 -0.703053 0 0.422658 -0.0655768 0 
1 0.46481 33.193 0 -0.0113111 2.68326 0 
2 -4.47252 -32.4899 0 -0.411347 -2.61768 0 
dMomentum = 1.19533e-17 1.34441e-17 0
dEnergy = 9.13548
0 4.02888 -0.706338 0 0.422642 -0.0655786 0 
1 0.464243 33.3274 0 -0.0113074 2.6832 0 
2 -4.49313 -32.621 0 -0.411334 -2.61763 0 
dMomentum = 1.23057e-17 1.0842e-17 0
dEnergy = 9.13548
0 4.05006 -0.709624 0 0.422625 -0.0655804 0 
1 0.463677 33.4618 0 -0.0113039 2.68315 0 
2 -4.51373 -32.7522 0 -0.411321 -2.61757 0 
dMomentum = 1.22515e-17 1.04083e-17 0
dEnergy = 9.13548
0 4.07123 -0.71291 0 0.422609 -0.0655822 0 
1 0.46311 33.5962 0 -0.0113003 2.6831 0 
2 -4.53434 -32.8833 0 -0.411309 -2.61751 0 
dMomentum = 1.16552e-17 1.12757e-17 0
dEnergy = 9.13548
0 4.0924 -0.716195 0 0.422593 -0.065584 0 
1 0.462544 33.7307 0 -0.0112967 2.68304 0 
2 -4.55495 -33.0145 0 -0.411296 -2.61746 0 
dMomentum = 1.14112e-17 9.97466e-18 0
dEnergy = 9.13548
0 4.11358 -0.719481 0 0.422577 -0.0655858 0 
1 0.461978 33.8651 0 -0.0112932 2.68299 0 
2 -4.57555 -33.1456 0 -0.411284 -2.61741 0 
dMomentum = 1.15468e-17 1.10589e-17 0
dEnergy = 9.13548
0 4.13475 -0.722767 0 0.422561 -0.0655875 0 
1 0.461413 33.9995 0 -0.0112897 2.68294 0 
2 -4.59616 -33.2767 0 -0.411272 -2.61735 0 
dMomentum = 1.11944e-17 1.19262e-17 0
dEnergy = 9.13548
0 4.15592 -0.726053 0 0.422546 -0.0655892 0 
1 0.460847 34.1339 0 -0.0112862 2.68289 0 
2 -4.61676 -33.4079 0 -0.41126 -2.6173 0 
dMomentum = 1.1357e-17 1.32273e-17 0
dEnergy = 9.13548
0 4.17709 -0.729339 0 0.42253 -0.0655909 0 
1 0.460282 34.2683 0 -0.0112827 2.68284 0 
2 -4.63737 -33.539 0 -0.411247 -2.61725 0 
dMomentum = 1.11131e-17 1.19262e-17 0
dEnergy = 9.13548
0 4.19825 -0.732625 0 0.422515 -0.0655926 0 
1 0.459717 34.4027 0 -0.0112793 2.68279 0 
2 -4.65797 -33.6701 0 -0.411235 -2.61719 0 
dMomentum = 1.12486e-17 9.75782e-18 0
dEnergy = 9.13548
0 4.21942 -0.735911 0 0.422499 -0.0655943 0 
1 0.459152 34.5371 0 -0.0112759 2.68274 0 
2 -4.67857 -33.8012 0 -0.411223 -2.61714 0 
dMomentum = 1.14383e-17 6.28837e-18 0
dEnergy = 9.13548
0 4.24059 -0.739198 0 0.422484 -0.065596 0 
1 0.458587 34.6715 0 -0.0112725 2.68269 0 
2 -4.69917 -33.9323 0 -0.411212 -2.61709 0 
dMomentum = 1.14383e-17 6.07153e-18 0
dEnergy = 9.13548
0 4.26175 -0.742484 0 0.422469 -0.0655976 0 
1 0.458022 34.8059 0 -0.0112691 2.68264 0 
2 -4.71978 -34.0635 0 -0.4112 -2.61704 0 
dMomentum = 1.15196e-17 4.55365e-18 0
dEnergy = 9.13548
0 4.28292 -0.745771 0 0.422454 -0.0655992 0 
1 0.457458 34.9403 0 -0.0112657 2.68259 0 
2 -4.74038 -34.1946 0 -0.411188 -2.61699 0 
dMomentum = 1.14383e-17 6.50521e-18 0
dEnergy = 9.13548
0 4.30408 -0.749057 0 0.422439 -0.0656009 0 
1 0.456893 35.0747 0 -0.0112623 2.68254 0 
2 -4.76098 -34.3257 0 -0.411177 -2.61694 0 
dMomentum = 1.14654e-17 7.37257e-18 0
dEnergy = 9.13548
0 4.32525 -0.752344 0 0.422424 -0.0656025 0 
1 0.456329 35.2091 0 -0.011259 2.68249 0 
2 -4.78158 -34.4568 0 -0.411165 -2.61689 0 
dMomentum = 1.14112e-17 1.21431e-17 0
dEnergy = 9.13548
0 4.34641 -0.755631 0 0.422409 -0.0656041 0 
1 0.455765 35.3435 0 -0.0112557 2.68244 0 
2 -4.80218 -34.5879 0 -0.411154 -2.61684 0 
dMomentum = 1.17636e-17 1.34441e-17 0
dEnergy = 9.13548
0 4.36757 -0.758917 0 0.422395 -0.0656057 0 
1 0.455201 35.4779 0 -0.0112524 2.68239 0 
2 -4.82277 -34.719 0 -0.411142 -2.61679 0 
dMomentum = 1.16552e-17 1.34441e-17 0
dEnergy = 9.13548
0 4.38873 -0.762204 0 0.42238 -0.0656072 0 
1 0.454638 35.6123 0 -0.0112491 2.68235 0 
2 -4.84337 -34.8501 0 -0.411131 -2.61674 0 
dMomentum = 1.16552e-17 1.40946e-17 0
dEnergy = 9.13548
0 4.4099 -0.765491 0 0.422366 -0.0656088 0 
1 0.454074 35.7467 0 -0.0112458 2.6823 0 
2 -4.86397 -34.9812 0 -0.41112 -2.61669 0 
dMomentum = 1.18178e-17 1.4962e-17 0
dEnergy = 9.13548
0 4.43106 -0.768778 0 0.422351 -0.0656103 0 
1 0.453511 35.8811 0 -0.0112426 2.68225 0 
2 -4.88457 -35.1123 0 -0.411109 -2.61664 0 
dMomentum = 1.18178e-17 1.73472e-17 0
dEnergy = 9.13548
0 4.45222 -0.772065 0 0.422337 -0.0656118 0 
1 0.452948 36.0154 0 -0.0112394 2.68221 0 
2 -4.90516 -35.2434 0 -0.411097 -2.61659 0 
dMomentum = 1.18991e-17 1.77809e-17 0
dEnergy = 9.13548
0 4.47337 -0.775353 0 0.422323 -0.0656134 0 
1 0.452385 36.1498 0 -0.0112362 2.68216 0 
2 -4.92576 -35.3745 0 -0.411086 -2.61655 0 
dMomentum = 1.24412e-17 1.88651e-17 0
dEnergy = 9.13548
0 4.49453 -0.77864 0 0.422309 -0.0656149 0 
1 0.451822 36.2842 0 -0.011233 2.68211 0 
2 -4.94635 -35.5056 0 -0.411076 -2.6165 0 
dMomentum = 1.20889e-17 1.99493e-17 0
dEnergy = 9.13548
0 4.51569 -0.781927 0 0.422295 -0.0656164 0 
1 0.451259 36.4186 0 -0.0112298 2.68207 0 
2 -4.96695 -35.6366 0 -0.411065 -2.61645 0 
dMomentum = 1.27394e-17 2.23346e-17 0
dEnergy = 9.13548
0 4.53685 -0.785215 0 0.422281 -0.0656178 0 
1 0.450697 36.5529 0 -0.0112266 2.68202 0 
2 -4.98754 -35.7677 0 -0.411054 -2.61641 0 
dMomentum = 1.24683e-17 2.47198e-17 0
dEnergy = 9.13548
0 4.558 -0.788502 0 0.422267 -0.0656193 0 
1 0.450134 36.6873 0 -0.0112235 2.68198 0 
2 -5.00814 -35.8988 0 -0.411043 -2.61636 0 
dMomentum = 1.2902e-17 2.27682e-17 0
dEnergy = 9.13548
0 4.57916 -0.79179 0 0.422253 -0.0656208 0 
1 0.449572 36.8217 0 -0.0112204 2.68194 0 
2 -5.02873 -36.0299 0 -0.411033 -2.61631 0 
dMomentum = 1.31731e-17 2.29851e-17 0
dEnergy = 9.13548
0 4.60031 -0.795077 0 0.422239 -0.0656222 0 
1 0.44901 36.956 0 -0.0112173 2.68189 0 
2 -5.04932 -36.161 0 -0.411022 -2.61627 0 
dMomentum = 1.30917e-17 2.14672e-17 0
dEnergy = 9.13548
0 4.62147 -0.798365 0 0.422226 -0.0656237 0 
1 0.448448 37.0904 0 -0.0112142 2.68185 0 
2 -5.06991 -36.292 0 -0.411012 -2.61622 0 
dMomentum = 1.29291e-17 2.21177e-17 0
dEnergy = 9.13548
0 4.64262 -0.801653 0 0.422212 -0.0656251 0 
1 0.447886 37.2248 0 -0.0112111 2.6818 0 
2 -5.0905 -36.4231 0 -0.411001 -2.61618 0 
dMomentum = 1.31731e-17 2.1684e-17 0
dEnergy = 9.13548
0 4.66377 -0.804941 0 0.422199 -0.0656265 0 
1 0.447325 37.3591 0 -0.011208 2.68176 0 
2 -5.1111 -36.5542 0 -0.410991 -2.61613 0 
dMomentum = 1.33628e-17 2.25514e-17 0
dEnergy = 9.13548
0 4.68492 -0.808229 0 0.422186 -0.0656279 0 
1 0.446763 37.4935 0 -0.011205 2.68172 0 
2 -5.13169 -36.6852 0 -0.410981 -2.61609 0 
dMomentum = 1.35525e-17 2.27682e-17 0
dEnergy = 9.13548
0 4.70607 -0.811517 0 0.422172 -0.0656293 0 
1 0.446202 37.6278 0 -0.011202 2.68168 0 
2 -5.15228 -36.8163 0 -0.41097 -2.61605 0 
dMomentum = 1.40946e-17 2.36356e-17 0
dEnergy = 9.13548
0 4.72722 -0.814805 0 0.422159 -0.0656307 0 
1 0.445641 37.7622 0 -0.011199 2.68163 0 
2 -5.17287 -36.9474 0 -0.41096 -2.616 0 
dMomentum = 1.3932e-17 2.38524e-17 0
dEnergy = 9.13548
0 4.74837 -0.818093 0 0.422146 -0.065632 0 
1 0.44508 37.8965 0 -0.011196 2.68159 0 
2 -5.19345 -37.0784 0 -0.41095 -2.61596 0 
dMomentum = 1.3932e-17 2.5804e-17 0
dEnergy = 9.13548
0 4.76952 -0.821381 0 0.422133 -0.0656334 0 
1 0.444519 38.0309 0 -0.011193 2.68155 0 
2 -5.21404 -37.2095 0 -0.41094 -2.61592 0 
dMomentum = 1.39049e-17 2.90566e-17 0
dEnergy = 9.13548
0 4.79067 -0.824669 0 0.42212 -0.0656347 0 
1 0.443958 38.1652 0 -0.01119 2.68151 0 
2 -5.23463 -37.3405 0 -0.41093 -2.61587 0 
dMomentum = 1.41759e-17 2.86229e-17 0
dEnergy = 9.13548
0 4.81182 -0.827958 0 0.422108 -0.0656361 0 
1 0.443398 38.2996 0 -0.0111871 2.68147 0 
2 -5.25522 -37.4716 0 -0.41092 -2.61583 0 
dMomentum = 1.4447e-17 2.68882e-17 0
dEnergy = 9.13548
0 4.83297 -0.831246 0 0.422095 -0.0656374 0 
1 0.442837 38.4339 0 -0.0111842 2.68143 0 
2 -5.2758 -37.6026 0 -0.410911 -2.61579 0 
dMomentum = 1.4203e-17 2.88398e-17 0
dEnergy = 9.13548
0 4.85411 -0.834534 0 0.422082 -0.0656387 0 
1 0.442277 38.5682 0 -0.0111813 2.68139 0 
2 -5.29639 -37.7337 0 -0.410901 -2.61575 0 
dMomentum = 1.39049e-17 3.14419e-17 0
dEnergy = 9.13548
0 4.87526 -0.837823 0 0.42207 -0.06564 0 
1 0.441717 38.7026 0 -0.0111784 2.68135 0 
2 -5.31698 -37.8647 0 -0.410891 -2.61571 0 
dMomentum = 1.38778e-17 2.9924e-17 0
dEnergy = 9.13548
0 4.89641 -0.841112 0 0.422057 -0.0656413 0 
1 0.441157 38.8369 0 -0.0111755 2.68131 0 
2 -5.33756 -37.9958 0 -0.410882 -2.61567 0 
dMomentum = 1.39591e-17 3.18755e-17 0
dEnergy = 9.13548
0 4.91755 -0.8444 0 0.422045 -0.0656426 0 
1 0.440597 38.9712 0 -0.0111726 2.68127 0 
2 -5.35815 -38.1268 0 -0.410872 -2.61563 0 
dMomentum = 1.38507e-17 3.31766e-17 0
dEnergy = 9.13548
0 4.93869 -0.847689 0 0.422032 -0.0656439 0 
1 0.440037 39.1056 0 -0.0111698 2.68123 0 
2 -5.37873 -38.2579 0 -0.410862 -2.61558 0 
dMomentum = 1.40133e-17 3.1225e-17 0
dEnergy = 9.13548
0 4.95984 -0.850978 0 0.42202 -0.0656451 0 
1 0.439478 39.2399 0 -0.0111669 2.68119 0 
2 -5.39932 -38.3889 0 -0.410853 -2.61554 0 
dMomentum = 1.38236e-17 2.97071e-17 0
dEnergy = 9.13548
0 4.98098 -0.854267 0 0.422008 -0.0656464 0 
1 0.438919 39.3742 0 -0.0111641 2.68115 0 
2 -5.4199 -38.52 0 -0.410844 -2.6155 0 
dMomentum = 1.39591e-17 3.27429e-17 0
dEnergy = 9.13548
0 5.00212 -0.857555 0 0.421996 -0.0656476 0 
1 0.438359 39.5085 0 -0.0111613 2.68111 0 
2 -5.44048 -38.651 0 -0.410834 -2.61547 0 
dMomentum = 1.43115e-17 3.31766e-17 0
dEnergy = 9.13548
0 5.02326 -0.860844 0 0.421984 -0.0656489 0 
1 0.4378 39.6429 0 -0.0111585 2.68107 0 
2 -5.46106 -38.782 0 -0.410825 -2.61543 0 
dMomentum = 1.43115e-17 3.14419e-17 0
dEnergy = 9.13548
0 5.04441 -0.864134 0 0.421972 -0.0656501 0 
1 0.437241 39.7772 0 -0.0111557 2.68104 0 
2 -5.48165 -38.9131 0 -0.410816 -2.61539 0 
dMomentum = 1.41759e-17 3.10082e-17 0
dEnergy = 9.13548
0 5.06555 -0.867423 0 0.42196 -0.0656513 0 
1 0.436682 39.9115 0 -0.011153 2.681 0 
2 -5.50223 -39.0441 0 -0.410807 -2.61535 0 
dMomentum = 1.37423e-17 2.90566e-17 0
dEnergy = 9.13548
0 5.08669 -0.870712 0 0.421948 -0.0656525 0 
1 0.436124 40.0458 0 -0.0111502 2.68096 0 
2 -5.52281 -39.1751 0 -0.410798 -2.61531 0 
dMomentum = 1.38236e-17 3.03577e-17 0
dEnergy = 9.13548
0 5.10783 -0.874001 0 0.421936 -0.0656537 0 
1 0.435565 40.1801 0 -0.0111475 2.68092 0 
2 -5.54339 -39.3061 0 -0.410789 -2.61527 0 
dMomentum = 1.3932e-17 2.9924e-17 0
dEnergy = 9.13548
0 5.12896 -0.87729 0 0.421924 -0.0656549 0 
1 0.435007 40.3145 0 -0.0111448 2.68089 0 
2 -5.56397 -39.4372 0 -0.41078 -2.61523 0 
dMomentum = 1.33357e-17 3.23092e-17 0
dEnergy = 9.13548
0 5.1501 -0.88058 0 0.421913 -0.0656561 0 
1 0.434448 40.4488 0 -0.0111421 2.68085 0 
2 -5.58455 -39.5682 0 -0.410771 -2.61519 0 
dMomentum = 1.30104e-17 3.40439e-17 0
dEnergy = 9.13548
0 5.17124 -0.883869 0 0.421901 -0.0656573 0 
1 0.43389 40.5831 0 -0.0111394 2.68081 0 
2 -5.60513 -39.6992 0 -0.410762 -2.61516 0 
dMomentum = 1.29833e-17 3.62124e-17 0
dEnergy = 9.13548
0 5.19238 -0.887158 0 0.42189 -0.0656585 0 
1 0.433332 40.7174 0 -0.0111367 2.68078 0 
2 -5.62571 -39.8302 0 -0.410753 -2.61512 0 
dMomentum = 1.29562e-17 3.72966e-17 0
dEnergy = 9.13548
0 5.21351 -0.890448 0 0.421878 -0.0656596 0 
1 0.432774 40.8517 0 -0.011134 2.68074 0 
2 -5.64629 -39.9612 0 -0.410744 -2.61508 0 
dMomentum = 1.28749e-17 3.55618e-17 0
dEnergy = 9.13548
0 5.23465 -0.893738 0 0.421867 -0.0656608 0 
1 0.432217 40.986 0 -0.0111314 2.68071 0 
2 -5.66687 -40.0923 0 -0.410736 -2.61505 0 
dMomentum = 1.28749e-17 3.23092e-17 0
dEnergy = 9.13548
0 5.25578 -0.897027 0 0.421856 -0.0656619 0 
1 0.431659 41.1203 0 -0.0111287 2.68067 0 
2 -5.68744 -40.2233 0 -0.410727 -2.61501 0 
dMomentum = 1.28207e-17 3.20924e-17 0
dEnergy = 9.13548
0 5.27692 -0.900317 0 0.421844 -0.0656631 0 
1 0.431102 41.2546 0 -0.0111261 2.68064 0 
2 -5.70802 -40.3543 0 -0.410718 -2.61497 0 
dMomentum = 1.24412e-17 3.20924e-17 0
dEnergy = 9.13548
0 5.29805 -0.903607 0 0.421833 -0.0656642 0 
1 0.430544 41.3889 0 -0.0111235 2.6806 0 
2 -5.7286 -40.4853 0 -0.41071 -2.61494 0 
dMomentum = 1.23057e-17 3.31766e-17 0
dEnergy = 9.13548
0 5.31919 -0.906896 0 0.421822 -0.0656653 0 
1 0.429987 41.5232 0 -0.0111209 2.68057 0 
2 -5.74917 -40.6163 0 -0.410701 -2.6149 0 
dMomentum = 1.23057e-17 3.23092e-17 0
dEnergy = 9.13548
0 5.34032 -0.910186 0 0.421811 -0.0656664 0 
1 0.42943 41.6575 0 -0.0111183 2.68053 0 
2 -5.76975 -40.7473 0 -0.410693 -2.61487 0 
dMomentum = 1.22515e-17 3.01408e-17 0
dEnergy = 9.13548
0 5.36145 -0.913476 0 0.4218 -0.0656675 0 
1 0.428873 41.7918 0 -0.0111158 2.6805 0 
2 -5.79032 -40.8783 0 -0.410684 -2.61483 0 
dMomentum = 1.17907e-17 3.25261e-17 0
dEnergy = 9.13548
0 5.38258 -0.916766 0 0.421789 -0.0656686 0 
1 0.428316 41.9261 0 -0.0111132 2.68046 0 
2 -5.8109 -41.0093 0 -0.410676 -2.61479 0 
dMomentum = 1.18449e-17 3.16587e-17 0
dEnergy = 9.13548
0 5.40372 -0.920056 0 0.421778 -0.0656697 0 
1 0.427759 42.0604 0 -0.0111107 2.68043 0 
2 -5.83147 -41.1403 0 -0.410668 -2.61476 0 
dMomentum = 1.18178e-17 2.84061e-17 0
dEnergy = 9.13548
0 5.42485 -0.923346 0 0.421768 -0.0656708 0 
1 0.427203 42.1947 0 -0.0111081 2.6804 0 
2 -5.85205 -41.2713 0 -0.41066 -2.61473 0 
dMomentum = 1.20889e-17 2.88398e-17 0
dEnergy = 9.13548
0 5.44598 -0.926636 0 0.421757 -0.0656719 0 
1 0.426646 42.3289 0 -0.0111056 2.68036 0 
2 -5.87262 -41.4023 0 -0.410651 -2.61469 0 
dMomentum = 1.20075e-17 2.92735e-17 0
dEnergy = 9.13548
0 5.46711 -0.929927 0 0.421746 -0.0656729 0 
1 0.42609 42.4632 0 -0.0111031 2.68033 0 
2 -5.8932 -41.5333 0 -0.410643 -2.61466 0 
dMomentum = 1.21702e-17 3.03577e-17 0
dEnergy = 9.13548
0 5.48824 -0.933217 0 0.421736 -0.065674 0 
1 0.425534 42.5975 0 -0.0111006 2.6803 0 
2 -5.91377 -41.6643 0 -0.410635 -2.61462 0 
dMomentum = 1.2116e-17 2.88398e-17 0
dEnergy = 9.13548
0 5.50936 -0.936507 0 0.421725 -0.0656751 0 
1 0.424978 42.7318 0 -0.0110981 2.68026 0 
2 -5.93434 -41.7953 0 -0.410627 -2.61459 0 
dMomentum = 1.2387e-17 3.07913e-17 0
dEnergy = 9.13548
0 5.53049 -0.939798 0 0.421715 -0.0656761 0 
1 0.424422 42.8661 0 -0.0110957 2.68023 0 
2 -5.95491 -41.9263 0 -0.410619 -2.61455 0 
dMomentum = 1.22515e-17 3.14419e-17 0
dEnergy = 9.13548
0 5.55162 -0.943088 0 0.421704 -0.0656771 0 
1 0.423866 43.0004 0 -0.0110932 2.6802 0 
2 -5.97549 -42.0573 0 -0.410611 -2.61452 0 
dMomentum = 1.20889e-17 3.25261e-17 0
dEnergy = 9.13548
0 5.57275 -0.946378 0 0.421694 -0.0656782 0 
1 0.42331 43.1346 0 -0.0110908 2.68017 0 
2 -5.99606 -42.1883 0 -0.410603 -2.61449 0 
dMomentum = 1.21702e-17 3.14419e-17 0
dEnergy = 9.13548
0 5.59387 -0.949669 0 0.421684 -0.0656792 0 
1 0.422755 43.2689 0 -0.0110883 2.68013 0 
2 -6.01663 -42.3192 0 -0.410595 -2.61445 0 
dMomentum = 1.24412e-17 2.64545e-17 0
dEnergy = 9.13548
0 5.615 -0.952959 0 0.421673 -0.0656802 0 
1 0.422199 43.4032 0 -0.0110859 2.6801 0 
2 -6.0372 -42.4502 0 -0.410588 -2.61442 0 
dMomentum = 1.2387e-17 2.4503e-17 0
dEnergy = 9.13548
0 5.63613 -0.95625 0 0.421663 -0.0656812 0 
1 0.421644 43.5375 0 -0.0110835 2.68007 0 
2 -6.05777 -42.5812 0 -0.41058 -2.61439 0 
dMomentum = 1.23328e-17 2.42861e-17 0
dEnergy = 9.13548
0 5.65725 -0.959541 0 0.421653 -0.0656822 0 
1 0.421089 43.6717 0 -0.0110811 2.68004 0 
2 -6.07834 -42.7122 0 -0.410572 -2.61436 0 
dMomentum = 1.26581e-17 2.64545e-17 0
dEnergy = 9.13548
0 5.67837 -0.962831 0 0.421643 -0.0656832 0 
1 0.420534 43.806 0 -0.0110787 2.68001 0 
2 -6.09891 -42.8432 0 -0.410564 -2.61432 0 
dMomentum = 1.24141e-17 2.5804e-17 0
dEnergy = 9.13548
0 5.6995 -0.966122 0 0.421633 -0.0656842 0 
1 0.419979 43.9403 0 -0.0110763 2.67998 0 
2 -6.11948 -42.9741 0 -0.410557 -2.61429 0 
dMomentum = 1.21702e-17 2.62377e-17 0
dEnergy = 9.13548
0 5.72062 -0.969413 0 0.421623 -0.0656852 0 
1 0.419424 44.0745 0 -0.011074 2.67995 0 
2 -6.14005 -43.1051 0 -0.410549 -2.61426 0 
dMomentum = 1.22515e-17 2.60209e-17 0
dEnergy = 9.13548
0 5.74175 -0.972704 0 0.421613 -0.0656862 0 
1 0.418869 44.2088 0 -0.0110716 2.67992 0 
2 -6.16061 -43.2361 0 -0.410542 -2.61423 0 
dMomentum = 1.24954e-17 2.40693e-17 0
dEnergy = 9.13548
0 5.76287 -0.975995 0 0.421603 -0.0656871 0 
1 0.418314 44.3431 0 -0.0110693 2.67989 0 
2 -6.18118 -43.3671 0 -0.410534 -2.6142 0 
dMomentum = 1.26581e-17 2.23346e-17 0
dEnergy = 9.13548
0 5.78399 -0.979286 0 0.421594 -0.0656881 0 
1 0.41776 44.4773 0 -0.011067 2.67986 0 
2 -6.20175 -43.498 0 -0.410527 -2.61417 0 
dMomentum = 1.25496e-17 1.99493e-17 0
dEnergy = 9.13548
0 5.80511 -0.982577 0 0.421584 -0.0656891 0 
1 0.417205 44.6116 0 -0.0110647 2.67982 0 
2 -6.22232 -43.629 0 -0.410519 -2.61414 0 
dMomentum = 1.28749e-17 1.79978e-17 0
dEnergy = 9.13548
0 5.82623 -0.985868 0 0.421574 -0.06569 0 
1 0.416651 44.7458 0 -0.0110624 2.6798 0 
2 -6.24288 -43.76 0 -0.410512 -2.61411 0 
dMomentum = 1.25496e-17 1.79978e-17 0
dEnergy = 9.13548
0 5.84735 -0.989159 0 0.421564 -0.065691 0 
1 0.416097 44.8801 0 -0.0110601 2.67977 0 
2 -6.26345 -43.8909 0 -0.410504 -2.61407 0 
dMomentum = 1.25767e-17 1.56125e-17 0
dEnergy = 9.13548
0 5.86847 -0.99245 0 0.421555 -0.0656919 0 
1 0.415543 45.0143 0 -0.0110578 2.67974 0 
2 -6.28402 -44.0219 0 -0.410497 -2.61404 0 
dMomentum = 1.27123e-17 1.64799e-17 0
dEnergy = 9.13548
0 5.88959 -0.995741 0 0.421545 -0.0656928 0 
1 0.414989 45.1486 0 -0.0110555 2.67971 0 
2 -6.30458 -44.1529 0 -0.41049 -2.61401 0 
dMomentum = 1.26581e-17 1.9082e-17 0
dEnergy = 9.13548
0 5.91071 -0.999032 0 0.421536 -0.0656938 0 
1 0.414435 45.2829 0 -0.0110533 2.67968 0 
2 -6.32515 -44.2838 0 -0.410483 -2.61398 0 
dMomentum = 1.31188e-17 2.40693e-17 0
dEnergy = 9.13548
0 5.93183 -1.00232 0 0.421526 -0.0656947 0 
1 0.413881 45.4171 0 -0.011051 2.67965 0 
2 -6.34571 -44.4148 0 -0.410475 -2.61395 0 
dMomentum = 1.28749e-17 3.01408e-17 0
dEnergy = 9.13548
0 5.95295 -1.00561 0 0.421517 -0.0656956 0 
1 0.413328 45.5514 0 -0.0110488 2.67962 0 
2 -6.36628 -44.5457 0 -0.410468 -2.61392 0 
dMomentum = 1.2902e-17 2.86229e-17 0
dEnergy = 9.13548
0 5.97407 -1.00891 0 0.421508 -0.0656965 0 
1 0.412774 45.6856 0 -0.0110465 2.67959 0 
2 -6.38684 -44.6767 0 -0.410461 -2.61389 0 
dMomentum = 1.29291e-17 2.75387e-17 0
dEnergy = 9.13548
0 5.99518 -1.0122 0 0.421498 -0.0656974 0 
1 0.412221 45.8198 0 -0.0110443 2.67956 0 
2 -6.40741 -44.8077 0 -0.410454 -2.61386 0 
dMomentum = 1.29833e-17 2.36356e-17 0
dEnergy = 9.13548
0 6.0163 -1.01549 0 0.421489 -0.0656983 0 
1 0.411668 45.9541 0 -0.0110421 2.67953 0 
2 -6.42797 -44.9386 0 -0.410447 -2.61384 0 
dMomentum = 1.27665e-17 2.38524e-17 0
dEnergy = 9.13548
0 6.03742 -1.01878 0 0.42148 -0.0656992 0 
1 0.411115 46.0883 0 -0.0110399 2.67951 0 
2 -6.44853 -45.0696 0 -0.41044 -2.61381 0 
dMomentum = 1.27394e-17 2.4503e-17 0
dEnergy = 9.13548
0 6.05853 -1.02207 0 0.421471 -0.0657001 0 
1 0.410561 46.2226 0 -0.0110377 2.67948 0 
2 -6.4691 -45.2005 0 -0.410433 -2.61378 0 
dMomentum = 1.26581e-17 2.21177e-17 0
dEnergy = 9.13548
0 6.07965 -1.02536 0 0.421462 -0.065701 0 
1 0.410009 46.3568 0 -0.0110356 2.67945 0 
2 -6.48966 -45.3315 0 -0.410426 -2.61375 0 
dMomentum = 1.29562e-17 2.19009e-17 0
dEnergy = 9.13548
0 6.10076 -1.02866 0 0.421453 -0.0657019 0 
1 0.409456 46.4911 0 -0.0110334 2.67942 0 
2 -6.51022 -45.4624 0 -0.410419 -2.61372 0 
dMomentum = 1.27123e-17 1.97325e-17 0
dEnergy = 9.13548
0 6.12188 -1.03195 0 0.421444 -0.0657027 0 
1 0.408903 46.6253 0 -0.0110312 2.67939 0 
2 -6.53078 -45.5934 0 -0.410413 -2.61369 0 
dMomentum = 1.27123e-17 1.9082e-17 0
dEnergy = 9.13548
0 6.14299 -1.03524 0 0.421435 -0.0657036 0 
1 0.40835 46.7595 0 -0.0110291 2.67937 0 
2 -6.55134 -45.7243 0 -0.410406 -2.61366 0 
dMomentum = 1.28478e-17 1.71304e-17 0
dEnergy = 9.13548
0 6.16411 -1.03853 0 0.421426 -0.0657045 0 
1 0.407798 46.8938 0 -0.011027 2.67934 0 
2 -6.5719 -45.8552 0 -0.410399 -2.61364 0 
dMomentum = 1.27123e-17 1.6263e-17 0
dEnergy = 9.13548
0 6.18522 -1.04182 0 0.421417 -0.0657053 0 
1 0.407245 47.028 0 -0.0110248 2.67931 0 
2 -6.59247 -45.9862 0 -0.410392 -2.61361 0 
dMomentum = 1.31188e-17 1.66967e-17 0
dEnergy = 9.13548
0 6.20633 -1.04511 0 0.421408 -0.0657062 0 
1 0.406693 47.1622 0 -0.0110227 2.67929 0 
2 -6.61303 -46.1171 0 -0.410386 -2.61358 0 
dMomentum = 1.33899e-17 1.66967e-17 0
dEnergy = 9.13548
0 6.22744 -1.04841 0 0.4214 -0.065707 0 
1 0.406141 47.2965 0 -0.0110206 2.67926 0 
2 -6.63359 -46.2481 0 -0.410379 -2.61355 0 
dMomentum = 1.30104e-17 1.79978e-17 0
dEnergy = 9.13548
0 6.24856 -1.0517 0 0.421391 -0.0657078 0 
1 0.405589 47.4307 0 -0.0110185 2.67923 0 
2 -6.65415 -46.379 0 -0.410372 -2.61353 0 
dMomentum = 1.29291e-17 1.69136e-17 0
dEnergy = 9.13548
0 6.26967 -1.05499 0 0.421382 -0.0657087 0 
1 0.405037 47.5649 0 -0.0110164 2.67921 0 
2 -6.67471 -46.5099 0 -0.410366 -2.6135 0 
dMomentum = 1.30917e-17 1.23599e-17 0
dEnergy = 9.13548
0 6.29078 -1.05828 0 0.421374 -0.0657095 0 
1 0.404485 47.6992 0 -0.0110144 2.67918 0 
2 -6.69526 -46.6409 0 -0.410359 -2.61347 0 
dMomentum = 1.29291e-17 1.58294e-17 0
dEnergy = 9.13548
0 6.31189 -1.06157 0 0.421365 -0.0657103 0 
1 0.403933 47.8334 0 -0.0110123 2.67915 0 
2 -6.71582 -46.7718 0 -0.410353 -2.61344 0 
dMomentum = 1.29562e-17 1.58294e-17 0
dEnergy = 9.13548
0 6.333 -1.06487 0 0.421356 -0.0657112 0 
1 0.403382 47.9676 0 -0.0110103 2.67913 0 
2 -6.73638 -46.9027 0 -0.410346 -2.61342 0 
dMomentum = 1.34983e-17 1.47451e-17 0
dEnergy = 9.13548
0 6.35411 -1.06816 0 0.421348 -0.065712 0 
1 0.40283 48.1018 0 -0.0110082 2.6791 0 
2 -6.75694 -47.0337 0 -0.41034 -2.61339 0 
dMomentum = 1.36609e-17 1.34441e-17 0
dEnergy = 9.13548
0 6.37522 -1.07145 0 0.421339 -0.0657128 0 
1 0.402279 48.2361 0 -0.0110062 2.67908 0 
2 -6.7775 -47.1646 0 -0.410333 -2.61336 0 
dMomentum = 1.34983e-17 1.36609e-17 0
dEnergy = 9.13548
0 6.39633 -1.07474 0 0.421331 -0.0657136 0 
1 0.401727 48.3703 0 -0.0110041 2.67905 0 
2 -6.79806 -47.2955 0 -0.410327 -2.61334 0 
dMomentum = 1.34983e-17 1.40946e-17 0
dEnergy = 9.13548
0 6.41744 -1.07804 0 0.421323 -0.0657144 0 
1 0.401176 48.5045 0 -0.0110021 2.67903 0 
2 -6.81861 -47.4265 0 -0.410321 -2.61331 0 
dMomentum = 1.36067e-17 1.82146e-17 0
dEnergy = 9.13548
0 6.43854 -1.08133 0 0.421314 -0.0657152 0 
1 0.400625 48.6387 0 -0.0110001 2.679 0 
2 -6.83917 -47.5574 0 -0.410314 -2.61329 0 
dMomentum = 1.31731e-17 2.08167e-17 0
dEnergy = 9.13548
0 6.45965 -1.08462 0 0.421306 -0.065716 0 
1 0.400074 48.7729 0 -0.0109981 2.67898 0 
2 -6.85973 -47.6883 0 -0.410308 -2.61326 0 
dMomentum = 1.32544e-17 2.23346e-17 0
dEnergy = 9.13548
0 6.48076 -1.08791 0 0.421298 -0.0657168 0 
1 0.399523 48.9071 0 -0.0109961 2.67895 0 
2 -6.88028 -47.8192 0 -0.410302 -2.61323 0 
dMomentum = 1.34983e-17 2.14672e-17 0
dEnergy = 9.13548
0 6.50187 -1.0912 0 0.42129 -0.0657175 0 
1 0.398972 49.0414 0 -0.0109941 2.67893 0 
2 -6.90084 -47.9502 0 -0.410296 -2.61321 0 
dMomentum = 1.29291e-17 2.1684e-17 0
dEnergy = 9.13548
0 6.52297 -1.0945 0 0.421282 -0.0657183 0 
1 0.398421 49.1756 0 -0.0109922 2.6789 0 
2 -6.92139 -48.0811 0 -0.410289 -2.61318 0 
dMomentum = 1.24683e-17 2.32019e-17 0
dEnergy = 9.13548
0 6.54408 -1.09779 0 0.421273 -0.0657191 0 
1 0.397871 49.3098 0 -0.0109902 2.67888 0 
2 -6.94195 -48.212 0 -0.410283 -2.61316 0 
dMomentum = 1.23328e-17 1.97325e-17 0
dEnergy = 9.13548
0 6.56518 -1.10108 0 0.421265 -0.0657198 0 
1 0.39732 49.444 0 -0.0109883 2.67885 0 
2 -6.9625 -48.3429 0 -0.410277 -2.61313 0 
dMomentum = 1.24412e-17 1.88651e-17 0
dEnergy = 9.13548
0 6.58629 -1.10437 0 0.421257 -0.0657206 0 
1 0.39677 49.5782 0 -0.0109863 2.67883 0 
2 -6.98306 -48.4738 0 -0.410271 -2.61311 0 
dMomentum = 1.26581e-17 1.75641e-17 0
dEnergy = 9.13548
0 6.60739 -1.10767 0 0.421249 -0.0657214 0 
1 0.396219 49.7124 0 -0.0109844 2.6788 0 
2 -7.00361 -48.6048 0 -0.410265 -2.61308 0 
dMomentum = 1.25225e-17 1.47451e-17 0
dEnergy = 9.13548
0 6.6285 -1.11096 0 0.421241 -0.0657221 0 
1 0.395669 49.8466 0 -0.0109825 2.67878 0 
2 -7.02417 -48.7357 0 -0.410259 -2.61306 0 
dMomentum = 1.24954e-17 1.58294e-17 0
dEnergy = 9.13548
0 6.6496 -1.11425 0 0.421233 -0.0657229 0 
1 0.395119 49.9808 0 -0.0109805 2.67876 0 
2 -7.04472 -48.8666 0 -0.410253 -2.61303 0 
dMomentum = 1.2631e-17 1.88651e-17 0
dEnergy = 9.13548
0 6.67071 -1.11755 0 0.421226 -0.0657236 0 
1 0.394569 50.115 0 -0.0109786 2.67873 0 
2 -7.06527 -48.9975 0 -0.410247 -2.61301 0 
dMomentum = 1.20889e-17 1.9082e-17 0
dEnergy = 9.13548
0 6.69181 -1.12084 0 0.421218 -0.0657244 0 
1 0.394019 50.2492 0 -0.0109767 2.67871 0 
2 -7.08583 -49.1284 0 -0.410241 -2.61298 0 
dMomentum = 1.19533e-17 2.12504e-17 0
dEnergy = 9.13548
0 6.71291 -1.12413 0 0.42121 -0.0657251 0 
1 0.393469 50.3834 0 -0.0109748 2.67868 0 
2 -7.10638 -49.2593 0 -0.410235 -2.61296 0 
