dMomentum = 0.000000e+00 0.000000e+00 0.000000e+00
dEnergy = 0.000000e+00
0 -0.9999965288718643 5.32726851767674e-06 0.0 0.34712531356724174 0.532726851767674 0.0
1 1.0000034711281356 5.32726851767674e-06 0.0 0.3471003135672417 0.532726851767674 0.0
2 -6.942256271344835e-06 -1.065453703535348e-05 0.0 -0.6942256271344834 -1.065453703535348 0.0
dMomentum = 0.000000e+00 0.000000e+00 0.000000e+00
dEnergy = 1.137136e-06
0 -0.9590299012619913 0.05328333971381325 0.0 0.47213781356750556 0.532726851767674 0.0
1 1.0284663484879832 0.05328333971381325 0.0 0.22208781356703985 0.532726851767674 0.0
2 -0.06943644722600265 -0.1065666794276265 0.0 -0.6942256271344834 -1.065453703535348 0.0
dMomentum = 0.000000e+00 0.000000e+00 0.000000e+00
dEnergy = 4.434356e-06
0 -0.9055667449052442 0.10655602489061053 0.0 0.597137813567338 0.532726851767674 0.0
1 1.044425754844688 0.10655602489061053 0.0 0.09708781356705362 0.532726851767674 0.0
2 -0.13885900993947523 -0.21311204978122106 0.0 -0.6942256271344834 -1.065453703535348 0.0
dMomentum = 0.000000e+00 0.000000e+00 0.000000e+00
dEnergy = 1.129923e-05
0 -0.839603588548525 0.15982871006740781 0.0 0.7221378135670466 0.532726851767674 0.0
1 1.0478851612013937 0.15982871006740781 0.0 -0.027912186432936692 0.532726851767674 0.0
2 -0.2082815726529478 -0.31965742013481563 0.0 -0.6942256271344834 -1.065453703535348 0.0
dMomentum = 0.000000e+00 0.000000e+00 0.000000e+00
dEnergy = 2.031740e-05
0 -0.7611404321918349 0.2131013952442051 0.0 0.8471378135667553 0.532726851767674 0.0
1 1.0388445675581008 0.2131013952442051 0.0 -0.15291218643292293 0.532726851767674 0.0
2 -0.27770413536642036 -0.4262027904884102 0.0 -0.6942256271344834 -1.065453703535348 0.0
dMomentum = 0.000000e+00 0.000000e+00 0.000000e+00
dEnergy = 2.743984e-05
0 -0.670177275835174 0.2663740804209171 0.0 0.972137813566464 0.532726851767674 0.0
1 1.0173039739148084 0.2663740804209171 0.0 -0.2779121864329711 0.532726851767674 0.0
2 -0.34712669807989294 -0.5327481608418342 0.0 -0.6942256271344834 -1.065453703535348 0.0
dMomentum = 0.000000e+00 0.000000e+00 0.000000e+00
dEnergy = 3.029665e-05
0 -0.5667031481004065 0.3196520928659545 0.0 1.0971503135661727 0.532726851767674 0.0
1 0.9832593511496341 0.3196520928659545 0.0 -0.4029246864332349 0.532726851767674 0.0
2 -0.41655620304963686 -0.639304185731909 0.0 -0.6942256271344834 -1.065453703535348 0.0
dMomentum = 0.000000e+00 0.000000e+00 0.000000e+00
dEnergy = 2.943077e-05
0 -0.4507265202406681 0.37293010531099186 0.0 1.2221628135658813 0.532726851767674 0.0
1 0.9367122282594346 0.37293010531099186 0.0 -0.5279371864333747 0.532726851767674 0.0
2 -0.4859857080193808 -0.7458602106219837 0.0 -0.6942256271344834 -1.065453703535348 0.0
dMomentum = 0.000000e+00 0.000000e+00 0.000000e+00
dEnergy = 2.555354e-05
0 -0.3222473922559589 0.42620811775602924 0.0 1.34717531356559 0.532726851767674 0.0
1 0.8776626052442472 0.42620811775602924 0.0 -0.6529496864330834 0.532726851767674 0.0
2 -0.5554152129886816 -0.8524162355120585 0.0 -0.6942256271344834 -1.065453703535348 0.0
dMomentum = 0.000000e+00 0.000000e+00 0.000000e+00
dEnergy = 1.721313e-05
0 -0.18126576414627874 0.4794861302010666 0.0 1.4721878135652986 0.532726851767674 0.0
1 0.8061104821040892 0.4794861302010666 0.0 -0.777962186432792 0.532726851767674 0.0
2 -0.6248447179578703 -0.9589722604021332 0.0 -0.6942256271344834 -1.065453703535348 0.0
dMomentum = 0.000000e+00 0.000000e+00 0.000000e+00
dEnergy = -3.033676e-06
0 -0.027781635911627845 0.532764142646104 0.0 1.5972003135650072 0.532726851767674 0.0
1 0.7220558588389602 0.532764142646104 0.0 -0.9029746864325007 0.532726851767674 0.0
2 -0.6942742229270591 -1.065528285292208 0.0 -0.6942256271344834 -1.065453703535348 0.0
dMomentum = 0.000000e+00 0.000000e+00 0.000000e+00
dEnergy = -7.286857e-05
0 0.1381877704448583 0.5860368278226238 0.0 1.722200313564716 0.532726851767674 0.0
1 0.6255090151957247 0.5860368278226238 0.0 -1.0279746864322095 0.532726851767674 0.0
2 -0.7636967856399766 -1.1720736556452476 0.0 -0.6942256271344834 -1.065453703535348 0.0
dMomentum = 0.000000e+00 0.000000e+00 0.000000e+00
dEnergy = -7.066364e-04
0 0.3166571768013153 0.6393095129991435 0.0 1.8472003135644246 0.532726851767674 0.0
1 0.5164621715525183 0.6393095129991435 0.0 -1.1529746864319181 0.532726851767674 0.0
2 -0.833119348352894 -1.278619025998287 0.0 -0.6942256271344834 -1.065453703535348 0.0
dMomentum = 0.000000e+00 0.000000e+00 0.000000e+00
dEnergy = 2.605983e-03
0 0.5076265831577432 0.6925821981756632 0.0 1.9722003135641333 0.532726851767674 0.0
1 0.39491532790934103 0.6925821981756632 0.0 -1.2779746864316268 0.532726851767674 0.0
2 -0.9025419110658115 -1.3851643963513265 0.0 -0.6942256271344834 -1.065453703535348 0.0
dMomentum = 0.000000e+00 0.000000e+00 0.000000e+00
dEnergy = 2.218281e-04
0 0.7110959895141419 0.745854883352183 0.0 2.097200313563842 0.532726851767674 0.0
1 0.2608684842661929 0.745854883352183 0.0 -1.4029746864313355 0.532726851767674 0.0
2 -0.971964473778729 -1.491709766704366 0.0 -0.6942256271344834 -1.065453703535348 0.0
dMomentum = 0.000000e+00 0.000000e+00 0.000000e+00
dEnergy = 1.083810e-04
0 0.9270653958705116 0.7991275685287027 0.0 2.2222003135635506 0.532726851767674 0.0
1 0.11432164062307391 0.7991275685287027 0.0 -1.5279746864310442 0.532726851767674 0.0
2 -1.0413870364923083 -1.5982551370574054 0.0 -0.6942256271344834 -1.065453703535348 0.0
dMomentum = 0.000000e+00 0.000000e+00 0.000000e+00
dEnergy = 8.196309e-05
0 1.1555348022268517 0.8524002537052224 0.0 2.3472003135632593 0.532726851767674 0.0
1 -0.04472520302001597 0.8524002537052224 0.0 -1.6529746864307528 0.532726851767674 0.0
2 -1.110809599206336 -1.7048005074104449 0.0 -0.6942256271344834 -1.065453703535348 0.0
dMomentum = 0.000000e+00 0.000000e+00 0.000000e+00
dEnergy = 7.322480e-05
0 1.3965042085831636 0.9056729388817422 0.0 2.472200313562968 0.532726851767674 0.0
1 -0.21627204666307673 0.9056729388817422 0.0 -1.7779746864304615 0.532726851767674 0.0
2 -1.1802321619203637 -1.8113458777634843 0.0 -0.6942256271344834 -1.065453703535348 0.0
dMomentum = 0.000000e+00 0.000000e+00 0.000000e+00
dEnergy = 7.035579e-05
0 1.6499736149394453 0.9589456240582619 0.0 2.5972003135626767 0.532726851767674 0.0
1 -0.40031889030610834 0.9589456240582619 0.0 -1.9029746864301702 0.532726851767674 0.0
2 -1.2496547246343914 -1.9178912481165238 0.0 -0.6942256271344834 -1.065453703535348 0.0
dMomentum = 0.000000e+00 0.000000e+00 0.000000e+00
dEnergy = 7.000014e-05
0 1.9159430212956985 1.0122183092347816 0.0 2.7222003135623853 0.532726851767674 0.0
1 -0.596865733949111 1.0122183092347816 0.0 -2.027974686429879 0.532726851767674 0.0
2 -1.3190772873484191 -2.0244366184695632 0.0 -0.6942256271344834 -1.065453703535348 0.0
dMomentum = 0.000000e+00 0.000000e+00 0.000000e+00
dEnergy = 7.090596e-05
0 2.1944124276519212 1.0654909944113014 0.0 2.847200313562094 0.532726851767674 0.0
1 -0.8059125775920843 1.0654909944113014 0.0 -2.152974686429588 0.532726851767674 0.0
2 -1.3884998500624468 -2.1309819888226027 0.0 -0.6942256271344834 -1.065453703535348 0.0
dMomentum = 0.000000e+00 0.000000e+00 0.000000e+00
dEnergy = 7.251771e-05
0 2.4853818340081153 1.118763679587821 0.0 2.9722003135618027 0.532726851767674 0.0
1 -1.0274594212350285 1.118763679587821 0.0 -2.2779746864292965 0.532726851767674 0.0
2 -1.4579224127764745 -2.237527359175642 0.0 -0.6942256271344834 -1.065453703535348 0.0
dMomentum = 0.000000e+00 0.000000e+00 0.000000e+00
dEnergy = 7.455697e-05
0 2.7888512403642816 1.1720363647643408 0.0 3.0972003135615114 0.532726851767674 0.0
1 -1.2615062648779436 1.1720363647643408 0.0 -2.402974686429005 0.532726851767674 0.0
2 -1.5273449754905022 -2.3440727295286816 0.0 -0.6942256271344834 -1.065453703535348 0.0
