dMomentum = 0 0 0
dEnergy = 0
0 -1 0 0 0.383444 0.377364 0 
1 1 0 0 0.383444 0.377364 0 
2 0 0 0 -0.766887 -0.754727 0 
dMomentum = 2.98156e-19 4.33681e-19 0
dEnergy = -1.48032e-05
0 -0.979167 0.01888 0 0.449107 0.375768 0 
1 1.01769 0.0188841 0 0.323555 0.376097 0 
2 -0.0385176 -0.0377641 0 -0.772662 -0.751865 0 
dMomentum = 8.40257e-19 5.42101e-20 0
dEnergy = -3.04456e-05
0 -0.95488 0.0375844 0 0.521545 0.37013 0 
1 1.0325 0.0376511 0 0.268612 0.372812 0 
2 -0.0776175 -0.0752355 0 -0.790156 -0.742942 0 
dMomentum = 1.02999e-18 5.14996e-19 0
dEnergy = -4.78535e-05
0 -0.926769 0.0558713 0 0.60191 0.358788 0 
1 1.04467 0.0562163 0 0.21789 0.368137 0 
2 -0.117896 -0.112088 0 -0.8198 -0.726924 0 
dMomentum = 5.42101e-19 1.11131e-18 0
dEnergy = -6.81301e-05
0 -0.894405 0.0733987 0 0.691523 0.339345 0 
1 1.05438 0.0745226 0 0.17076 0.362541 0 
2 -0.159979 -0.147921 0 -0.862283 -0.701886 0 
dMomentum = 8.13152e-19 1.16552e-18 0
dEnergy = -9.26406e-05
0 -0.85729 0.0896778 0 0.791809 0.308262 0 
1 1.06182 0.092533 0 0.126657 0.35638 0 
2 -0.204531 -0.182211 0 -0.918466 -0.664643 0 
dMomentum = 1.00289e-18 5.96311e-19 0
dEnergy = -0.000123031
0 -0.814855 0.104001 0 0.904054 0.260201 0 
1 1.06711 0.110226 0 0.0850649 0.349927 0 
2 -0.252258 -0.214227 0 -0.989119 -0.610128 0 
dMomentum = 1.35525e-18 4.47233e-19 0
dEnergy = -0.00016096
0 -0.766483 0.115326 0 1.02873 0.187002 0 
1 1.07037 0.127593 0 0.0454916 0.343382 0 
2 -0.303891 -0.24292 0 -1.07422 -0.530385 0 
dMomentum = 1.11131e-18 6.50521e-19 0
dEnergy = -0.000206829
0 -0.711589 0.122105 0 1.16369 0.076252 0 
1 1.07169 0.144634 0 0.00744645 0.336891 0 
2 -0.360105 -0.266739 0 -1.17114 -0.413143 0 
dMomentum = 1.84314e-18 1.13841e-18 0
dEnergy = -0.000255519
0 -0.649838 0.12203 0 1.29992 -0.0899228 0 
1 1.07113 0.161352 0 -0.0295824 0.330531 0 
2 -0.421295 -0.283381 0 -1.27034 -0.240608 0 
dMomentum = 3.7405e-18 1.02999e-18 0
dEnergy = -0.000285475
0 -0.581702 0.111794 0 1.41255 -0.332422 0 
1 1.06873 0.177754 0 -0.066149 0.324301 0 
2 -0.487031 -0.289549 0 -1.3464 0.00812151 0 
dMomentum = 3.08998e-18 1.0842e-18 0
dEnergy = -0.00024491
0 -0.50954 0.087264 0 1.44971 -0.65868 0 
1 1.0645 0.193846 0 -0.102847 0.318073 0 
2 -0.55496 -0.28111 0 -1.34687 0.340607 0 
dMomentum = 3.52366e-18 1.0842e-18 0
dEnergy = -8.34936e-05
0 -0.438853 0.0450807 0 1.34453 -1.02276 0 
1 1.05841 0.20962 0 -0.140237 0.311549 0 
2 -0.619559 -0.254701 0 -1.2043 0.711211 0 
dMomentum = 3.90313e-18 6.50521e-19 0
dEnergy = 0.000132914
0 -0.37744 -0.0139897 0 1.08776 -1.31254 0 
1 1.05043 0.22505 0 -0.178653 0.304263 0 
2 -0.672987 -0.21106 0 -0.909109 1.00828 0 
dMomentum = 3.25261e-18 -4.33681e-19 0
dEnergy = 0.000261628
0 -0.330867 -0.0837896 0 0.772295 -1.44689 0 
1 1.04049 0.240086 0 -0.218027 0.295749 0 
2 -0.709624 -0.156296 0 -0.554269 1.15114 0 
dMomentum = 3.30682e-18 -2.1684e-19 0
dEnergy = 0.000279435
0 -0.299364 -0.156734 0 0.497271 -1.44821 0 
1 1.02857 0.254658 0 -0.257954 0.28576 0 
2 -0.729203 -0.0979237 0 -0.239317 1.16245 0 
dMomentum = 3.36103e-18 -1.0842e-19 0
dEnergy = 0.000244763
0 -0.279825 -0.227729 0 0.295135 -1.37875 0 
1 1.01464 0.268693 0 -0.297985 0.274326 0 
2 -0.734814 -0.0409644 0 0.00285021 1.10442 0 
dMomentum = 3.03577e-18 -1.73472e-18 0
dEnergy = 0.000199149
0 -0.26874 -0.294443 0 0.156783 -1.28253 0 
1 0.998709 0.282124 0 -0.337822 0.261644 0 
2 -0.729968 0.0123195 0 0.18104 1.02089 0 
dMomentum = 3.03577e-18 -2.81893e-18 0
dEnergy = 0.00015763
0 -0.26336 -0.356144 0 0.0645231 -1.18086 0 
1 0.98079 0.294892 0 -0.377365 0.247962 0 
2 -0.71743 0.0612523 0 0.312841 0.932897 0 
dMomentum = 2.60209e-18 -2.92735e-18 0
dEnergy = 0.000123222
0 -0.26176 -0.41281 0 0.00374738 -1.08228 0 
1 0.960897 0.306955 0 -0.41667 0.233505 0 
2 -0.699137 0.105855 0 0.412922 0.84877 0 
dMomentum = 2.49366e-18 -3.68629e-18 0
dEnergy = 9.52196e-05
0 -0.262634 -0.464679 0 -0.0356664 -0.989592 0 
1 0.939037 0.318278 0 -0.455908 0.218452 0 
2 -0.676403 0.146401 0 0.491574 0.77114 0 
dMomentum = 3.03577e-18 -3.90313e-18 0
dEnergy = 7.22005e-05
0 -0.265087 -0.511974 0 -0.0603638 -0.903445 0 
1 0.915257 0.328814 0 -0.49525 0.202965 0 
2 -0.650171 0.18316 0 0.555614 0.700479 0 
dMomentum = 2.38524e-18 -3.25261e-18 0
dEnergy = 5.27254e-05
0 -0.268502 -0.555114 0 -0.0748064 -0.823228 0 
1 0.8895 0.338567 0 -0.535086 0.187103 0 
2 -0.620997 0.216547 0 0.609892 0.636126 0 
dMomentum = 2.92735e-18 -3.03577e-18 0
dEnergy = 3.5648e-05
0 -0.272446 -0.594377 0 -0.0818915 -0.74825 0 
1 0.86173 0.347518 0 -0.575786 0.170919 0 
2 -0.589284 0.246859 0 0.657678 0.577331 0 
dMomentum = 2.81893e-18 -3.57787e-18 0
dEnergy = 2.0013e-05
0 -0.276602 -0.630007 0 -0.0835726 -0.677774 0 
1 0.831895 0.355652 0 -0.617794 0.154445 0 
2 -0.555293 0.274354 0 0.701366 0.523329 0 
dMomentum = 1.95156e-18 -3.57787e-18 0
dEnergy = 4.97027e-06
0 -0.280736 -0.662211 0 -0.0811881 -0.611111 0 
1 0.799916 0.362956 0 -0.661644 0.137691 0 
2 -0.51918 0.299255 0 0.742832 0.47342 0 
dMomentum = 3.25261e-18 -3.57787e-18 0
dEnergy = -1.03292e-05
0 -0.284669 -0.691164 0 -0.0756688 -0.547643 0 
1 0.765685 0.369415 0 -0.708007 0.12066 0 
2 -0.481016 0.321749 0 0.783676 0.426984 0 
dMomentum = 3.36103e-18 -2.71051e-18 0
dEnergy = -2.68638e-05
0 -0.288261 -0.717013 0 -0.0676692 -0.486826 0 
1 0.729054 0.375015 0 -0.757748 0.103347 0 
2 -0.440793 0.341998 0 0.825418 0.383479 0 
dMomentum = 3.03577e-18 -3.03577e-18 0
dEnergy = -4.59392e-05
0 -0.291401 -0.739877 0 -0.0576543 -0.428178 0 
1 0.689829 0.379743 0 -0.812038 0.0857548 0 
2 -0.398428 0.360134 0 0.869692 0.342423 0 
dMomentum = 3.25261e-18 -3.36103e-18 0
dEnergy = -6.95432e-05
0 -0.293997 -0.759854 0 -0.0459552 -0.371272 0 
1 0.647742 0.383585 0 -0.87253 0.0679092 0 
2 -0.353745 0.376269 0 0.918485 0.303363 0 
dMomentum = 3.36103e-18 -3.57787e-18 0
dEnergy = -0.000101079
0 -0.295971 -0.777021 0 -0.0328084 -0.315723 0 
1 0.602426 0.386529 0 -0.9417 0.0498915 0 
2 -0.306454 0.390492 0 0.974508 0.265831 0 
dMomentum = 4.01155e-18 -3.52366e-18 0
dEnergy = -0.000147097
0 -0.297255 -0.791437 0 -0.0183823 -0.261174 0 
1 0.553355 0.388573 0 -1.02351 0.0319144 0 
2 -0.2561 0.402865 0 1.0419 0.229259 0 
dMomentum = 4.44523e-18 -3.7405e-18 0
dEnergy = -0.000222029
0 -0.297789 -0.803144 0 -0.00279748 -0.207291 0 
1 0.499742 0.389728 0 -1.1249 0.0145134 0 
2 -0.201953 0.413416 0 1.1277 0.192777 0 
dMomentum = 6.28837e-18 -3.90313e-18 0
dEnergy = -0.000364113
0 -0.297516 -0.812167 0 0.0138562 -0.153748 0 
1 0.440306 0.390055 0 -1.25962 -0.000875908 0 
2 -0.142791 0.422112 0 1.24576 0.154624 0 
dMomentum = 6.07153e-18 -3.90313e-18 0
dEnergy = -0.000708973
0 -0.296385 -0.818514 0 0.0315013 -0.100224 0 
1 0.372687 0.389744 0 -1.4608 -0.009661 0 
2 -0.0763025 0.428771 0 1.4293 0.109885 0 
dMomentum = 6.07153e-18 -3.90313e-18 0
dEnergy = -0.00212065
0 -0.294349 -0.822179 0 0.0500439 -0.0463855 0 
1 0.291357 0.389518 0 -1.84454 0.0103635 0 
2 0.00299192 0.43266 0 1.7945 0.036022 0 
dMomentum = 6.50521e-18 -3.93023e-18 0
dEnergy = -0.140148
0 -0.291367 -0.823136 0 0.0692954 0.0081051 0 
1 0.168144 0.397103 0 -4.24031 0.878736 0 
2 0.123223 0.426034 0 4.17101 -0.886841 0 
dMomentum = 8.78204e-18 -5.93601e-18 0
dEnergy = 0.00293134
0 -0.287418 -0.821347 0 0.0884918 0.0635863 0 
1 0.25661 0.470788 0 1.80501 0.591431 0 
2 0.0308078 0.350558 0 -1.8935 -0.655017 0 
dMomentum = 1.02999e-17 -5.23128e-18 0
dEnergy = 0.000818536
0 -0.282533 -0.816747 0 0.106638 0.120546 0 
1 0.334783 0.493888 0 1.38796 0.371069 0 
2 -0.0522497 0.322859 0 -1.4946 -0.491615 0 
dMomentum = 9.48677e-18 -4.93312e-18 0
dEnergy = 0.000389925
0 -0.276776 -0.809256 0 0.123351 0.179306 0 
1 0.398657 0.509657 0 1.185 0.268787 0 
2 -0.12188 0.299599 0 -1.30835 -0.448093 0 
dMomentum = 9.70361e-18 -4.79759e-18 0
dEnergy = 0.000224529
0 -0.270225 -0.798775 0 0.138341 0.240201 0 
1 0.454421 0.52132 0 1.05358 0.201544 0 
2 -0.184195 0.277455 0 -1.19192 -0.441745 0 
dMomentum = 9.29703e-18 -4.77049e-18 0
dEnergy = 0.00013971
0 -0.262975 -0.785188 0 0.151297 0.303602 0 
1 0.504571 0.530067 0 0.956869 0.150345 0 
2 -0.241597 0.255121 0 -1.10817 -0.453948 0 
dMomentum = 9.37835e-18 -5.04154e-18 0
dEnergy = 8.78628e-05
0 -0.255135 -0.76836 0 0.161833 0.36993 0 
1 0.550429 0.536498 0 0.880205 0.108093 0 
2 -0.295295 0.231862 0 -1.04204 -0.478024 0 
dMomentum = 9.08019e-18 -4.52654e-18 0
dEnergy = 5.17412e-05
0 -0.246839 -0.748132 0 0.169444 0.439665 0 
1 0.592797 0.540965 0 0.816337 0.0714178 0 
2 -0.345957 0.207167 0 -0.985781 -0.511083 0 
dMomentum = 9.51387e-18 -4.90601e-18 0
dEnergy = 2.3664e-05
0 -0.23825 -0.72432 0 0.173447 0.513352 0 
1 0.632201 0.543698 0 0.76117 0.0384664 0 
2 -0.393952 0.180623 0 -0.934617 -0.551819 0 
dMomentum = 9.63585e-18 -5.3397e-18 0
dEnergy = -3.79615e-07
0 -0.22957 -0.696713 0 0.172899 0.591607 0 
1 0.66901 0.544851 0 0.712155 0.00811142 0 
2 -0.439441 0.151861 0 -0.885054 -0.599718 0 
dMomentum = 8.90401e-18 -3.90313e-18 0
dEnergy = -2.28109e-05
0 -0.221058 -0.665064 0 0.166481 0.675101 0 
1 0.703486 0.544537 0 0.667584 -0.0203857 0 
2 -0.482428 0.120527 0 -0.834065 -0.654715 0 
dMomentum = 9.43256e-18 -3.65918e-18 0
dEnergy = -4.53125e-05
0 -0.213051 -0.629095 0 0.15232 0.76452 0 
1 0.735818 0.542833 0 0.626237 -0.0475339 0 
2 -0.522767 0.0862626 0 -0.778557 -0.716986 0 
dMomentum = 9.86624e-18 -3.44234e-18 0
dEnergy = -6.91899e-05
0 -0.206001 -0.588494 0 0.127728 0.860447 0 
1 0.766144 0.539797 0 0.587189 -0.0736939 0 
2 -0.560143 0.0486971 0 -0.714916 -0.786754 0 
dMomentum = 1.10589e-17 -3.41524e-18 0
dEnergy = -9.54462e-05
0 -0.200519 -0.542928 0 0.0888206 0.963107 0 
1 0.794559 0.535473 0 0.549699 -0.0991189 0 
2 -0.59404 0.00745499 0 -0.63852 -0.863988 0 
dMomentum = 1.07065e-17 -3.63208e-18 0
dEnergy = -0.000124521
0 -0.197454 -0.492072 0 0.0299985 1.07177 0 
1 0.821126 0.529892 0 0.513148 -0.123972 0 
2 -0.623671 -0.0378204 0 -0.543147 -0.947802 0 
dMomentum = 1.0571e-17 -2.43945e-18 0
dEnergy = -0.000155388
0 -0.197989 -0.435685 0 -0.056615 1.18355 0 
1 0.845877 0.523081 0 0.477001 -0.148325 0 
2 -0.647888 -0.0873963 0 -0.420386 -1.03523 0 
dMomentum = 1.04083e-17 -1.89735e-18 0
dEnergy = -0.000183367
0 -0.20376 -0.373774 0 -0.181272 1.29094 0 
1 0.868821 0.515066 0 0.440801 -0.172143 0 
2 -0.665061 -0.141292 0 -0.259529 -1.1188 0 
dMomentum = 1.04083e-17 -2.49366e-18 0
dEnergy = -0.000196186
0 -0.216945 -0.306916 0 -0.354613 1.37783 0 
1 0.889947 0.505876 0 0.404202 -0.195265 0 
2 -0.673001 -0.198961 0 -0.0495887 -1.18256 0 
dMomentum = 1.0571e-17 -3.41524e-18 0
dEnergy = -0.000171249
0 -0.240122 -0.236798 0 -0.580072 1.41554 0 
1 0.909228 0.495554 0 0.367034 -0.217396 0 
2 -0.669106 -0.258755 0 0.213039 -1.19815 0 
dMomentum = 1.06252e-17 -4.8247e-18 0
dEnergy = -8.72977e-05
0 -0.275547 -0.166801 0 -0.838517 1.36744 0 
1 0.926638 0.484157 0 0.329398 -0.238165 0 
2 -0.651091 -0.317357 0 0.509119 -1.12928 0 
dMomentum = 1.06252e-17 -5.58364e-18 0
dEnergy = 4.03489e-05
0 -0.323699 -0.101848 0 -1.07861 1.21409 0 
1 0.942163 0.471763 0 0.291684 -0.257272 0 
2 -0.618464 -0.369915 0 0.786926 -0.956817 0 
dMomentum = 1.07336e-17 -4.49944e-18 0
dEnergy = 0.000152001
0 -0.382128 -0.0467396 0 -1.24212 0.982231 0 
1 0.95581 0.458457 0 0.254409 -0.274678 0 
2 -0.573683 -0.411717 0 0.987714 -0.707553 0 
dMomentum = 9.86624e-18 -5.20417e-18 0
dEnergy = 0.000205225
0 -0.446271 -0.00397743 0 -1.30799 0.730087 0 
1 0.967614 0.444318 0 0.217952 -0.290644 0 
2 -0.521343 -0.44034 0 1.09004 -0.439443 0 
dMomentum = 1.01915e-17 -4.93312e-18 0
dEnergy = 0.000207557
0 -0.511626 0.0266878 0 -1.29593 0.503426 0 
1 0.977617 0.429408 0 0.182399 -0.305599 0 
2 -0.465992 -0.456095 0 1.11353 -0.197827 0 
dMomentum = 9.75782e-18 -4.77049e-18 0
dEnergy = 0.000184613
0 -0.57509 0.0470625 0 -1.23733 0.319244 0 
1 0.985863 0.413766 0 0.147586 -0.319978 0 
2 -0.410773 -0.460829 0 1.08974 0.000734275 0 
dMomentum = 1.13841e-17 -4.93312e-18 0
dEnergy = 0.000154431
0 -0.634984 0.0592865 0 -1.15635 0.176325 0 
1 0.99238 0.397412 0 0.113208 -0.334146 0 
2 -0.357395 -0.456698 0 1.04314 0.157821 0 
dMomentum = 9.75782e-18 -4.55365e-18 0
dEnergy = 0.000125143
0 -0.690585 0.065247 0 -1.06728 0.0672858 0 
1 0.997181 0.380349 0 0.0788975 -0.348381 0 
2 -0.306596 -0.445596 0 0.988384 0.281095 0 
dMomentum = 9.1073e-18 -4.87891e-18 0
dEnergy = 9.93189e-05
0 -0.741694 0.0664402 0 -0.977544 -0.0156161 0 
1 1.00026 0.362568 0 0.0442643 -0.3629 0 
2 -0.258566 -0.429008 0 0.93328 0.378516 0 
dMomentum = 9.1073e-18 -4.77049e-18 0
dEnergy = 7.71902e-05
0 -0.788379 0.0640069 0 -0.890655 -0.0787389 0 
1 1.00159 0.34405 0 0.008899 -0.377872 0 
2 -0.213213 -0.408057 0 0.881756 0.456611 0 
dMomentum = 9.1073e-18 -4.33681e-18 0
dEnergy = 5.81843e-05
0 -0.830824 0.0588095 0 -0.808101 -0.126893 0 
1 1.00113 0.324769 0 -0.0276326 -0.393436 0 
2 -0.170303 -0.383579 0 0.835734 0.52033 0 
dMomentum = 8.45678e-18 -4.22839e-18 0
dEnergy = 4.15308e-05
0 -0.869262 0.0515032 0 -0.730352 -0.163624 0 
1 0.998797 0.304693 0 -0.0658079 -0.409712 0 
2 -0.129536 -0.356196 0 0.79616 0.573336 0 
dMomentum = 7.69784e-18 -4.77049e-18 0
dEnergy = 2.64563e-05
0 -0.903932 0.0425906 0 -0.657393 -0.19153 0 
1 0.994506 0.283782 0 -0.106172 -0.426805 0 
2 -0.0905744 -0.326373 0 0.763565 0.618335 0 
dMomentum = 7.26415e-18 -4.66207e-18 0
dEnergy = 1.2216e-05
0 -0.93507 0.0324626 0 -0.588992 -0.212534 0 
1 0.988129 0.261995 0 -0.149374 -0.444809 0 
2 -0.0530591 -0.294458 0 0.738366 0.657343 0 
dMomentum = 7.15573e-18 -5.20417e-18 0
dEnergy = -1.94487e-06
0 -0.962895 0.0214263 0 -0.524832 -0.228075 0 
1 0.979504 0.239283 0 -0.196212 -0.463806 0 
2 -0.0166088 -0.260709 0 0.721044 0.69188 0 
dMomentum = 7.15573e-18 -5.85469e-18 0
dEnergy = -1.68706e-05
0 -0.987612 0.00972642 0 -0.464578 -0.239246 0 
1 0.968425 0.215595 0 -0.24771 -0.483851 0 
2 0.0191866 -0.225322 0 0.712288 0.723097 0 
dMomentum = 7.48099e-18 -5.63785e-18 0
dEnergy = -3.36235e-05
0 -1.00941 -0.00244064 0 -0.407907 -0.246894 0 
1 0.954628 0.190878 0 -0.30522 -0.504958 0 
2 0.0547792 -0.188438 0 0.713128 0.751852 0 
dMomentum = 7.69784e-18 -5.20417e-18 0
dEnergy = -5.37009e-05
0 -1.02845 -0.0149161 0 -0.354521 -0.251687 0 
1 0.937766 0.165081 0 -0.370606 -0.527048 0 
2 0.0906855 -0.150165 0 0.725126 0.778736 0 
dMomentum = 7.80626e-18 -6.07153e-18 0
dEnergy = -7.9437e-05
0 -1.0449 -0.0275712 0 -0.304146 -0.254164 0 
1 0.917385 0.138159 0 -0.446531 -0.549852 0 
2 0.127519 -0.110588 0 0.750677 0.804016 0 
dMomentum = 7.58942e-18 -5.42101e-18 0
dEnergy = -0.000114816
0 -1.05891 -0.0403015 0 -0.256535 -0.254769 0 
1 0.892864 0.110092 0 -0.53699 -0.572687 0 
2 0.166044 -0.0697907 0 0.793526 0.827456 0 
dMomentum = 7.58942e-18 -5.74627e-18 0
dEnergy = -0.000167282
0 -1.0706 -0.0530232 0 -0.211462 -0.253882 0 
1 0.863331 0.0809137 0 -0.648302 -0.593917 0 
2 0.207264 -0.0278905 0 0.859765 0.847799 0 
dMomentum = 7.37257e-18 -5.63785e-18 0
dEnergy = -0.000252226
0 -1.08009 -0.0656702 0 -0.168709 -0.251834 0 
1 0.8275 0.050789 0 -0.791146 -0.60954 0 
2 0.252588 0.0148813 0 0.959855 0.861374 0 
dMomentum = 7.91468e-18 -5.42101e-18 0
dEnergy = -0.000405524
0 -1.0875 -0.0781921 0 -0.128056 -0.248928 0 
1 0.783358 0.0202202 0 -0.985031 -0.608894 0 
2 0.304138 0.0579719 0 1.11309 0.857822 0 
dMomentum = 9.32414e-18 -5.09575e-18 0
dEnergy = -0.000722806
0 -1.09292 -0.0905532 0 -0.0892599 -0.245453 0 
1 0.7275 -0.00931774 0 -1.26854 -0.559122 0 
2 0.36542 0.099871 0 1.3578 0.804576 0 
dMomentum = 9.54098e-18 -5.52943e-18 0
dEnergy = -0.00146109
0 -1.09644 -0.102732 0 -0.0519934 -0.241696 0 
1 0.653766 -0.0329484 0 -1.71419 -0.334184 0 
2 0.442679 0.135681 0 1.76618 0.57588 0 
dMomentum = 7.15573e-18 -5.77338e-18 0
dEnergy = -0.00190523
0 -1.09813 -0.114722 0 -0.0157007 -0.237914 0 
1 0.554088 -0.0313572 0 -2.21249 0.594918 0 
2 0.544045 0.146079 0 2.22819 -0.357005 0 
dMomentum = 3.90313e-18 -4.66207e-18 0
dEnergy = 0.00212204
0 -1.09801 -0.126546 0 0.020638 -0.234022 0 
1 0.458985 0.0370193 0 -1.31062 1.9004 0 
2 0.639024 0.0895263 0 1.28998 -1.66638 0 
dMomentum = 2.05998e-18 -4.01155e-18 0
dEnergy = 0.0013288
0 -1.09606 -0.138159 0 0.0572637 -0.229451 0 
1 0.419759 0.132674 0 -0.400407 1.8158 0 
2 0.676296 0.00548463 0 0.343144 -1.58635 0 
dMomentum = 2.05998e-18 -4.22839e-18 0
dEnergy = 0.000678155
0 -1.09227 -0.149523 0 0.0936888 -0.224083 0 
1 0.409432 0.216813 0 -0.0652833 1.55088 0 
2 0.682839 -0.0672903 0 -0.0284055 -1.3268 0 
dMomentum = 2.22261e-18 -2.54788e-18 0
dEnergy = 0.000397068
0 -1.08667 -0.160601 0 0.129674 -0.218117 0 
1 0.410089 0.289091 0 0.072753 1.3448 0 
2 0.676583 -0.12849 0 -0.202427 -1.12668 0 
dMomentum = 2.33103e-18 -1.89735e-18 0
dEnergy = 0.000258192
0 -1.07928 -0.171371 0 0.16521 -0.211751 0 
1 0.415519 0.352369 0 0.135979 1.18824 0 
2 0.663763 -0.180998 0 -0.301189 -0.976493 0 
dMomentum = 2.30393e-18 -1.68051e-18 0
dEnergy = 0.000179812
0 -1.07012 -0.181814 0 0.200388 -0.205136 0 
1 0.423162 0.408685 0 0.165149 1.06456 0 
2 0.646959 -0.226871 0 -0.365537 -0.859422 0 
dMomentum = 1.87025e-18 -1.84314e-18 0
dEnergy = 0.000130818
0 -1.0592 -0.191922 0 0.235347 -0.198385 0 
1 0.431779 0.459394 0 0.176673 0.962986 0 
2 0.627424 -0.267471 0 -0.412019 -0.764601 0 
dMomentum = 1.73472e-18 -1.13841e-18 0
dEnergy = 9.76686e-05
0 -1.04654 -0.201691 0 0.270247 -0.191582 0 
1 0.4407 0.505424 0 0.178188 0.876885 0 
2 0.605837 -0.303733 0 -0.448435 -0.685303 0 
dMomentum = 1.73472e-18 -5.42101e-19 0
dEnergy = 7.37509e-05
0 -1.03212 -0.211118 0 0.305266 -0.184792 0 
1 0.449533 0.547436 0 0.17364 0.802018 0 
2 0.582586 -0.336318 0 -0.478905 -0.617225 0 
dMomentum = 1.89735e-18 -1.02999e-18 0
dEnergy = 5.55186e-05
0 -1.01594 -0.220207 0 0.340589 -0.178071 0 
1 0.458034 0.585919 0 0.165228 0.735568 0 
2 0.557906 -0.365711 0 -0.505818 -0.557497 0 
dMomentum = 1.82959e-18 -1.51788e-18 0
dEnergy = 4.09138e-05
0 -0.99798 -0.228962 0 0.376421 -0.171466 0 
1 0.466045 0.621242 0 0.154252 0.675587 0 
2 0.531935 -0.392279 0 -0.530673 -0.504121 0 
dMomentum = 2.22261e-18 -1.95156e-18 0
dEnergy = 2.86527e-05
0 -0.978207 -0.23739 0 0.412984 -0.165023 0 
1 0.473459 0.653691 0 0.14151 0.620677 0 
2 0.504748 -0.416301 0 -0.554495 -0.455654 0 
dMomentum = 1.51788e-18 -2.05998e-18 0
dEnergy = 1.78736e-05
0 -0.956579 -0.245501 0 0.450527 -0.158795 0 
1 0.480202 0.683495 0 0.127511 0.569807 0 
2 0.476377 -0.437995 0 -0.578038 -0.411012 0 
dMomentum = 1.84314e-18 -1.70762e-18 0
dEnergy = 7.94766e-06
0 -0.933039 -0.253306 0 0.489334 -0.152841 0 
1 0.486219 0.710835 0 0.112584 0.522192 0 
2 0.44682 -0.45753 0 -0.601919 -0.36935 0 
dMomentum = 1.35525e-18 -1.02999e-18 0
dEnergy = -1.63466e-06
0 -0.907517 -0.260821 0 0.529743 -0.147236 0 
1 0.49147 0.735859 0 0.0969444 0.477217 0 
2 0.416047 -0.475038 0 -0.626688 -0.329981 0 
dMomentum = 1.0571e-18 -1.16552e-18 0
dEnergy = -1.1341e-05
0 -0.879921 -0.268066 0 0.57216 -0.142079 0 
1 0.495922 0.758684 0 0.0807322 0.434395 0 
2 0.384 -0.490619 0 -0.652892 -0.292316 0 
dMomentum = 1.51788e-18 -9.75782e-19 0
dEnergy = -2.16648e-05
0 -0.85014 -0.275066 0 0.61709 -0.137504 0 
1 0.499549 0.77941 0 0.0640379 0.393324 0 
2 0.350591 -0.504344 0 -0.681128 -0.25582 0 
dMomentum = 1.0842e-18 -1.0842e-18 0
dEnergy = -3.32015e-05
0 -0.818032 -0.281856 0 0.665177 -0.133701 0 
1 0.50233 0.798115 0 0.0469163 0.353668 0 
2 0.315702 -0.516259 0 -0.712094 -0.219968 0 
dMomentum = 4.87891e-19 -1.13841e-18 0
dEnergy = -4.6759e-05
0 -0.783417 -0.28848 0 0.717276 -0.130946 0 
1 0.504242 0.814862 0 0.029397 0.31514 0 
2 0.279176 -0.526382 0 -0.746673 -0.184194 0 
dMomentum = 4.33681e-19 -1.0842e-18 0
dEnergy = -6.35456e-05
0 -0.746069 -0.295001 0 0.774549 -0.129656 0 
1 0.505267 0.829703 0 0.0114916 0.277486 0 
2 0.240802 -0.534702 0 -0.786041 -0.14783 0 
dMomentum = 1.6263e-19 -8.67362e-19 0
dEnergy = -8.55305e-05
0 -0.705688 -0.301507 0 0.838656 -0.130481 0 
1 0.505385 0.842673 0 -0.00680167 0.240476 0 
2 0.200303 -0.541167 0 -0.831855 -0.109995 0 
dMomentum = 5.42101e-19 -6.50521e-19 0
dEnergy = -0.000116213
0 -0.661874 -0.308128 0 0.912079 -0.134492 0 
1 0.504577 0.853802 0 -0.0254941 0.203898 0 
2 0.157297 -0.545674 0 -0.886585 -0.0694057 0 
dMomentum = 1.11131e-18 -4.33681e-19 0
dEnergy = -0.000162454
0 -0.614069 -0.315067 0 0.998771 -0.143572 0 
1 0.502822 0.863104 0 -0.0446031 0.167547 0 
2 0.111248 -0.548037 0 -0.954168 -0.0239747 0 
dMomentum = 5.96311e-19 -5.42101e-19 0
dEnergy = -0.000239524
0 -0.561455 -0.322658 0 1.10557 -0.161343 0 
1 0.500098 0.870587 0 -0.0641484 0.131219 0 
2 0.0613564 -0.547928 0 -1.04143 0.0301237 0 
dMomentum = 1.46367e-18 -3.79471e-19 0
dEnergy = -0.000388075
0 -0.502729 -0.331508 0 1.2458 -0.195766 0 
1 0.496385 0.876246 0 -0.0841461 0.0947075 0 
2 0.00634417 -0.544737 0 -1.16165 0.101059 0 
dMomentum = 5.42101e-19 -4.33681e-19 0
dEnergy = -0.000752383
0 -0.43556 -0.342895 0 1.45047 -0.268521 0 
1 0.491657 0.880066 0 -0.104599 0.0577939 0 
2 -0.0560971 -0.537171 0 -1.34588 0.210727 0 
dMomentum = 5.96311e-19 -6.50521e-19 0
dEnergy = -0.00223801
0 -0.354761 -0.360381 0 1.8203 -0.46922 0 
1 0.485895 0.882022 0 -0.125472 0.0202447 0 
2 -0.131134 -0.521641 0 -1.69483 0.448975 0 
dMomentum = 1.30104e-18 2.1684e-19 0
dEnergy = -0.0641694
0 -0.240908 -0.408672 0 2.97729 -2.56343 0 
1 0.479078 0.882076 0 -0.146615 -0.0181637 0 
2 -0.23817 -0.473404 0 -2.83067 2.5816 0 
dMomentum = 8.67362e-19 -1.95156e-18 0
dEnergy = 0.00390006
0 -0.310122 -0.520719 0 -1.80286 -0.798846 0 
1 0.471202 0.880185 0 -0.167788 -0.0574794 0 
2 -0.16108 -0.359466 0 1.97065 0.856325 0 
dMomentum = 1.0842e-18 -1.95156e-18 0
dEnergy = 0.000964754
0 -0.387568 -0.548581 0 -1.35676 -0.399637 0 
1 0.462264 0.876284 0 -0.188965 -0.0984583 0 
2 -0.0746955 -0.327704 0 1.54573 0.498095 0 
dMomentum = 2.81893e-18 -1.73472e-18 0
dEnergy = 0.000440316
0 -0.449517 -0.564397 0 -1.13566 -0.248803 0 
1 0.452271 0.870281 0 -0.209841 -0.141489 0 
2 -0.00275424 -0.305884 0 1.3455 0.390292 0 
dMomentum = 3.57787e-18 -1.73472e-18 0
dEnergy = 0.000249423
0 -0.502597 -0.574511 0 -0.992044 -0.16139 0 
1 0.441244 0.862064 0 -0.230201 -0.186849 0 
2 0.0613524 -0.287553 0 1.22224 0.348238 0 
dMomentum = 4.33681e-18 -1.6263e-18 0
dEnergy = 0.000155655
0 -0.549531 -0.580996 0 -0.886433 -0.10067 0 
1 0.429215 0.85151 0 -0.249841 -0.234833 0 
2 0.120316 -0.270514 0 1.13627 0.335503 0 
dMomentum = 3.57787e-18 -2.1684e-18 0
dEnergy = 0.000100636
0 -0.591774 -0.584824 0 -0.802961 -0.0539737 0 
1 0.416224 0.838479 0 -0.268539 -0.28578 0 
2 0.17555 -0.253655 0 1.0715 0.339754 0 
dMomentum = 4.55365e-18 -2.1684e-18 0
dEnergy = 6.39532e-05
0 -0.630217 -0.586538 0 -0.73377 -0.0156314 0 
1 0.402326 0.822813 0 -0.286022 -0.340091 0 
2 0.227891 -0.236275 0 1.01979 0.355723 0 
dMomentum = 4.11997e-18 -2.1684e-18 0
dEnergy = 3.67919e-05
0 -0.665454 -0.586476 0 -0.674421 0.0173245 0 
1 0.387589 0.804332 0 -0.301944 -0.398242 0 
2 0.277865 -0.217856 0 0.976365 0.380918 0 
dMomentum = 3.68629e-18 -1.95156e-18 0
dEnergy = 1.47061e-05
0 -0.697906 -0.58486 0 -0.622165 0.0466264 0 
1 0.372103 0.78283 0 -0.315841 -0.460805 0 
2 0.325803 -0.19797 0 0.938006 0.414178 0 
dMomentum = 4.11997e-18 -1.40946e-18 0
dEnergy = -4.87531e-06
0 -0.727878 -0.581844 0 -0.575174 0.0733708 0 
1 0.355985 0.758068 0 -0.327077 -0.528469 0 
2 0.371893 -0.176224 0 0.90225 0.455098 0 
dMomentum = 3.57787e-18 -9.75782e-19 0
dEnergy = -2.36674e-05
0 -0.7556 -0.577536 0 -0.532157 0.098298 0 
1 0.339388 0.729771 0 -0.33476 -0.602063 0 
2 0.416212 -0.152235 0 0.866916 0.503765 0 
dMomentum = 3.68629e-18 -1.51788e-18 0
dEnergy = -4.30075e-05
0 -0.781246 -0.572013 0 -0.492155 0.121935 0 
1 0.322522 0.697618 0 -0.337611 -0.682577 0 
2 0.458725 -0.125605 0 0.829766 0.560642 0 
dMomentum = 4.01155e-18 -1.30104e-18 0
dEnergy = -6.41074e-05
0 -0.804948 -0.565331 0 -0.454419 0.144673 0 
1 0.305671 0.661234 0 -0.33376 -0.771157 0 
2 0.499277 -0.0959034 0 0.788179 0.626483 0 
dMomentum = 4.77049e-18 -7.58942e-19 0
dEnergy = -8.81806e-05
0 -0.826803 -0.557525 0 -0.418329 0.166814 0 
1 0.289237 0.620183 0 -0.320425 -0.869062 0 
2 0.537565 -0.0626585 0 0.738754 0.702248 0 
dMomentum = 3.90313e-18 -9.75782e-19 0
dEnergy = -0.000116433
0 -0.846879 -0.54862 0 -0.383347 0.188589 0 
1 0.273794 0.573968 0 -0.293391 -0.977476 0 
2 0.573085 -0.0253482 0 0.676738 0.788887 0 
dMomentum = 3.90313e-18 -8.67362e-19 0
dEnergy = -0.000149737
0 -0.865221 -0.538629 0 -0.348978 0.210175 0 
1 0.260177 0.522042 0 -0.246227 -1.09699 0 
2 0.605043 0.0165867 0 0.595205 0.886813 0 
dMomentum = 4.33681e-18 -5.42101e-19 0
dEnergy = -0.000187481
0 -0.881846 -0.527559 0 -0.314749 0.231683 0 
1 0.249624 0.463872 0 -0.169199 -1.22627 0 
2 0.632221 0.0636878 0 0.483948 0.994588 0 
dMomentum = 4.22839e-18 -4.33681e-19 0
dEnergy = -0.000224354
0 -0.89675 -0.515413 0 -0.280201 0.253141 0 
1 0.243964 0.399093 0 -0.0483397 -1.35901 0 
2 0.652786 0.11632 0 0.328541 1.10587 0 
dMomentum = 4.01155e-18 0 0
dEnergy = -0.000243488
0 -0.909906 -0.502195 0 -0.244912 0.274458 0 
1 0.245811 0.327908 0 0.133164 -1.47778 0 
2 0.664095 0.174286 0 0.111747 1.20333 0 
dMomentum = 4.01155e-18 2.1684e-19 0
dEnergy = -0.000209895
0 -0.921269 -0.487917 0 -0.208574 0.295377 0 
1 0.258522 0.251842 0 0.385084 -1.54606 0 
2 0.662747 0.236075 0 -0.176511 1.25069 0 
dMomentum = 4.11997e-18 -1.40946e-18 0
dEnergy = -9.0568e-05
0 -0.930783 -0.472609 0 -0.171131 0.315487 0 
1 0.285264 0.174711 0 0.685296 -1.51209 0 
2 0.645519 0.297899 0 -0.514166 1.19661 0 
dMomentum = 4.17418e-18 -8.67362e-19 0
dEnergy = 7.97763e-05
0 -0.938399 -0.456324 0 -0.132885 0.334365 0 
1 0.326839 0.102543 0 0.962556 -1.34895 0 
2 0.61156 0.35378 0 -0.829671 1.01458 0 
dMomentum = 3.52366e-18 -4.33681e-19 0
dEnergy = 0.000203859
0 -0.94409 -0.439128 0 -0.0943786 0.351825 0 
1 0.380047 0.0410446 0 1.14127 -1.0986 0 
2 0.564042 0.398084 0 -1.04689 0.74677 0 
dMomentum = 1.65341e-18 -1.6263e-18 0
dEnergy = 0.000241383
0 -0.947855 -0.42109 0 -0.056067 0.368039 0 
1 0.439277 -0.00734871 0 1.20616 -0.837282 0 
2 0.508578 0.428439 0 -1.15009 0.469243 0 
dMomentum = 1.78893e-18 -2.05998e-18 0
dEnergy = 0.000223521
0 -0.94971 -0.402263 0 -0.0181041 0.383404 0 
1 0.499561 -0.0434586 0 1.19042 -0.612498 0 
2 0.450149 0.445722 0 -1.17231 0.229094 0 
dMomentum = 2.38524e-18 -1.68051e-18 0
dEnergy = 0.000186362
0 -0.949669 -0.382678 0 0.0196407 0.398367 0 
1 0.557839 -0.0695017 0 1.13144 -0.435154 0 
2 0.39183 0.45218 0 -1.15108 0.0367867 0 
dMomentum = 2.24972e-18 -2.05998e-18 0
dEnergy = 0.00014777
0 -0.947736 -0.362345 0 0.0574773 0.413331 0 
1 0.612615 -0.0877409 0 1.05354 -0.299379 0 
2 0.335122 0.450086 0 -1.11102 -0.113952 0 
dMomentum = 3.06287e-18 -2.00577e-18 0
dEnergy = 0.000113462
0 -0.943898 -0.341255 0 0.0958175 0.428643 0 
1 0.663299 -0.100025 0 0.969587 -0.195848 0 
2 0.280599 0.44128 0 -1.0654 -0.232795 0 
dMomentum = 3.03577e-18 -1.92446e-18 0
dEnergy = 8.41295e-05
0 -0.938115 -0.319383 0 0.135146 0.44461 0 
1 0.709762 -0.107757 0 0.885728 -0.116405 0 
2 0.228353 0.42714 0 -1.02087 -0.328205 0 
dMomentum = 3.08998e-18 -2.00577e-18 0
dEnergy = 5.88373e-05
0 -0.930326 -0.296688 0 0.176025 0.461524 0 
1 0.752088 -0.11198 0 0.80469 -0.0548784 0 
2 0.178238 0.408668 0 -0.980715 -0.406646 0 
dMomentum = 3.71339e-18 -2.1413e-18 0
dEnergy = 3.62511e-05
0 -0.920436 -0.273116 0 0.219123 0.479686 0 
1 0.79045 -0.113474 0 0.727527 -0.00680339 0 
2 0.129987 0.38659 0 -0.94665 -0.472882 0 
dMomentum = 3.68629e-18 -2.38524e-18 0
dEnergy = 1.4959e-05
0 -0.908315 -0.248595 0 0.265269 0.49943 0 
1 0.825048 -0.112828 0 0.654496 0.031021 0 
2 0.0832665 0.361423 0 -0.919764 -0.530451 0 
dMomentum = 2.95445e-18 -1.57209e-18 0
dEnergy = -6.56093e-06
0 -0.893783 -0.223038 0 0.31554 0.521154 0 
1 0.85609 -0.110495 0 0.585497 0.0609057 0 
2 0.0376926 0.333532 0 -0.901037 -0.582059 0 
dMomentum = 2.76472e-18 -1.5992e-18 0
dEnergy = -3.017e-05
0 -0.876599 -0.196332 0 0.37141 0.545354 0 
1 0.883772 -0.106827 0 0.520281 0.0845417 0 
2 -0.0071724 0.303159 0 -0.891691 -0.629896 0 
dMomentum = 2.98156e-18 -8.40257e-19 0
dEnergy = -5.85419e-05
0 -0.856433 -0.168338 0 0.435004 0.57268 0 
1 0.908274 -0.102105 0 0.458546 0.103187 0 
2 -0.051841 0.270443 0 -0.893551 -0.675867 0 
dMomentum = 3.25261e-18 -7.31836e-19 0
dEnergy = -9.61641e-05
0 -0.832823 -0.13888 0 0.509583 0.604011 0 
1 0.929765 -0.0965532 0 0.399994 0.117798 0 
2 -0.0969425 0.235433 0 -0.909576 -0.721809 0 
dMomentum = 3.2255e-18 -1.54499e-18 0
dEnergy = -0.000151745
0 -0.805094 -0.107726 0 0.600531 0.64057 0 
1 0.948396 -0.090355 0 0.344344 0.129116 0 
2 -0.143303 0.198081 0 -0.944875 -0.769685 0 
dMomentum = 3.06287e-18 -1.65341e-18 0
dEnergy = -0.000245032
0 -0.772207 -0.0745751 0 0.71766 0.684062 0 
1 0.964307 -0.0836598 0 0.291345 0.137733 0 
2 -0.1921 0.158235 0 -1.00901 -0.821796 0 
dMomentum = 5.14996e-18 -1.0571e-18 0
dEnergy = -0.000430838
0 -0.732405 -0.0390268 0 0.881487 0.7366 0 
1 0.977625 -0.0765902 0 0.240776 0.144144 0 
2 -0.245219 0.115617 0 -1.12226 -0.880744 0 
dMomentum = 5.52943e-18 -5.14996e-19 0
dEnergy = -0.000918393
0 -0.682246 -0.000603579 0 1.14545 0.798065 0 
1 0.988465 -0.0692456 0 0.192438 0.148783 0 
2 -0.306219 0.0698492 0 -1.33789 -0.946848 0 
dMomentum = 3.68629e-18 -3.65918e-19 0
dEnergy = -0.00322771
0 -0.612801 0.0405605 0 1.72123 0.825319 0 
1 0.996936 -0.0617042 0 0.146143 0.152081 0 
2 -0.384136 0.0211437 0 -1.86738 -0.9774 0 
dMomentum = 4.11997e-18 -1.30104e-18 0
dEnergy = 0.00484834
0 -0.482238 0.0494767 0 3.14976 -2.58771 0 
1 1.00313 -0.0540201 0 0.10158 0.154599 0 
2 -0.520895 0.00454348 0 -3.25134 2.43311 0 
dMomentum = 4.55365e-18 -1.0842e-18 0
dEnergy = 0.00312369
0 -0.458648 -0.084761 0 -0.326078 -2.04352 0 
1 1.00712 -0.0462201 0 0.0576484 0.156653 0 
2 -0.54847 0.130981 0 0.268429 1.88687 0 
dMomentum = 4.55365e-18 1.30104e-18 0
dEnergy = 0.000929455
0 -0.479126 -0.171869 0 -0.445211 -1.51573 0 
1 1.00892 -0.0383332 0 0.01449 0.158119 0 
2 -0.529793 0.210202 0 0.430721 1.35761 0 
dMomentum = 4.01155e-18 2.38524e-18 0
dEnergy = 0.000455801
0 -0.501499 -0.240851 0 -0.441364 -1.26182 0 
1 1.00858 -0.0303811 0 -0.0278149 0.159302 0 
2 -0.507081 0.271232 0 0.469179 1.10252 0 
dMomentum = 3.79471e-18 2.60209e-18 0
dEnergy = 0.000274152
0 -0.523022 -0.299806 0 -0.416349 -1.10212 0 
1 1.00614 -0.0223722 0 -0.0694097 0.160415 0 
2 -0.483118 0.322178 0 0.485758 0.941709 0 
dMomentum = 3.68629e-18 3.36103e-18 0
dEnergy = 0.000183357
0 -0.543136 -0.352013 0 -0.38633 -0.987689 0 
1 1.00163 -0.0143061 0 -0.110477 0.161606 0 
2 -0.458494 0.366319 0 0.496808 0.826084 0 
dMomentum = 4.11997e-18 3.90313e-18 0
dEnergy = 0.00013028
0 -0.561716 -0.399188 0 -0.355478 -0.899079 0 
1 0.995072 -0.00617587 0 -0.15121 0.162993 0 
2 -0.433355 0.405364 0 0.506687 0.736087 0 
dMomentum = 3.90313e-18 3.90313e-18 0
dEnergy = 9.5767e-05
0 -0.57876 -0.442364 0 -0.325084 -0.826836 0 
1 0.986477 0.0020309 0 -0.191798 0.164677 0 
2 -0.407717 0.440333 0 0.516882 0.662158 0 
dMomentum = 3.46945e-18 3.57787e-18 0
dEnergy = 7.14563e-05
0 -0.594301 -0.482216 0 -0.295549 -0.765723 0 
1 0.975849 0.0103316 0 -0.232436 0.166756 0 
2 -0.381548 0.471884 0 0.527985 0.598967 0 
dMomentum = 3.14419e-18 2.92735e-18 0
dEnergy = 5.31803e-05
0 -0.608386 -0.519216 0 -0.266955 -0.71257 0 
1 0.963179 0.0187483 0 -0.273321 0.169328 0 
2 -0.354792 0.500467 0 0.540275 0.543242 0 
dMomentum = 3.14419e-18 3.25261e-18 0
dEnergy = 3.86388e-05
0 -0.621062 -0.553708 0 -0.239263 -0.665323 0 
1 0.94845 0.0273086 0 -0.314656 0.172501 0 
2 -0.327388 0.5264 0 0.553919 0.492822 0 
dMomentum = 3.36103e-18 3.14419e-18 0
dEnergy = 2.64696e-05
0 -0.63235 -0.585889 0 -0.212443 -0.622661 0 
1 0.931671 0.0360278 0 -0.356577 0.176393 0 
2 -0.29932 0.549862 0 0.56902 0.446268 0 
dMomentum = 4.01155e-18 3.25261e-18 0
dEnergy = 1.57387e-05
0 -0.642316 -0.616028 0 -0.186341 -0.583491 0 
1 0.912773 0.0449629 0 -0.399402 0.18116 0 
2 -0.270457 0.571066 0 0.585743 0.40233 0 
dMomentum = 4.11997e-18 2.81893e-18 0
dEnergy = 5.79739e-06
0 -0.650992 -0.644281 0 -0.160859 -0.547077 0 
1 0.891707 0.0541621 0 -0.443395 0.18699 0 
2 -0.240714 0.590119 0 0.604254 0.360087 0 
dMomentum = 4.33681e-18 2.71051e-18 0
dEnergy = -3.87608e-06
0 -0.658408 -0.670769 0 -0.135902 -0.512857 0 
1 0.868405 0.0636842 0 -0.48886 0.19412 0 
2 -0.209997 0.607085 0 0.624762 0.318737 0 
dMomentum = 4.55365e-18 3.03577e-18 0
dEnergy = -1.37604e-05
0 -0.664587 -0.695592 0 -0.111382 -0.48039 0 
1 0.842785 0.0736017 0 -0.536154 0.202863 0 
2 -0.178198 0.62199 0 0.647536 0.277527 0 
dMomentum = 4.33681e-18 2.6563e-18 0
dEnergy = -2.43615e-05
0 -0.66955 -0.718828 0 -0.0872166 -0.449317 0 
1 0.814747 0.0840052 0 -0.585705 0.213635 0 
2 -0.145197 0.634823 0 0.672922 0.235683 0 
dMomentum = 3.57787e-18 2.81893e-18 0
dEnergy = -3.62905e-05
0 -0.673311 -0.740539 0 -0.0633293 -0.41934 0 
1 0.784164 0.0950095 0 -0.638042 0.227004 0 
2 -0.110852 0.645529 0 0.701372 0.192336 0 
dMomentum = 4.01155e-18 3.03577e-18 0
dEnergy = -5.03726e-05
0 -0.675884 -0.760773 0 -0.0396511 -0.390202 0 
1 0.75088 0.106764 0 -0.693831 0.243773 0 
2 -0.0749962 0.65401 0 0.733482 0.146429 0 
dMomentum = 4.44523e-18 2.87314e-18 0
dEnergy = -6.78287e-05
0 -0.677276 -0.779567 0 -0.0161192 -0.361677 0 
1 0.714703 0.119464 0 -0.753933 0.265103 0 
2 -0.0374266 0.660102 0 0.770052 0.0965745 0 
dMomentum = 4.44523e-18 3.14419e-18 0
dEnergy = -9.06141e-05
0 -0.677495 -0.796945 0 0.00732157 -0.33356 0 
1 0.67539 0.133381 0 -0.819492 0.292744 0 
2 0.00210513 0.663564 0 0.81217 0.0408155 0 
dMomentum = 5.42101e-18 3.41524e-18 0
dEnergy = -0.00012211
0 -0.676542 -0.812923 0 0.0307176 -0.305656 0 
1 0.63263 0.148892 0 -0.892069 0.32946 0 
2 0.0439123 0.664031 0 0.861351 -0.023804 0 
dMomentum = 5.20417e-18 3.46945e-18 0
dEnergy = -0.00016868
0 -0.674421 -0.827508 0 0.0541029 -0.277781 0 
1 0.586022 0.166558 0 -0.973844 0.379875 0 
2 0.0883986 0.66095 0 0.919741 -0.102094 0 
dMomentum = 5.42101e-18 2.98156e-18 0
dEnergy = -0.000243606
0 -0.67113 -0.840696 0 0.0774937 -0.249752 0 
1 0.535033 0.187249 0 -1.06789 0.45234 0 
2 0.136097 0.653447 0 0.990397 -0.202588 0 
dMomentum = 6.17995e-18 2.46656e-18 0
dEnergy = -0.000378601
0 -0.666669 -0.852475 0 0.100879 -0.221391 0 
1 0.47895 0.212437 0 -1.17832 0.563595 0 
2 0.187719 0.640038 0 1.07744 -0.342205 0 
dMomentum = 5.42101e-18 2.00577e-18 0
dEnergy = -0.000664738
0 -0.661041 -0.862824 0 0.124201 -0.192528 0 
1 0.416854 0.244886 0 -1.30847 0.752513 0 
2 0.244186 0.617938 0 1.18427 -0.559986 0 
dMomentum = 6.50521e-18 2.11419e-18 0
dEnergy = -0.00143588
0 -0.65425 -0.871714 0 0.147326 -0.163035 0 
1 0.347998 0.290745 0 -1.43964 1.1308 0 
2 0.306252 0.580969 0 1.29232 -0.967765 0 
dMomentum = 6.17995e-18 1.30104e-18 0
dEnergy = -0.00364351
0 -0.646313 -0.879114 0 0.16999 -0.132929 0 
1 0.277135 0.367221 0 -1.24692 2.07566 0 
2 0.369178 0.511893 0 1.07693 -1.94273 0 
dMomentum = 6.61363e-18 -1.51788e-18 0
dEnergy = 0.00366345
0 -0.637261 -0.885001 0 0.19196 -0.102647 0 
1 0.263513 0.49303 0 0.893453 2.34602 0 
2 0.373748 0.391971 0 -1.08541 -2.24338 0 
dMomentum = 5.58364e-18 -5.42101e-20 0
dEnergy = 0.00176824
0 -0.627115 -0.889373 0 0.213907 -0.0721922 0 
1 0.32596 0.576452 0 1.33882 1.15405 0 
2 0.301155 0.312921 0 -1.55272 -1.08185 0 
dMomentum = 5.63785e-18 -1.35525e-18 0
dEnergy = 0.000757975
0 -0.615861 -0.892199 0 0.23629 -0.0406774 0 
1 0.389752 0.620432 0 1.2025 0.672116 0 
2 0.226109 0.271768 0 -1.43879 -0.631439 0 
dMomentum = 4.44523e-18 -1.46367e-18 0
dEnergy = 0.0004065
0 -0.603477 -0.893411 0 0.259043 -0.00755984 0 
1 0.446254 0.647518 0 1.06205 0.434781 0 
2 0.157223 0.245893 0 -1.32109 -0.427222 0 
dMomentum = 5.14996e-18 -1.54499e-18 0
dEnergy = 0.000248696
0 -0.58995 -0.892919 0 0.282022 0.0275095 0 
1 0.496377 0.66542 0 0.947079 0.291871 0 
2 0.0935731 0.227499 0 -1.2291 -0.319381 0 
dMomentum = 4.47233e-18 -1.27394e-18 0
dEnergy = 0.000164033
0 -0.575272 -0.890619 0 0.30507 0.0648222 0 
1 0.541297 0.67744 0 0.852848 0.194552 0 
2 0.0339748 0.213179 0 -1.15792 -0.259374 0 
dMomentum = 3.84892e-18 -1.24683e-18 0
dEnergy = 0.000112572
0 -0.559443 -0.886391 0 0.328018 0.104661 0 
1 0.581906 0.685286 0 0.773822 0.122695 0 
2 -0.0224632 0.201105 0 -1.10184 -0.227356 0 
dMomentum = 4.20128e-18 -1.40946e-18 0
dEnergy = 7.81608e-05
0 -0.542473 -0.880102 0 0.350677 0.147322 0 
1 0.618858 0.689962 0 0.706025 0.0665115 0 
2 -0.0763858 0.19014 0 -1.0567 -0.213833 0 
dMomentum = 5.20417e-18 -1.30104e-18 0
dEnergy = 5.32394e-05
0 -0.524381 -0.871602 0 0.372835 0.193134 0 
1 0.652643 0.692103 0 0.646715 0.0206502 0 
2 -0.128262 0.179499 0 -1.01955 -0.213784 0 
dMomentum = 4.25549e-18 -1.19262e-18 0
dEnergy = 3.3848e-05
0 -0.505199 -0.860725 0 0.394234 0.242471 0 
1 0.683633 0.692141 0 0.593969 -0.0180745 0 
2 -0.178434 0.168584 0 -0.988203 -0.224396 0 
dMomentum = 4.22839e-18 -1.0842e-18 0
dEnergy = 1.77021e-05
0 -0.484973 -0.847284 0 0.414557 0.295768 0 
1 0.712121 0.690377 0 0.546396 -0.0516907 0 
2 -0.227147 0.156907 0 -0.960953 -0.244078 0 
dMomentum = 3.84892e-18 -1.0842e-18 0
dEnergy = 3.35576e-06
0 -0.463766 -0.831068 0 0.433396 0.353538 0 
1 0.738337 0.687031 0 0.502962 -0.0815611 0 
2 -0.274571 0.144037 0 -0.936359 -0.271977 0 
dMomentum = 4.09286e-18 -9.75782e-19 0
dEnergy = -1.02031e-05
0 -0.441666 -0.81184 0 0.450218 0.416386 0 
1 0.762469 0.682265 0 0.462873 -0.108644 0 
2 -0.320803 0.129575 0 -0.913091 -0.307742 0 
dMomentum = 3.63208e-18 -1.43657e-18 0
dEnergy = -2.37667e-05
0 -0.418789 -0.789326 0 0.464299 0.485032 0 
1 0.784666 0.676199 0 0.425498 -0.133641 0 
2 -0.365877 0.113128 0 -0.889797 -0.351391 0 
dMomentum = 3.08998e-18 -1.92446e-18 0
dEnergy = -3.80329e-05
0 -0.395296 -0.763218 0 0.474647 0.560325 0 
1 0.805051 0.668924 0 0.390322 -0.157084 0 
2 -0.409755 0.0942946 0 -0.864969 -0.403241 0 
dMomentum = 3.08998e-18 -1.57209e-18 0
dEnergy = -5.36821e-05
0 -0.371408 -0.733159 0 0.479863 0.643251 0 
1 0.823724 0.660507 0 0.356908 -0.179393 0 
2 -0.452316 0.0726521 0 -0.836771 -0.463858 0 
dMomentum = 2.62919e-18 -2.33103e-18 0
dEnergy = -7.14187e-05
0 -0.347428 -0.698739 0 0.477949 0.734916 0 
1 0.840762 0.650996 0 0.32487 -0.200908 0 
2 -0.493334 0.0477434 0 -0.802819 -0.534008 0 
dMomentum = 2.05998e-18 -2.27682e-18 0
dEnergy = -9.19583e-05
0 -0.323781 -0.659493 0 0.466002 0.836456 0 
1 0.856225 0.640422 0 0.293852 -0.221913 0 
2 -0.532444 0.0190706 0 -0.759853 -0.614543 0 
dMomentum = 2.1413e-18 -2.54788e-18 0
dEnergy = -0.000115895
0 -0.301067 -0.614902 0 0.439763 0.948805 0 
1 0.870155 0.628807 0 0.263509 -0.242653 0 
2 -0.569088 -0.0139044 0 -0.703271 -0.706152 0 
dMomentum = 2.03288e-18 -2.71051e-18 0
dEnergy = -0.000143271
0 -0.280149 -0.564417 0 0.392993 1.0721 0 
1 0.882578 0.616156 0 0.23349 -0.263332 0 
2 -0.602429 -0.0517389 0 -0.626483 -0.808772 0 
dMomentum = 2.08709e-18 -2.76472e-18 0
dEnergy = -0.000172459
0 -0.262263 -0.507526 0 0.31676 1.2044 0 
1 0.8935 0.602469 0 0.203426 -0.28412 0 
2 -0.631237 -0.0949429 0 -0.520186 -0.920276 0 
dMomentum = 1.40946e-18 -2.87314e-18 0
dEnergy = -0.000197701
0 -0.24917 -0.443922 0 0.199208 1.33894 0 
1 0.90291 0.587738 0 0.172918 -0.305128 0 
2 -0.65374 -0.143817 0 -0.372126 -1.03381 0 
dMomentum = 1.46367e-18 -2.6563e-18 0
dEnergy = -0.000205169
0 -0.24326 -0.373843 0 0.0276603 1.45963 0 
1 0.910775 0.57195 0 0.141546 -0.326378 0 
2 -0.667514 -0.198108 0 -0.169206 -1.13326 0 
dMomentum = 1.68051e-18 -3.68629e-18 0
dEnergy = -0.000171825
0 -0.247424 -0.298671 0 -0.203064 1.53657 0 
1 0.917041 0.555096 0 0.108921 -0.34775 0 
2 -0.669617 -0.256425 0 0.0941428 -1.18882 0 
dMomentum = 1.6263e-18 -2.92735e-18 0
dEnergy = -8.10022e-05
0 -0.264288 -0.221567 0 -0.474307 1.5309 0 
1 0.921638 0.537176 0 0.0747885 -0.368948 0 
2 -0.65735 -0.315609 0 0.399518 -1.16195 0 
dMomentum = 2.49366e-18 -3.03577e-18 0
dEnergy = 4.39493e-05
0 -0.294705 -0.147355 0 -0.734657 1.42082 0 
1 0.924491 0.518209 0 0.0391655 -0.389548 0 
2 -0.629786 -0.370854 0 0.695492 -1.03128 0 
dMomentum = 2.49366e-18 -2.00577e-18 0
dEnergy = 0.000144681
0 -0.336611 -0.080879 0 -0.926449 1.22912 0 
1 0.925532 0.498236 0 0.00237103 -0.409177 0 
2 -0.588921 -0.417357 0 0.924078 -0.819948 0 
dMomentum = 2.1684e-18 -1.78893e-18 0
dEnergy = 0.000188517
0 -0.385822 -0.0249429 0 -1.02707 1.00817 0 
1 0.924712 0.477308 0 -0.0351432 -0.427702 0 
2 -0.53889 -0.452365 0 1.06222 -0.580471 0 
dMomentum = 5.42101e-19 -1.11131e-18 0
dEnergy = 0.000186907
0 -0.438048 0.0201521 0 -1.05143 0.800426 0 
1 0.922007 0.45548 0 -0.0730293 -0.445267 0 
2 -0.48396 -0.475632 0 1.12446 -0.355159 0 
dMomentum = 1.19262e-18 -1.30104e-18 0
dEnergy = 0.000163361
0 -0.490144 0.0556096 0 -1.02631 0.623894 0 
1 0.917402 0.432791 0 -0.111162 -0.462192 0 
2 -0.427257 -0.4884 0 1.13747 -0.161702 0 
dMomentum = 1.0842e-18 -1.19262e-18 0
dEnergy = 0.000133414
0 -0.54022 0.0830785 0 -0.973592 0.480355 0 
1 0.910882 0.409263 0 -0.14963 -0.478862 0 
2 -0.370662 -0.492342 0 1.12322 -0.0014934 0 
dMomentum = 1.40946e-18 -1.6263e-18 0
dEnergy = 0.000103912
0 -0.587272 0.104107 0 -0.907131 0.365307 0 
1 0.902425 0.3849 0 -0.188684 -0.495672 0 
2 -0.315153 -0.489008 0 1.09582 0.130365 0 
dMomentum = 1.95156e-18 -1.30104e-18 0
dEnergy = 7.69143e-05
0 -0.63083 0.119979 0 -0.834794 0.273108 0 
1 0.891994 0.359685 0 -0.228702 -0.513011 0 
2 -0.261164 -0.479665 0 1.0635 0.239903 0 
dMomentum = 3.36103e-18 -1.95156e-18 0
dEnergy = 5.24077e-05
0 -0.670717 0.131707 0 -0.760798 0.198786 0 
1 0.879527 0.333582 0 -0.270177 -0.531279 0 
2 -0.208809 -0.465289 0 1.03097 0.332493 0 
dMomentum = 1.6263e-18 -1.95156e-18 0
dEnergy = 2.95603e-05
0 -0.706911 0.140083 0 -0.687309 0.13841 0 
1 0.864937 0.306533 0 -0.313735 -0.550911 0 
2 -0.158025 -0.446616 0 1.00104 0.412501 0 
dMomentum = 1.51788e-18 -1.95156e-18 0
dEnergy = 7.16195e-06
0 -0.739467 0.145725 0 -0.615378 0.0889894 0 
1 0.848101 0.278458 0 -0.360186 -0.572418 0 
2 -0.108633 -0.424183 0 0.975563 0.483429 0 
dMomentum = 9.75782e-19 -1.40946e-18 0
dEnergy = -1.63536e-05
0 -0.768476 0.149122 0 -0.545455 0.0482774 0 
1 0.828848 0.249247 0 -0.410613 -0.596441 0 
2 -0.0603717 -0.398369 0 0.956069 0.548163 0 
dMomentum = 9.75782e-19 -1.30104e-18 0
dEnergy = -4.31785e-05
0 -0.794042 0.150666 0 -0.477673 0.0145819 0 
1 0.806943 0.218755 0 -0.466542 -0.623838 0 
2 -0.012901 -0.369421 0 0.944215 0.609256 0 
dMomentum = 1.84314e-18 -1.73472e-18 0
dEnergy = -7.68159e-05
0 -0.816272 0.150673 0 -0.411997 -0.0133811 0 
1 0.782059 0.186784 0 -0.530241 -0.655834 0 
2 0.0342131 -0.337457 0 0.942238 0.669215 0 
dMomentum = 2.1684e-18 -2.27682e-18 0
dEnergy = -0.000123717
0 -0.835268 0.149404 0 -0.348315 -0.0365985 0 
1 0.753723 0.153061 0 -0.605335 -0.694299 0 
2 0.081545 -0.302465 0 0.95365 0.730897 0 
dMomentum = 2.49366e-18 -2.38524e-18 0
dEnergy = -0.000197704
0 -0.851128 0.147077 0 -0.28648 -0.055842 0 
1 0.721224 0.117192 0 -0.69816 -0.742314 0 
2 0.129903 -0.264269 0 0.984641 0.798156 0 
dMomentum = 2.27682e-18 -1.73472e-18 0
dEnergy = -0.000334461
0 -0.863938 0.143874 0 -0.226341 -0.0717302 0 
1 0.6834 0.078574 0 -0.821282 -0.805507 0 
2 0.180539 -0.222448 0 1.04762 0.877237 0 
dMomentum = 2.49366e-18 -1.73472e-18 0
dEnergy = -0.000655794
0 -0.873782 0.13995 0 -0.167753 -0.08478 0 
1 0.6381 0.0361914 0 -1.00495 -0.895755 0 
2 0.235681 -0.176141 0 1.1727 0.980535 0 
dMomentum = 2.60209e-18 -2.49366e-18 0
dEnergy = -0.00186933
0 -0.880732 0.135434 0 -0.110595 -0.0954589 0 
1 0.580306 -0.0119543 0 -1.35346 -1.04449 0 
2 0.300425 -0.12348 0 1.46406 1.13995 0 
dMomentum = 2.1684e-18 -2.38524e-18 0
dEnergy = -0.0350394
0 -0.884858 0.130434 0 -0.0547858 -0.104279 0 
1 0.487246 -0.0704427 0 -3.00235 -1.25832 0 
2 0.397612 -0.0599912 0 3.05713 1.3626 0 
dMomentum = 1.16552e-18 -1.30104e-18 0
dEnergy = 0.00438915
0 -0.886221 0.125021 0 4.28175e-05 -0.112109 0 
1 0.443551 0.0445703 0 0.704065 2.06159 0 
2 0.44267 -0.169592 0 -0.704108 -1.94948 0 
dMomentum = 2.00577e-18 -2.92735e-18 0
dEnergy = 0.00102095
0 -0.884862 0.119229 0 0.0540535 -0.119531 0 
1 0.476866 0.13011 0 0.622645 1.47594 0 
2 0.407996 -0.249339 0 -0.676698 -1.35641 0 
dMomentum = 2.95445e-18 -1.84314e-18 0
dEnergy = 0.00046939
0 -0.880824 0.113067 0 0.107238 -0.126956 0 
1 0.505953 0.197258 0 0.543646 1.23534 0 
2 0.374871 -0.310326 0 -0.650883 -1.10839 0 
dMomentum = 3.37458e-18 -3.08998e-18 0
dEnergy = 0.00027276
0 -0.874144 0.106528 0 0.159806 -0.134667 0 
1 0.531452 0.255173 0 0.47832 1.09145 0 
2 0.342692 -0.361701 0 -0.638126 -0.95678 0 
dMomentum = 3.46945e-18 -2.60209e-18 0
dEnergy = 0.00017711
0 -0.864845 0.0995913 0 0.211999 -0.142888 0 
1 0.553934 0.307096 0 0.422323 0.990758 0 
2 0.310911 -0.406687 0 -0.634322 -0.84787 0 
dMomentum = 3.14419e-18 -2.22261e-18 0
dEnergy = 0.00012157
0 -0.852941 0.0922264 0 0.264063 -0.15183 0 
1 0.573786 0.35463 0 0.372747 0.913742 0 
2 0.279155 -0.446856 0 -0.63681 -0.761912 0 
dMomentum = 2.08709e-18 -2.71051e-18 0
dEnergy = 8.51952e-05
0 -0.838431 0.0843917 0 0.316242 -0.16171 0 
1 0.59128 0.398704 0 0.327787 0.851298 0 
2 0.247151 -0.483096 0 -0.644029 -0.689588 0 
dMomentum = 2.33103e-18 -3.36103e-18 0
dEnergy = 5.90655e-05
0 -0.821305 0.0760347 0 0.368783 -0.172767 0 
1 0.606617 0.439914 0 0.286269 0.798513 0 
2 0.214688 -0.515948 0 -0.655051 -0.625746 0 
dMomentum = 2.9409e-18 -3.52366e-18 0
dEnergy = 3.8777e-05
0 -0.801538 0.0670895 0 0.421936 -0.185285 0 
1 0.619947 0.478662 0 0.247384 0.752458 0 
2 0.181591 -0.545752 0 -0.66932 -0.567173 0 
dMomentum = 3.26616e-18 -3.52366e-18 0
dEnergy = 2.18823e-05
0 -0.779092 0.0574748 0 0.475958 -0.199608 0 
1 0.631386 0.515235 0 0.210553 0.711248 0 
2 0.147706 -0.57271 0 -0.686512 -0.51164 0 
dMomentum = 2.85958e-18 -2.87314e-18 0
dEnergy = 6.86157e-06
0 -0.753917 0.0470899 0 0.531113 -0.216171 0 
1 0.641026 0.549842 0 0.175343 0.673596 0 
2 0.112892 -0.596932 0 -0.706456 -0.457425 0 
dMomentum = 2.62919e-18 -3.44234e-18 0
dEnergy = -7.35092e-06
0 -0.725952 0.0358093 0 0.58767 -0.235537 0 
1 0.648938 0.582635 0 0.141422 0.638575 0 
2 0.0770133 -0.618444 0 -0.729093 -0.403039 0 
dMomentum = 2.73761e-18 -3.46945e-18 0
dEnergy = -2.16164e-05
0 -0.695117 0.0234752 0 0.645906 -0.258448 0 
1 0.655181 0.613728 0 0.108529 0.60549 0 
2 0.0399353 -0.637203 0 -0.754434 -0.347042 0 
dMomentum = 2.38524e-18 -3.1984e-18 0
dEnergy = -3.67498e-05
0 -0.661323 0.00988639 0 0.706082 -0.285908 0 
1 0.659801 0.643204 0 0.0764579 0.573791 0 
2 0.00152116 -0.65309 0 -0.78254 -0.287883 0 
dMomentum = 2.03288e-18 -2.71051e-18 0
dEnergy = -5.36484e-05
0 -0.624466 -0.00521721 0 0.768419 -0.319299 0 
1 0.662835 0.67112 0 0.045049 0.543029 0 
2 -0.0383687 -0.665903 0 -0.813468 -0.22373 0 
dMomentum = 1.49078e-18 -2.49366e-18 0
dEnergy = -7.34285e-05
0 -0.584436 -0.0221781 0 0.833025 -0.360571 0 
1 0.664312 0.697513 0 0.0141822 0.512822 0 
2 -0.0798758 -0.675335 0 -0.847208 -0.152251 0 
dMomentum = 2.27682e-18 -2.6563e-18 0
dEnergy = -9.76017e-05
0 -0.541122 -0.0414565 0 0.899747 -0.412536 0 
1 0.664258 0.722403 0 -0.016222 0.482834 0 
2 -0.123136 -0.680946 0 -0.883525 -0.0702979 0 
dMomentum = 1.87025e-18 -2.49366e-18 0
dEnergy = -0.000128315
0 -0.494431 -0.0636838 0 0.967842 -0.47934 0 
1 0.662694 0.745792 0 -0.0461974 0.452762 0 
2 -0.168263 -0.682108 0 -0.921644 0.0265781 0 
dMomentum = 2.79182e-18 -2.1684e-18 0
dEnergy = -0.00016863
0 -0.444341 -0.0897477 0 1.03524 -0.567216 0 
1 0.659643 0.76767 0 -0.0757232 0.42234 0 
2 -0.215302 -0.677922 0 -0.959519 0.144876 0 
dMomentum = 2.35814e-18 -2.27682e-18 0
dEnergy = -0.000222561
0 -0.390993 -0.120921 0 1.09688 -0.685577 0 
1 0.655128 0.788013 0 -0.10471 0.391343 0 
2 -0.264135 -0.667092 0 -0.992168 0.294234 0 
dMomentum = 1.73472e-18 -2.38524e-18 0
dEnergy = -0.000293388
0 -0.334936 -0.159054 0 1.14072 -0.848154 0 
1 0.649181 0.806789 0 -0.132986 0.359617 0 
2 -0.314245 -0.647735 0 -1.00773 0.488537 0 
dMomentum = 1.46367e-18 -2.05998e-18 0
dEnergy = -0.000374101
0 -0.277664 -0.206776 0 1.13883 -1.07171 0 
1 0.641843 0.823959 0 -0.16029 0.327132 0 
2 -0.364179 -0.617183 0 -0.978543 0.744579 0 
dMomentum = 8.67362e-19 -1.19262e-18 0
dEnergy = -0.000412424
0 -0.222784 -0.267384 0 1.03199 -1.36131 0 
1 0.63317 0.839489 0 -0.186304 0.294058 0 
2 -0.410386 -0.572105 0 -0.845686 1.06725 0 
dMomentum = 4.33681e-19 -1.51788e-18 0
dEnergy = -0.000262406
0 -0.177722 -0.343113 0 0.733317 -1.65652 0 
1 0.623235 0.853359 0 -0.210782 0.260809 0 
2 -0.445513 -0.510246 0 -0.522535 1.39571 0 
dMomentum = 5.96311e-19 -1.95156e-18 0
dEnergy = 0.000119979
0 -0.152795 -0.430238 0 0.246094 -1.78477 0 
1 0.612115 0.865573 0 -0.233793 0.227908 0 
2 -0.45932 -0.435335 0 -0.012301 1.55686 0 
dMomentum = 8.67362e-19 -1.73472e-18 0
dEnergy = 0.000387072
0 -0.152781 -0.517046 0 -0.221291 -1.65084 0 
1 0.59987 0.876156 0 -0.255845 0.195586 0 
2 -0.447089 -0.35911 0 0.477136 1.45526 0 
dMomentum = 1.51788e-18 -1.73472e-18 0
dEnergy = 0.000401969
0 -0.171877 -0.593155 0 -0.511021 -1.3866 0 
1 0.586532 0.885133 0 -0.277622 0.163559 0 
2 -0.414655 -0.291978 0 0.788643 1.22304 0 
dMomentum = 9.75782e-19 -7.58942e-19 0
dEnergy = 0.000322007
0 -0.201349 -0.655777 0 -0.648106 -1.1247 0 
1 0.572101 0.892504 0 -0.299647 0.131246 0 
2 -0.370753 -0.236727 0 0.947753 0.99345 0 
dMomentum = 8.67362e-19 -4.33681e-19 0
dEnergy = 0.000239973
0 -0.235269 -0.706347 0 -0.698515 -0.906348 0 
1 0.556556 0.898239 0 -0.322227 0.098021 0 
2 -0.321287 -0.191892 0 1.02074 0.808327 0 
dMomentum = 1.19262e-18 -1.6263e-18 0
dEnergy = 0.000175851
0 -0.270484 -0.74712 0 -0.705081 -0.731488 0 
1 0.539865 0.902278 0 -0.345515 0.0632875 0 
2 -0.269381 -0.155158 0 1.0506 0.6682 0 
dMomentum = -2.1684e-19 -1.73472e-18 0
dEnergy = 0.000128217
0 -0.305422 -0.780056 0 -0.690017 -0.591212 0 
1 0.52199 0.904529 0 -0.369564 0.0264673 0 
2 -0.216568 -0.124474 0 1.05958 0.564745 0 
dMomentum = -1.51788e-18 -2.05998e-18 0
dEnergy = 9.24598e-05
0 -0.339311 -0.806663 0 -0.664443 -0.477047 0 
1 0.502893 0.904876 0 -0.394358 -0.0130289 0 
2 -0.163582 -0.0982133 0 1.0588 0.490076 0 
dMomentum = -1.95156e-18 -1.84314e-18 0
dEnergy = 6.46939e-05
0 -0.371784 -0.828076 0 -0.634019 -0.382504 0 
1 0.48254 0.903167 0 -0.419815 -0.0558333 0 
2 -0.110756 -0.0750915 0 1.05383 0.438338 0 
dMomentum = -2.1684e-18 -1.73472e-18 0
dEnergy = 4.21209e-05
0 -0.402679 -0.845152 0 -0.601699 -0.302864 0 
1 0.460901 0.899221 0 -0.445782 -0.102654 0 
2 -0.0582216 -0.0540693 0 1.04748 0.405518 0 
dMomentum = -2.49366e-18 -1.6263e-18 0
dEnergy = 2.27512e-05
0 -0.431945 -0.858546 0 -0.569057 -0.234703 0 
1 0.437955 0.892817 0 -0.472015 -0.154311 0 
2 -0.00600935 -0.0342708 0 1.04107 0.389014 0 
dMomentum = -1.73472e-18 -1.51788e-18 0
dEnergy = 5.10494e-06
0 -0.45959 -0.868765 0 -0.536936 -0.175508 0 
1 0.413698 0.883688 0 -0.498142 -0.21178 0 
2 0.0458922 -0.0149229 0 1.03508 0.387288 0 
dMomentum = -1.0842e-18 -1.84314e-18 0
dEnergy = -1.20132e-05
0 -0.485652 -0.876209 0 -0.50578 -0.123399 0 
1 0.388149 0.871516 0 -0.523603 -0.276243 0 
2 0.0975031 0.00469275 0 1.02938 0.399642 0 
dMomentum = 8.67362e-19 -2.27682e-18 0
dEnergy = -2.9681e-05
0 -0.510185 -0.881194 0 -0.475807 -0.0769367 0 
1 0.36136 0.855916 0 -0.547546 -0.34916 0 
2 0.148825 0.0252779 0 1.02335 0.426097 0 
dMomentum = 6.50521e-19 -2.1684e-18 0
dEnergy = -4.8987e-05
0 -0.533251 -0.883973 0 -0.447099 -0.0349937 0 
1 0.333439 0.836421 0 -0.568667 -0.432343 0 
2 0.199812 0.0475519 0 1.01577 0.467337 0 
dMomentum = 5.42101e-19 -2.38524e-18 0
dEnergy = -7.11346e-05
0 -0.554913 -0.884749 0 -0.419659 0.00333651 0 
1 0.304572 0.812464 0 -0.584927 -0.528049 0 
2 0.250341 0.072285 0 1.00459 0.524712 0 
dMomentum = -4.33681e-19 -1.73472e-18 0
dEnergy = -9.74983e-05
0 -0.575234 -0.883684 0 -0.393433 0.0388041 0 
1 0.275079 0.783352 0 -0.593083 -0.639032 0 
2 0.300156 0.100332 0 0.986515 0.600228 0 
dMomentum = -1.0842e-18 -1.84314e-18 0
dEnergy = -0.000129532
0 -0.594273 -0.880902 0 -0.368325 0.0720504 0 
1 0.245485 0.748241 0 -0.587872 -0.768477 0 
2 0.348788 0.132661 0 0.956197 0.696427 0 
dMomentum = -1.30104e-18 -2.38524e-18 0
dEnergy = -0.00016819
0 -0.612081 -0.876503 0 -0.344199 0.103645 0 
1 0.216657 0.70613 0 -0.560667 -0.919489 0 
2 0.395424 0.170373 0 0.904866 0.815845 0 
dMomentum = -1.51788e-18 -3.14419e-18 0
dEnergy = -0.000211911
0 -0.628703 -0.870554 0 -0.320869 0.134112 0 
1 0.190019 0.655892 0 -0.497428 -1.09336 0 
2 0.438685 0.214662 0 0.818297 0.959244 0 
dMomentum = -1.19262e-18 -3.46945e-18 0
dEnergy = -0.000251026
0 -0.644174 -0.863099 0 -0.298082 0.16395 0 
1 0.167879 0.596475 0 -0.376601 -1.28472 0 
2 0.476296 0.266624 0 0.674683 1.12077 0 
dMomentum = -1.51788e-18 -4.55365e-18 0
dEnergy = -0.000256978
0 -0.658513 -0.854158 0 -0.275492 0.19363 0 
1 0.153791 0.527469 0 -0.171107 -1.47093 0 
2 0.504722 0.326689 0 0.446599 1.2773 0 
dMomentum = -1.78893e-18 -5.63785e-18 0
dEnergy = -0.000180359
0 -0.671717 -0.843729 0 -0.252636 0.223548 0 
1 0.152475 0.450324 0 0.13335 -1.59875 0 
2 0.519242 0.393405 0 0.119286 1.37521 0 
dMomentum = -2.00577e-18 -4.33681e-18 0
dEnergy = -6.59586e-06
0 -0.68376 -0.831793 0 -0.228968 0.253914 0 
1 0.168187 0.369769 0 0.496789 -1.59747 0 
2 0.515574 0.462024 0 -0.267821 1.34355 0 
dMomentum = -1.6263e-18 -4.33681e-18 0
dEnergy = 0.000171096
0 -0.69459 -0.818329 0 -0.204013 0.284614 0 
1 0.201456 0.29311 0 0.817344 -1.44828 0 
2 0.493134 0.525219 0 -0.61333 1.16367 0 
dMomentum = -1.35525e-18 -3.36103e-18 0
dEnergy = 0.000255623
0 -0.704134 -0.803329 0 -0.177577 0.315247 0 
1 0.247891 0.2263 0 1.01779 -1.21888 0 
2 0.456243 0.577029 0 -0.840215 0.903631 0 
dMomentum = -1.78893e-18 -1.84314e-18 0
dEnergy = 0.000256673
0 -0.712322 -0.78681 0 -0.149792 0.345361 0 
1 0.301285 0.171221 0 1.1015 -0.989144 0 
2 0.411037 0.615589 0 -0.95171 0.643782 0 
dMomentum = -2.60209e-18 -1.6263e-18 0
dEnergy = 0.000222419
0 -0.719093 -0.768804 0 -0.120967 0.374679 0 
1 0.356783 0.126781 0 1.10908 -0.795903 0 
2 0.362311 0.642023 0 -0.988111 0.421223 0 
dMomentum = -3.1984e-18 -2.22261e-18 0
dEnergy = 0.000181818
0 -0.724404 -0.749353 0 -0.0914128 0.403142 0 
1 0.411516 0.0909586 0 1.07563 -0.643701 0 
2 0.312888 0.658395 0 -0.984212 0.240559 0 
dMomentum = -3.41524e-18 -1.89735e-18 0
dEnergy = 0.000145136
0 -0.728223 -0.728499 0 -0.0613582 0.430855 0 
1 0.464014 0.0618524 0 1.02226 -0.525798 0 
2 0.264209 0.666647 0 -0.960898 0.0949438 0 
dMomentum = -4.44523e-18 -2.38524e-18 0
dEnergy = 0.000114417
0 -0.73053 -0.706274 0 -0.0309297 0.458025 0 
1 0.513593 0.0379539 0 0.960157 -0.434076 0 
2 0.216937 0.66832 0 -0.929228 -0.0239498 0 
dMomentum = -4.03865e-18 -2.60209e-18 0
dEnergy = 8.90659e-05
0 -0.731308 -0.682699 0 -0.000164377 0.484915 0 
1 0.559974 0.0181293 0 0.894978 -0.361836 0 
2 0.171334 0.66457 0 -0.894813 -0.123078 0 
dMomentum = -3.57787e-18 -2.11419e-18 0
dEnergy = 6.79081e-05
0 -0.730538 -0.65778 0 0.0309732 0.511816 0 
1 0.60308 0.00153575 0 0.82949 -0.304103 0 
2 0.127457 0.656244 0 -0.860463 -0.207712 0 
dMomentum = -3.27971e-18 -2.03288e-18 0
dEnergy = 4.98036e-05
0 -0.728199 -0.631509 0 0.0625777 0.539047 0 
1 0.642933 -0.0124573 0 0.764997 -0.25729 0 
2 0.0852661 0.643966 0 -0.827575 -0.281758 0 
dMomentum = -2.43945e-18 -2.08709e-18 0
dEnergy = 3.37764e-05
0 -0.724266 -0.603861 0 0.0947957 0.56696 0 
1 0.679599 -0.0243276 0 0.702047 -0.21882 0 
2 0.0446671 0.628189 0 -0.796843 -0.34814 0 
dMomentum = -2.76472e-18 -2.76472e-18 0
dEnergy = 1.89904e-05
0 -0.718703 -0.574792 0 0.127825 0.59595 0 
1 0.71316 -0.0344435 0 0.640802 -0.186831 0 
2 0.00554276 0.609236 0 -0.768627 -0.409119 0 
dMomentum = -2.6834e-18 -2.90024e-18 0
dEnergy = 4.68082e-06
0 -0.711463 -0.544237 0 0.161921 0.626483 0 
1 0.743701 -0.0430929 0 0.581223 -0.159959 0 
2 -0.0322385 0.58733 0 -0.743144 -0.466524 0 
dMomentum = -2.31748e-18 -2.98156e-18 0
dEnergy = -9.93335e-06
0 -0.702484 -0.512106 0 0.19741 0.659131 0 
1 0.771302 -0.0505051 0 0.523175 -0.137191 0 
2 -0.0688179 0.562611 0 -0.720585 -0.521939 0 
dMomentum = -2.22261e-18 -3.14419e-18 0
dEnergy = -2.57671e-05
0 -0.691688 -0.478274 0 0.234719 0.69463 0 
1 0.796035 -0.0568655 0 0.466469 -0.117766 0 
2 -0.104347 0.535139 0 -0.701188 -0.576863 0 
dMomentum = -1.92446e-18 -3.27971e-18 0
dEnergy = -4.40518e-05
0 -0.678969 -0.442575 0 0.274415 0.733969 0 
1 0.817963 -0.0623259 0 0.4109 -0.101102 0 
2 -0.138994 0.504901 0 -0.685315 -0.632868 0 
dMomentum = -2.22261e-18 -3.30682e-18 0
dEnergy = -6.66657e-05
0 -0.66419 -0.404785 0 0.317288 0.778552 0 
1 0.837135 -0.0670126 0 0.35625 -0.0867475 0 
2 -0.172946 0.471798 0 -0.673538 -0.691805 0 
dMomentum = -2.87314e-18 -2.98156e-18 0
dEnergy = -9.6816e-05
0 -0.647164 -0.364593 0 0.364486 0.830479 0 
1 0.853594 -0.0710319 0 0.302305 -0.0743503 0 
2 -0.20643 0.435625 0 -0.666791 -0.756128 0 
dMomentum = -3.14419e-18 -3.46945e-18 0
dEnergy = -0.000140634
0 -0.627635 -0.321555 0 0.417791 0.893115 0 
1 0.867368 -0.0744743 0 0.248847 -0.0636278 0 
2 -0.239734 0.396029 0 -0.666637 -0.829487 0 
dMomentum = -3.57787e-18 -3.36103e-18 0
dEnergy = -0.000211496
0 -0.605229 -0.275001 0 0.480208 0.972347 0 
1 0.878478 -0.0774177 0 0.195662 -0.0543495 0 
2 -0.273249 0.352419 0 -0.675871 -0.917998 0 
dMomentum = -2.84603e-18 -3.87602e-18 0
dEnergy = -0.000344271
0 -0.579363 -0.223848 0 0.557445 1.0798 0 
1 0.88693 -0.0799292 0 0.142537 -0.0463192 0 
2 -0.307567 0.303777 0 -0.699982 -1.03348 0 
dMomentum = -3.03577e-18 -2.73761e-18 0
dEnergy = -0.000659262
0 -0.549023 -0.1661 0 0.662504 1.24325 0 
1 0.892724 -0.0820667 0 0.0892585 -0.0393593 0 
2 -0.343701 0.248167 0 -0.751762 -1.20389 0 
dMomentum = -2.73761e-18 -1.19262e-18 0
dEnergy = -0.00187595
0 -0.512008 -0.0971435 0 0.836921 1.55762 0 
1 0.895845 -0.0838793 0 0.0356151 -0.033287 0 
2 -0.383837 0.181023 0 -0.872536 -1.52433 0 
dMomentum = -3.68629e-18 6.50521e-19 0
dEnergy = -0.0543055
0 -0.459599 0.00443811 0 1.48372 3.19776 0 
1 0.896271 -0.0854058 0 -0.0185822 -0.0278648 0 
2 -0.436672 0.0809677 0 -1.46514 -3.1699 0 
dMomentum = -6.93889e-18 3.90313e-18 0
dEnergy = 39.3405
0 -0.242233 0.0842511 0 6.34367 1.36801 0 
1 0.893967 -0.0866654 0 -0.0739842 -0.0222994 0 
2 -0.651734 0.00241438 0 -6.26968 -1.34571 0 
dMomentum = -4.33681e-19 4.06576e-18 0
dEnergy = 39.3372
0 0.0724665 0.151695 0 6.28262 1.33426 0 
1 0.888671 -0.0875399 0 -0.14146 -0.0106437 0 
2 -0.961137 -0.064155 0 -6.14117 -1.32362 0 
dMomentum = 0 3.1984e-18 0
dEnergy = 39.3365
0 0.38789 0.217434 0 6.34861 1.28681 0 
1 0.879181 -0.0872641 0 -0.247465 0.031018 0 
2 -1.26707 -0.13017 0 -6.10114 -1.31782 0 
dMomentum = -1.73472e-18 2.87314e-18 0
dEnergy = 39.3365
0 0.708663 0.278293 0 6.48562 1.1105 0 
1 0.862871 -0.082311 0 -0.406461 0.204407 0 
2 -1.57153 -0.195982 0 -6.07916 -1.3149 0 
dMomentum = 1.73472e-18 2.87314e-18 0
dEnergy = 39.3379
0 1.03366 0.325492 0 6.47009 0.790534 0 
1 0.841439 -0.0638149 0 -0.405543 0.522469 0 
2 -1.8751 -0.261677 0 -6.06455 -1.313 0 
dMomentum = 2.60209e-18 2.1684e-18 0
dEnergy = 39.3376
0 1.35405 0.360857 0 6.35133 0.652517 0 
1 0.824001 -0.0335675 0 -0.297447 0.659057 0 
2 -2.17805 -0.32729 0 -6.05388 -1.31157 0 
dMomentum = -1.73472e-18 2.92735e-18 0
dEnergy = 39.3373
0 1.66962 0.392257 0 6.27876 0.610891 0 
1 0.810907 0.000581144 0 -0.233082 0.699523 0 
2 -2.48053 -0.392839 0 -6.04568 -1.31041 0 
dMomentum = -6.50521e-18 3.52366e-18 0
dEnergy = 39.3372
0 1.98242 0.422348 0 6.23662 0.594936 0 
1 0.800226 0.0359863 0 -0.197479 0.714497 0 
2 -2.78265 -0.458334 0 -6.03914 -1.30943 0 
dMomentum = -6.93889e-18 4.8247e-18 0
dEnergy = 39.3371
0 2.29354 0.451885 0 6.20983 0.587376 0 
1 0.79093 0.0718994 0 -0.176036 0.721207 0 
2 -3.08447 -0.523784 0 -6.03379 -1.30858 0 
dMomentum = -4.33681e-18 4.44523e-18 0
dEnergy = 39.3371
0 2.60354 0.48114 0 6.19143 0.583237 0 
1 0.782501 0.108054 0 -0.162091 0.724602 0 
2 -3.38604 -0.589194 0 -6.02933 -1.30784 0 
dMomentum = -7.37257e-18 5.20417e-18 0
dEnergy = 39.337
0 2.91276 0.510235 0 6.17803 0.580731 0 
1 0.774651 0.144335 0 -0.152472 0.726448 0 
2 -3.68741 -0.654569 0 -6.02556 -1.30718 0 
dMomentum = 8.67362e-19 6.23416e-18 0
dEnergy = 39.337
0 3.22139 0.539228 0 6.16784 0.579099 0 
1 0.76721 0.180686 0 -0.145532 0.727492 0 
2 -3.9886 -0.719913 0 -6.02231 -1.30659 0 
dMomentum = -2.1684e-18 6.01732e-18 0
dEnergy = 39.337
0 3.52958 0.568153 0 6.15984 0.577975 0 
1 0.76007 0.217076 0 -0.140345 0.728086 0 
2 -4.28965 -0.785229 0 -6.01949 -1.30606 0 
dMomentum = 3.90313e-18 4.60786e-18 0
dEnergy = 39.337
0 3.8374 0.59703 0 6.15338 0.577167 0 
1 0.753156 0.25349 0 -0.136358 0.728415 0 
2 -4.59056 -0.85052 0 -6.01702 -1.30558 0 
dMomentum = -3.03577e-18 2.27682e-18 0
dEnergy = 39.337
0 4.14493 0.625873 0 6.14806 0.576566 0 
1 0.74642 0.289915 0 -0.13322 0.728582 0 
2 -4.89135 -0.915788 0 -6.01484 -1.30515 0 
dMomentum = -1.30104e-18 3.25261e-18 0
dEnergy = 39.337
0 4.45222 0.654689 0 6.14359 0.576106 0 
1 0.739824 0.326346 0 -0.130704 0.728645 0 
2 -5.19205 -0.981035 0 -6.01289 -1.30475 0 
dMomentum = -3.90313e-18 4.17418e-18 0
dEnergy = 39.337
0 4.7593 0.683485 0 6.1398 0.575746 0 
1 0.733342 0.362779 0 -0.128652 0.728642 0 
2 -5.49265 -1.04626 0 -6.01115 -1.30439 0 
dMomentum = -8.23994e-18 3.14419e-18 0
dEnergy = 39.337
0 5.06621 0.712265 0 6.13653 0.575458 0 
1 0.726953 0.39921 0 -0.126955 0.728596 0 
2 -5.79316 -1.11147 0 -6.00958 -1.30405 0 
dMomentum = -3.90313e-18 3.14419e-18 0
dEnergy = 39.337
0 5.37296 0.741032 0 6.13369 0.575224 0 
1 0.720642 0.435638 0 -0.125534 0.728523 0 
2 -6.09361 -1.17667 0 -6.00815 -1.30375 0 
dMomentum = -7.80626e-18 3.57787e-18 0
dEnergy = 39.337
0 5.67958 0.769788 0 6.13119 0.575031 0 
1 0.714397 0.472062 0 -0.124332 0.728431 0 
2 -6.39398 -1.24185 0 -6.00686 -1.30346 0 
dMomentum = -1.30104e-17 3.79471e-18 0
dEnergy = 39.337
0 5.98609 0.798535 0 6.12898 0.574869 0 
1 0.708206 0.508481 0 -0.123305 0.728328 0 
2 -6.69429 -1.30702 0 -6.00567 -1.3032 0 
dMomentum = -1.21431e-17 4.49944e-18 0
dEnergy = 39.337
0 6.29249 0.827275 0 6.127 0.574733 0 
1 0.702064 0.544894 0 -0.12242 0.728218 0 
2 -6.99455 -1.37217 0 -6.00458 -1.30295 0 
dMomentum = -9.97466e-18 3.08998e-18 0
dEnergy = 39.337
0 6.59879 0.856009 0 6.12523 0.574617 0 
1 0.695962 0.581302 0 -0.121652 0.728106 0 
2 -7.29475 -1.43731 0 -6.00358 -1.30272 0 
dMomentum = -8.67362e-18 2.87314e-18 0
dEnergy = 39.337
0 6.90501 0.884737 0 6.12363 0.574517 0 
1 0.689897 0.617705 0 -0.120981 0.727992 0 
2 -7.59491 -1.50244 0 -6.00265 -1.30251 0 
dMomentum = -9.54098e-18 1.78893e-18 0
dEnergy = 39.337
0 7.21116 0.913461 0 6.12219 0.57443 0 
1 0.683863 0.654102 0 -0.12039 0.727878 0 
2 -7.89502 -1.56756 0 -6.0018 -1.30231 0 
dMomentum = -1.56125e-17 3.30682e-18 0
dEnergy = 39.3369
0 7.51723 0.94218 0 6.12087 0.574354 0 
1 0.677857 0.690493 0 -0.119868 0.727766 0 
2 -8.19509 -1.63267 0 -6.001 -1.30212 0 
dMomentum = -1.86483e-17 4.17418e-18 0
dEnergy = 39.3369
0 7.82386 0.970954 0 6.11966 0.574287 0 
1 0.671863 0.726951 0 -0.119403 0.727655 0 
2 -8.49572 -1.6979 0 -6.00025 -1.30194 0 
dMomentum = -1.86483e-17 4.06576e-18 0
dEnergy = 39.3369
0 8.13042 0.999724 0 6.11854 0.574228 0 
1 0.665892 0.763404 0 -0.118987 0.727548 0 
2 -8.79632 -1.76313 0 -5.99956 -1.30178 0 
dMomentum = -2.42861e-17 4.77049e-18 0
dEnergy = 39.3369
0 8.43694 1.02849 0 6.11752 0.574175 0 
1 0.65994 0.799851 0 -0.118614 0.727443 0 
2 -9.09688 -1.82834 0 -5.99891 -1.30162 0 
dMomentum = -2.51535e-17 5.14996e-18 0
dEnergy = 39.3369
0 8.7434 1.05726 0 6.11657 0.574128 0 
1 0.654006 0.836294 0 -0.118278 0.727341 0 
2 -9.39741 -1.89355 0 -5.9983 -1.30147 0 
dMomentum = -2.47198e-17 6.55942e-18 0
dEnergy = 39.3369
0 9.04982 1.08602 0 6.1157 0.574085 0 
1 0.648088 0.872731 0 -0.117975 0.727243 0 
2 -9.69791 -1.95875 0 -5.99772 -1.30133 0 
dMomentum = -2.08167e-17 6.50521e-18 0
dEnergy = 39.3369
0 9.35619 1.11478 0 6.11488 0.574047 0 
1 0.642185 0.909163 0 -0.117699 0.727147 0 
2 -9.99838 -2.02394 0 -5.99718 -1.30119 0 
dMomentum = -1.47451e-17 6.34258e-18 0
dEnergy = 39.3369
0 9.66253 1.14354 0 6.11412 0.574012 0 
1 0.636294 0.945591 0 -0.117448 0.727055 0 
2 -10.2988 -2.08913 0 -5.99667 -1.30107 0 
dMomentum = -1.17094e-17 4.01155e-18 0
dEnergy = 39.3369
0 9.96883 1.1723 0 6.11341 0.573981 0 
1 0.630416 0.982014 0 -0.117219 0.726966 0 
2 -10.5992 -2.15431 0 -5.99619 -1.30095 0 
dMomentum = -1.51788e-17 3.41524e-18 0
dEnergy = 39.3369
0 10.2751 1.20105 0 6.11274 0.573952 0 
1 0.624549 1.01843 0 -0.117009 0.72688 0 
2 -10.8996 -2.21948 0 -5.99573 -1.30083 0 
dMomentum = -1.0842e-17 3.57787e-18 0
dEnergy = 39.3369
0 10.5813 1.22981 0 6.11211 0.573925 0 
1 0.618692 1.05485 0 -0.116816 0.726797 0 
2 -11.2 -2.28465 0 -5.9953 -1.30072 0 
dMomentum = -6.93889e-18 3.1984e-18 0
dEnergy = 39.3369
0 10.8875 1.25856 0 6.11153 0.573901 0 
1 0.612844 1.09126 0 -0.116638 0.726717 0 
2 -11.5004 -2.34982 0 -5.99489 -1.30062 0 
dMomentum = -1.0842e-17 3.1984e-18 0
dEnergy = 39.3369
0 11.1937 1.28731 0 6.11097 0.573879 0 
1 0.607004 1.12766 0 -0.116474 0.72664 0 
2 -11.8007 -2.41498 0 -5.9945 -1.30052 0 
dMomentum = -1.25767e-17 3.68629e-18 0
dEnergy = 39.3369
0 11.4998 1.31606 0 6.11045 0.573858 0 
1 0.601173 1.16407 0 -0.116323 0.726565 0 
2 -12.101 -2.48013 0 -5.99413 -1.30042 0 
dMomentum = -1.99493e-17 3.1984e-18 0
dEnergy = 39.3369
0 11.806 1.34481 0 6.10995 0.573839 0 
1 0.595349 1.20047 0 -0.116182 0.726493 0 
2 -12.4013 -2.54528 0 -5.99377 -1.30033 0 
dMomentum = -1.82146e-17 3.1984e-18 0
dEnergy = 39.3369
0 12.1121 1.37356 0 6.10949 0.573821 0 
1 0.589531 1.23686 0 -0.116052 0.726424 0 
2 -12.7016 -2.61042 0 -5.99344 -1.30025 0 
dMomentum = -1.9082e-17 2.71051e-18 0
dEnergy = 39.3369
0 12.4181 1.40231 0 6.10904 0.573805 0 
1 0.58372 1.27325 0 -0.11593 0.726357 0 
2 -13.0019 -2.67556 0 -5.99311 -1.30016 0 
dMomentum = -1.51788e-17 2.76472e-18 0
dEnergy = 39.3369
0 12.7242 1.43106 0 6.10862 0.57379 0 
1 0.577915 1.30964 0 -0.115817 0.726292 0 
2 -13.3021 -2.7407 0 -5.9928 -1.30008 0 
dMomentum = -2.1684e-17 2.92735e-18 0
dEnergy = 39.3369
0 13.0302 1.4598 0 6.10822 0.573775 0 
1 0.572115 1.34603 0 -0.115711 0.726229 0 
2 -13.6023 -2.80583 0 -5.99251 -1.3 0 
dMomentum = -2.51535e-17 3.52366e-18 0
dEnergy = 39.3369
0 13.3362 1.48855 0 6.10784 0.573762 0 
1 0.56632 1.38241 0 -0.115612 0.726169 0 
2 -13.9026 -2.87096 0 -5.99223 -1.29993 0 
dMomentum = -1.99493e-17 3.14419e-18 0
dEnergy = 39.3369
0 13.6422 1.51729 0 6.10748 0.573749 0 
1 0.560531 1.41879 0 -0.115519 0.72611 0 
2 -14.2028 -2.93608 0 -5.99196 -1.29986 0 
dMomentum = -2.0383e-17 2.22261e-18 0
dEnergy = 39.3369
0 13.9482 1.54604 0 6.10713 0.573738 0 
1 0.554745 1.45517 0 -0.115432 0.726053 0 
2 -14.503 -3.00121 0 -5.9917 -1.29979 0 
dMomentum = -1.64799e-17 2.49366e-18 0
dEnergy = 39.3369
0 14.2542 1.57478 0 6.1068 0.573727 0 
1 0.548964 1.49154 0 -0.11535 0.725999 0 
2 -14.8031 -3.06632 0 -5.99145 -1.29973 0 
dMomentum = -1.69136e-17 4.77049e-18 0
dEnergy = 39.3369
0 14.5601 1.60352 0 6.10648 0.573716 0 
1 0.543187 1.52791 0 -0.115273 0.725945 0 
2 -15.1033 -3.13144 0 -5.99121 -1.29966 0 
dMomentum = -1.21431e-17 5.47522e-18 0
dEnergy = 39.3369
0 14.866 1.63227 0 6.10618 0.573706 0 
1 0.537414 1.56428 0 -0.1152 0.725894 0 
2 -15.4034 -3.19655 0 -5.99098 -1.2996 0 
dMomentum = -1.34441e-17 5.20417e-18 0
dEnergy = 39.3369
0 15.1719 1.66101 0 6.10589 0.573697 0 
1 0.531644 1.60065 0 -0.115132 0.725844 0 
2 -15.7036 -3.26166 0 -5.99076 -1.29954 0 
dMomentum = -8.67362e-18 5.58364e-18 0
dEnergy = 39.3369
0 15.4778 1.68975 0 6.10561 0.573688 0 
1 0.525878 1.63701 0 -0.115067 0.725796 0 
2 -16.0037 -3.32676 0 -5.99054 -1.29948 0 
dMomentum = -9.97466e-18 6.39679e-18 0
dEnergy = 39.3369
0 15.7837 1.71849 0 6.10534 0.57368 0 
1 0.520114 1.67337 0 -0.115005 0.725749 0 
2 -16.3038 -3.39187 0 -5.99034 -1.29943 0 
dMomentum = -1.43115e-17 4.8247e-18 0
dEnergy = 39.3369
0 16.0896 1.74724 0 6.10508 0.573672 0 
1 0.514354 1.70973 0 -0.114947 0.725703 0 
2 -16.604 -3.45697 0 -5.99014 -1.29938 0 
dMomentum = -1.43115e-17 4.17418e-18 0
dEnergy = 39.3369
0 16.3955 1.77598 0 6.10484 0.573665 0 
1 0.508597 1.74609 0 -0.114892 0.725659 0 
2 -16.9041 -3.52206 0 -5.98995 -1.29932 0 
dMomentum = -1.30104e-17 3.90313e-18 0
dEnergy = 39.3369
0 16.7013 1.80472 0 6.1046 0.573657 0 
1 0.502842 1.78244 0 -0.11484 0.725617 0 
2 -17.2041 -3.58716 0 -5.98976 -1.29927 0 
dMomentum = -1.12757e-17 3.57787e-18 0
dEnergy = 39.3369
0 17.0071 1.83346 0 6.10437 0.573651 0 
1 0.49709 1.81879 0 -0.11479 0.725575 0 
2 -17.5042 -3.65225 0 -5.98958 -1.29923 0 
dMomentum = -8.67362e-18 3.57787e-18 0
dEnergy = 39.3369
0 17.313 1.8622 0 6.10415 0.573644 0 
1 0.49134 1.85514 0 -0.114743 0.725535 0 
2 -17.8043 -3.71734 0 -5.98941 -1.29918 0 
dMomentum = -5.20417e-18 2.38524e-18 0
dEnergy = 39.3369
0 17.6188 1.89094 0 6.10394 0.573638 0 
1 0.485592 1.89149 0 -0.114698 0.725495 0 
2 -18.1044 -3.78243 0 -5.98924 -1.29913 0 
dMomentum = -3.03577e-18 2.60209e-18 0
dEnergy = 39.3369
0 17.9246 1.91967 0 6.10373 0.573632 0 
1 0.479847 1.92784 0 -0.114656 0.725457 0 
2 -18.4044 -3.84751 0 -5.98908 -1.29909 0 
dMomentum = -4.33681e-18 3.46945e-18 0
dEnergy = 39.3369
0 18.2304 1.94841 0 6.10354 0.573627 0 
1 0.474104 1.96418 0 -0.114615 0.72542 0 
2 -18.7045 -3.9126 0 -5.98892 -1.29905 0 
dMomentum = -9.97466e-18 3.95734e-18 0
dEnergy = 39.3369
0 18.5362 1.97715 0 6.10335 0.573621 0 
1 0.468363 2.00053 0 -0.114576 0.725384 0 
2 -19.0045 -3.97768 0 -5.98877 -1.29901 0 
dMomentum = -6.93889e-18 4.49944e-18 0
dEnergy = 39.3369
0 18.8419 2.00589 0 6.10316 0.573616 0 
1 0.462623 2.03687 0 -0.114539 0.725349 0 
2 -19.3045 -4.04276 0 -5.98862 -1.29896 0 
dMomentum = -7.80626e-18 5.09575e-18 0
dEnergy = 39.3369
0 19.1477 2.03463 0 6.10298 0.573611 0 
1 0.456886 2.07321 0 -0.114503 0.725314 0 
2 -19.6046 -4.10783 0 -5.98848 -1.29893 0 
dMomentum = -8.67362e-18 4.77049e-18 0
dEnergy = 39.3369
0 19.4534 2.06337 0 6.10281 0.573606 0 
1 0.45115 2.10954 0 -0.114469 0.725281 0 
2 -19.9046 -4.17291 0 -5.98834 -1.29889 0 
dMomentum = -1.34441e-17 4.01155e-18 0
dEnergy = 39.3369
0 19.7592 2.0921 0 6.10264 0.573602 0 
1 0.445416 2.14588 0 -0.114437 0.725249 0 
2 -20.2046 -4.23798 0 -5.98821 -1.29885 0 
dMomentum = -7.37257e-18 3.03577e-18 0
dEnergy = 39.3369
0 20.0649 2.12084 0 6.10248 0.573598 0 
1 0.439683 2.18221 0 -0.114405 0.725217 0 
2 -20.5046 -4.30305 0 -5.98808 -1.29881 0 
dMomentum = -9.97466e-18 2.92735e-18 0
dEnergy = 39.3369
0 20.3707 2.14958 0 6.10232 0.573594 0 
1 0.433952 2.21855 0 -0.114375 0.725186 0 
2 -20.8046 -4.36812 0 -5.98795 -1.29878 0 
dMomentum = -1.17094e-17 3.95734e-18 0
dEnergy = 39.3369
0 20.6764 2.17832 0 6.10217 0.57359 0 
1 0.428223 2.25488 0 -0.114347 0.725156 0 
2 -21.1046 -4.43319 0 -5.98783 -1.29875 0 
dMomentum = -3.03577e-18 4.55365e-18 0
dEnergy = 39.3369
0 20.9821 2.20705 0 6.10202 0.573586 0 
1 0.422495 2.29121 0 -0.114319 0.725127 0 
2 -21.4046 -4.49826 0 -5.98771 -1.29871 0 
dMomentum = 4.33681e-19 5.42101e-18 0
dEnergy = 39.3369
0 21.2878 2.23579 0 6.10188 0.573582 0 
1 0.416768 2.32754 0 -0.114293 0.725098 0 
2 -21.7046 -4.56332 0 -5.98759 -1.29868 0 
dMomentum = 3.03577e-18 6.17995e-18 0
dEnergy = 39.3369
0 21.5935 2.26452 0 6.10174 0.573578 0 
1 0.411043 2.36386 0 -0.114267 0.72507 0 
2 -22.0045 -4.62839 0 -5.98747 -1.29865 0 
dMomentum = -1.30104e-18 5.74627e-18 0
dEnergy = 39.3369
0 21.8992 2.29326 0 6.10161 0.573575 0 
1 0.405319 2.40019 0 -0.114243 0.725043 0 
2 -22.3045 -4.69345 0 -5.98736 -1.29862 0 
dMomentum = -3.90313e-18 5.74627e-18 0
dEnergy = 39.3369
0 22.2049 2.322 0 6.10148 0.573572 0 
1 0.399596 2.43651 0 -0.11422 0.725016 0 
2 -22.6045 -4.75851 0 -5.98726 -1.29859 0 
dMomentum = 3.46945e-18 3.41524e-18 0
dEnergy = 39.3369
0 22.5106 2.35073 0 6.10135 0.573569 0 
1 0.393874 2.47283 0 -0.114197 0.72499 0 
2 -22.9044 -4.82357 0 -5.98715 -1.29856 0 
dMomentum = -1.30104e-18 2.05998e-18 0
dEnergy = 39.3369
0 22.8162 2.37947 0 6.10122 0.573565 0 
1 0.388153 2.50916 0 -0.114175 0.724965 0 
2 -23.2044 -4.88862 0 -5.98705 -1.29853 0 
dMomentum = 6.07153e-18 2.22261e-18 0
dEnergy = 39.3369
0 23.1219 2.4082 0 6.1011 0.573562 0 
1 0.382433 2.54548 0 -0.114154 0.72494 0 
2 -23.5043 -4.95368 0 -5.98695 -1.2985 0 
dMomentum = 7.37257e-18 3.41524e-18 0
dEnergy = 39.3369
0 23.4276 2.43694 0 6.10099 0.57356 0 
1 0.376715 2.58179 0 -0.114134 0.724916 0 
2 -23.8043 -5.01873 0 -5.98685 -1.29848 0 
dMomentum = 9.1073e-18 2.71051e-18 0
dEnergy = 39.3369
0 23.7332 2.46567 0 6.10087 0.573557 0 
1 0.370997 2.61811 0 -0.114114 0.724892 0 
2 -24.1042 -5.08379 0 -5.98676 -1.29845 0 
dMomentum = 1.0842e-17 1.73472e-18 0
dEnergy = 39.3369
0 24.0389 2.49441 0 6.10076 0.573554 0 
1 0.365281 2.65443 0 -0.114095 0.724869 0 
2 -24.4042 -5.14884 0 -5.98666 -1.29842 0 
dMomentum = 1.17094e-17 2.22261e-18 0
dEnergy = 39.3369
0 24.3445 2.52314 0 6.10065 0.573552 0 
1 0.359565 2.69074 0 -0.114077 0.724846 0 
2 -24.7041 -5.21389 0 -5.98657 -1.2984 0 
dMomentum = 8.23994e-18 2.87314e-18 0
dEnergy = 39.3369
0 24.6502 2.55188 0 6.10055 0.573549 0 
1 0.35385 2.72706 0 -0.11406 0.724824 0 
2 -25.004 -5.27894 0 -5.98649 -1.29837 0 
dMomentum = 1.0842e-17 2.11419e-18 0
dEnergy = 39.3369
0 24.9558 2.58061 0 6.10044 0.573547 0 
1 0.348136 2.76337 0 -0.114043 0.724802 0 
2 -25.3039 -5.34399 0 -5.9864 -1.29835 0 
dMomentum = 1.25767e-17 2.27682e-18 0
dEnergy = 39.3369
0 25.2614 2.60935 0 6.10034 0.573544 0 
1 0.342423 2.79968 0 -0.114026 0.724781 0 
2 -25.6039 -5.40903 0 -5.98632 -1.29833 0 
dMomentum = 9.1073e-18 3.7405e-18 0
dEnergy = 39.3369
0 25.5671 2.63808 0 6.10024 0.573542 0 
1 0.336711 2.83599 0 -0.11401 0.72476 0 
2 -25.9038 -5.47408 0 -5.98623 -1.2983 0 
dMomentum = 7.80626e-18 2.38524e-18 0
dEnergy = 39.3369
0 25.8727 2.66682 0 6.10015 0.57354 0 
1 0.330999 2.8723 0 -0.113995 0.72474 0 
2 -26.2037 -5.53912 0 -5.98615 -1.29828 0 
dMomentum = 1.0842e-17 1.30104e-18 0
dEnergy = 39.3369
0 26.1783 2.69555 0 6.10005 0.573538 0 
1 0.325288 2.90861 0 -0.11398 0.72472 0 
2 -26.5036 -5.60417 0 -5.98607 -1.29826 0 
dMomentum = 1.86483e-17 4.87891e-19 0
dEnergy = 39.3369
0 26.4839 2.72429 0 6.09996 0.573535 0 
1 0.319578 2.94492 0 -0.113965 0.724701 0 
2 -26.8035 -5.66921 0 -5.986 -1.29824 0 
dMomentum = 1.60462e-17 -1.40946e-18 0
dEnergy = 39.3369
0 26.7895 2.75302 0 6.09987 0.573533 0 
1 0.313869 2.98123 0 -0.113951 0.724681 0 
2 -27.1034 -5.73425 0 -5.98592 -1.29821 0 
dMomentum = 1.69136e-17 -2.1684e-19 0
dEnergy = 39.3369
0 27.0951 2.78175 0 6.09979 0.573531 0 
1 0.30816 3.01753 0 -0.113938 0.724663 0 
2 -27.4033 -5.79929 0 -5.98585 -1.29819 0 
dMomentum = 1.9082e-17 -3.25261e-19 0
dEnergy = 39.3369
0 27.4007 2.81049 0 6.0997 0.57353 0 
1 0.302452 3.05384 0 -0.113925 0.724644 0 
2 -27.7032 -5.86433 0 -5.98578 -1.29817 0 
dMomentum = 2.42861e-17 -2.1684e-19 0
dEnergy = 39.3369
0 27.7063 2.83922 0 6.09962 0.573528 0 
1 0.296745 3.09014 0 -0.113912 0.724626 0 
2 -28.003 -5.92937 0 -5.98571 -1.29815 0 
dMomentum = 2.1684e-17 2.1684e-19 0
dEnergy = 39.3369
0 28.0119 2.86796 0 6.09954 0.573526 0 
1 0.291038 3.12645 0 -0.1139 0.724609 0 
2 -28.3029 -5.9944 0 -5.98564 -1.29813 0 
dMomentum = 1.64799e-17 1.51788e-18 0
dEnergy = 39.3369
0 28.3175 2.89669 0 6.09946 0.573524 0 
1 0.285332 3.16275 0 -0.113888 0.724591 0 
2 -28.6028 -6.05944 0 -5.98557 -1.29812 0 
dMomentum = 1.25767e-17 3.36103e-18 0
dEnergy = 39.3369
0 28.6231 2.92542 0 6.09938 0.573522 0 
1 0.279627 3.19905 0 -0.113876 0.724574 0 
2 -28.9027 -6.12447 0 -5.9855 -1.2981 0 
dMomentum = 7.80626e-18 3.03577e-18 0
dEnergy = 39.3369
0 28.9286 2.95416 0 6.0993 0.573521 0 
1 0.273922 3.23535 0 -0.113865 0.724557 0 
2 -29.2026 -6.18951 0 -5.98544 -1.29808 0 
dMomentum = 4.33681e-18 1.84314e-18 0
dEnergy = 39.3369
0 29.2342 2.98289 0 6.09923 0.573519 0 
1 0.268218 3.27165 0 -0.113854 0.724541 0 
2 -29.5024 -6.25454 0 -5.98538 -1.29806 0 
dMomentum = 1.12757e-17 2.22261e-18 0
dEnergy = 39.3369
0 29.5398 3.01162 0 6.09916 0.573517 0 
1 0.262514 3.30795 0 -0.113843 0.724525 0 
2 -29.8023 -6.31957 0 -5.98531 -1.29804 0 
dMomentum = 8.67362e-18 2.1684e-18 0
dEnergy = 39.3369
0 29.8453 3.04036 0 6.09909 0.573516 0 
1 0.256811 3.34425 0 -0.113832 0.724509 0 
2 -30.1021 -6.38461 0 -5.98525 -1.29803 0 
dMomentum = 9.97466e-18 2.11419e-18 0
dEnergy = 39.3369
0 30.1509 3.06909 0 6.09902 0.573514 0 
1 0.251108 3.38055 0 -0.113822 0.724494 0 
2 -30.402 -6.44964 0 -5.98519 -1.29801 0 
dMomentum = 8.67362e-18 2.71051e-18 0
dEnergy = 39.3369
0 30.4565 3.09782 0 6.09895 0.573513 0 
1 0.245406 3.41684 0 -0.113812 0.724479 0 
2 -30.7019 -6.51467 0 -5.98513 -1.29799 0 
dMomentum = 1.43115e-17 2.87314e-18 0
dEnergy = 39.3369
0 30.762 3.12656 0 6.09888 0.573512 0 
1 0.239704 3.45314 0 -0.113803 0.724464 0 
2 -31.0017 -6.57969 0 -5.98508 -1.29798 0 
dMomentum = 1.60462e-17 2.60209e-18 0
dEnergy = 39.3369
0 31.0676 3.15529 0 6.09881 0.57351 0 
1 0.234003 3.48943 0 -0.113793 0.724449 0 
2 -31.3016 -6.64472 0 -5.98502 -1.29796 0 
dMomentum = 1.60462e-17 1.6263e-18 0
dEnergy = 39.3369
0 31.3731 3.18402 0 6.09875 0.573509 0 
1 0.228302 3.52573 0 -0.113784 0.724435 0 
2 -31.6014 -6.70975 0 -5.98497 -1.29794 0 
dMomentum = 1.30104e-17 2.87314e-18 0
dEnergy = 39.3369
0 31.6787 3.21275 0 6.09869 0.573507 0 
1 0.222601 3.56202 0 -0.113776 0.72442 0 
2 -31.9013 -6.77478 0 -5.98491 -1.29793 0 
dMomentum = 7.80626e-18 4.55365e-18 0
dEnergy = 39.3369
0 31.9842 3.24149 0 6.09862 0.573506 0 
1 0.216901 3.59832 0 -0.113767 0.724406 0 
2 -32.2011 -6.8398 0 -5.98486 -1.29791 0 
dMomentum = 5.63785e-18 5.47522e-18 0
dEnergy = 39.3369
0 32.2897 3.27022 0 6.09856 0.573505 0 
1 0.211202 3.63461 0 -0.113758 0.724393 0 
2 -32.5009 -6.90483 0 -5.9848 -1.2979 0 
dMomentum = 6.93889e-18 4.93312e-18 0
dEnergy = 39.3369
0 32.5953 3.29895 0 6.0985 0.573504 0 
1 0.205503 3.6709 0 -0.11375 0.724379 0 
2 -32.8008 -6.96985 0 -5.98475 -1.29788 0 
dMomentum = 1.73472e-18 4.17418e-18 0
dEnergy = 39.3369
0 32.9008 3.32768 0 6.09845 0.573502 0 
1 0.199804 3.70719 0 -0.113742 0.724366 0 
2 -33.1006 -7.03488 0 -5.9847 -1.29787 0 
dMomentum = 4.33681e-18 5.52943e-18 0
dEnergy = 39.3369
0 33.2063 3.35642 0 6.09839 0.573501 0 
1 0.194106 3.74348 0 -0.113734 0.724353 0 
2 -33.4004 -7.0999 0 -5.98465 -1.29785 0 
dMomentum = 9.54098e-18 6.88468e-18 0
dEnergy = 39.3369
0 33.5119 3.38515 0 6.09833 0.5735 0 
1 0.188408 3.77977 0 -0.113727 0.72434 0 
2 -33.7003 -7.16492 0 -5.9846 -1.29784 0 
dMomentum = 1.47451e-17 7.10152e-18 0
dEnergy = 39.3369
0 33.8174 3.41388 0 6.09828 0.573499 0 
1 0.18271 3.81606 0 -0.113719 0.724328 0 
2 -34.0001 -7.22994 0 -5.98456 -1.29783 0 
dMomentum = 1.95156e-17 8.34836e-18 0
dEnergy = 39.3369
0 34.1229 3.44261 0 6.09822 0.573498 0 
1 0.177013 3.85235 0 -0.113712 0.724315 0 
2 -34.2999 -7.29496 0 -5.98451 -1.29781 0 
dMomentum = 2.1684e-17 8.0231e-18 0
dEnergy = 39.3369
0 34.4284 3.47135 0 6.09817 0.573497 0 
1 0.171316 3.88864 0 -0.113705 0.724303 0 
2 -34.5998 -7.35998 0 -5.98446 -1.2978 0 
dMomentum = 1.51788e-17 7.20994e-18 0
dEnergy = 39.3369
0 34.734 3.50008 0 6.09812 0.573496 0 
1 0.16562 3.92492 0 -0.113698 0.724291 0 
2 -34.8996 -7.425 0 -5.98442 -1.29779 0 
dMomentum = 1.43115e-17 7.80626e-18 0
dEnergy = 39.3369
0 35.0395 3.52881 0 6.09807 0.573495 0 
1 0.159924 3.96121 0 -0.113691 0.72428 0 
2 -35.1994 -7.49002 0 -5.98437 -1.29777 0 
dMomentum = 1.0842e-17 8.18573e-18 0
dEnergy = 39.3369
0 35.345 3.55754 0 6.09801 0.573494 0 
1 0.154228 3.9975 0 -0.113685 0.724268 0 
2 -35.4992 -7.55504 0 -5.98433 -1.29776 0 
dMomentum = 3.90313e-18 7.48099e-18 0
dEnergy = 39.3369
0 35.6505 3.58627 0 6.09796 0.573493 0 
1 0.148533 4.03378 0 -0.113678 0.724257 0 
2 -35.799 -7.62006 0 -5.98429 -1.29775 0 
dMomentum = 9.54098e-18 6.77626e-18 0
dEnergy = 39.3369
0 35.956 3.61501 0 6.09792 0.573492 0 
1 0.142838 4.07007 0 -0.113672 0.724245 0 
2 -36.0988 -7.68507 0 -5.98424 -1.29774 0 
dMomentum = 6.93889e-18 5.52943e-18 0
dEnergy = 39.3369
0 36.2615 3.64374 0 6.09787 0.573491 0 
1 0.137143 4.10635 0 -0.113666 0.724234 0 
2 -36.3986 -7.75009 0 -5.9842 -1.29772 0 
dMomentum = 8.23994e-18 4.33681e-18 0
dEnergy = 39.3369
0 36.567 3.67247 0 6.09782 0.57349 0 
1 0.131448 4.14264 0 -0.11366 0.724223 0 
2 -36.6985 -7.81511 0 -5.98416 -1.29771 0 
dMomentum = 1.69136e-17 4.01155e-18 0
dEnergy = 39.3369
0 36.8725 3.7012 0 6.09777 0.573489 0 
1 0.125754 4.17892 0 -0.113654 0.724213 0 
2 -36.9983 -7.88012 0 -5.98412 -1.2977 0 
dMomentum = 1.34441e-17 2.43945e-18 0
dEnergy = 39.3369
0 37.178 3.72993 0 6.09773 0.573488 0 
1 0.12006 4.2152 0 -0.113648 0.724202 0 
2 -37.2981 -7.94514 0 -5.98408 -1.29769 0 
dMomentum = 2.08167e-17 2.54788e-18 0
dEnergy = 39.3369
0 37.4835 3.75867 0 6.09768 0.573487 0 
1 0.114366 4.25148 0 -0.113643 0.724192 0 
2 -37.5979 -8.01015 0 -5.98404 -1.29768 0 
dMomentum = 1.56125e-17 1.84314e-18 0
dEnergy = 39.3369
0 37.789 3.7874 0 6.09764 0.573486 0 
1 0.108673 4.28777 0 -0.113637 0.724181 0 
2 -37.8977 -8.07516 0 -5.984 -1.29767 0 
dMomentum = 2.12504e-17 1.57209e-18 0
dEnergy = 39.3369
0 38.0945 3.81613 0 6.0976 0.573485 0 
1 0.10298 4.32405 0 -0.113632 0.724171 0 
2 -38.1975 -8.14018 0 -5.98397 -1.29766 0 
dMomentum = 2.29851e-17 2.54788e-18 0
dEnergy = 39.3369
0 38.4 3.84486 0 6.09755 0.573485 0 
1 0.0972872 4.36033 0 -0.113627 0.724161 0 
2 -38.4973 -8.20519 0 -5.98393 -1.29765 0 
dMomentum = 2.38524e-17 3.25261e-18 0
dEnergy = 39.3369
0 38.7055 3.87359 0 6.09751 0.573484 0 
1 0.0915946 4.39661 0 -0.113621 0.724152 0 
2 -38.797 -8.2702 0 -5.98389 -1.29764 0 
dMomentum = 2.51535e-17 2.43945e-18 0
dEnergy = 39.3369
0 39.0109 3.90232 0 6.09747 0.573483 0 
1 0.0859023 4.43289 0 -0.113616 0.724142 0 
2 -39.0968 -8.33521 0 -5.98385 -1.29762 0 
dMomentum = 2.73219e-17 3.36103e-18 0
dEnergy = 39.3369
0 39.3164 3.93105 0 6.09743 0.573482 0 
1 0.0802102 4.46917 0 -0.113611 0.724132 0 
2 -39.3966 -8.40022 0 -5.98382 -1.29761 0 
dMomentum = 2.73219e-17 3.08998e-18 0
dEnergy = 39.3369
0 39.6219 3.95979 0 6.09739 0.573481 0 
1 0.0745184 4.50545 0 -0.113606 0.724123 0 
2 -39.6964 -8.46523 0 -5.98378 -1.2976 0 
dMomentum = 2.9924e-17 2.87314e-18 0
dEnergy = 39.3369
0 39.9274 3.98852 0 6.09735 0.573481 0 
1 0.0688269 4.54172 0 -0.113602 0.724114 0 
2 -39.9962 -8.53024 0 -5.98375 -1.29759 0 
dMomentum = 2.73219e-17 3.57787e-18 0
dEnergy = 39.3369
0 40.2329 4.01725 0 6.09731 0.57348 0 
1 0.0631355 4.578 0 -0.113597 0.724105 0 
2 -40.296 -8.59525 0 -5.98372 -1.29758 0 
dMomentum = 2.38524e-17 3.46945e-18 0
dEnergy = 39.3369
0 40.5383 4.04598 0 6.09727 0.573479 0 
1 0.0574444 4.61428 0 -0.113592 0.724096 0 
2 -40.5958 -8.66026 0 -5.98368 -1.29757 0 
dMomentum = 2.94903e-17 4.60786e-18 0
dEnergy = 39.3369
0 40.8438 4.07471 0 6.09724 0.573478 0 
1 0.0517536 4.65056 0 -0.113588 0.724087 0 
2 -40.8956 -8.72527 0 -5.98365 -1.29757 0 
dMomentum = 3.33934e-17 5.47522e-18 0
dEnergy = 39.3369
0 41.1493 4.10344 0 6.0972 0.573478 0 
1 0.0460629 4.68683 0 -0.113584 0.724078 0 
2 -41.1953 -8.79028 0 -5.98362 -1.29756 0 
dMomentum = 4.0766e-17 6.01732e-18 0
dEnergy = 39.3369
0 41.4547 4.13217 0 6.09716 0.573477 0 
1 0.0403725 4.72311 0 -0.113579 0.724069 0 
2 -41.4951 -8.85528 0 -5.98358 -1.29755 0 
dMomentum = 3.64292e-17 6.93889e-18 0
dEnergy = 39.3369
0 41.7602 4.16091 0 6.09713 0.573476 0 
1 0.0346823 4.75938 0 -0.113575 0.724061 0 
2 -41.7949 -8.92029 0 -5.98355 -1.29754 0 
dMomentum = 4.38018e-17 7.10152e-18 0
dEnergy = 39.3369
0 42.0657 4.18964 0 6.09709 0.573476 0 
1 0.0289923 4.79566 0 -0.113571 0.724052 0 
2 -42.0947 -8.9853 0 -5.98352 -1.29753 0 
dMomentum = 4.55365e-17 8.07731e-18 0
dEnergy = 39.3369
0 42.3711 4.21837 0 6.09706 0.573475 0 
1 0.0233025 4.83193 0 -0.113567 0.724044 0 
2 -42.3944 -9.0503 0 -5.98349 -1.29752 0 
dMomentum = 3.85976e-17 7.15573e-18 0
dEnergy = 39.3369
0 42.6766 4.2471 0 6.09702 0.573474 0 
1 0.0176129 4.86821 0 -0.113563 0.724036 0 
2 -42.6942 -9.11531 0 -5.98346 -1.29751 0 
dMomentum = 4.64039e-17 6.72205e-18 0
dEnergy = 39.3369
0 42.9821 4.27583 0 6.09699 0.573474 0 
1 0.0119235 4.90448 0 -0.113559 0.724028 0 
2 -42.994 -9.18031 0 -5.98343 -1.2975 0 
dMomentum = 4.81386e-17 6.23416e-18 0
dEnergy = 39.3369
0 43.2875 4.30456 0 6.09695 0.573473 0 
1 0.00623426 4.94076 0 -0.113555 0.72402 0 
2 -43.2938 -9.24532 0 -5.9834 -1.29749 0 
dMomentum = 4.81386e-17 5.20417e-18 0
dEnergy = 39.3369
0 43.593 4.33329 0 6.09692 0.573473 0 
1 0.000545241 4.97703 0 -0.113551 0.724012 0 
2 -43.5935 -9.31032 0 -5.98337 -1.29748 0 
dMomentum = 5.07407e-17 5.25838e-18 0
dEnergy = 39.3369
0 43.8984 4.36202 0 6.09689 0.573472 0 
1 -0.00514359 5.0133 0 -0.113548 0.724004 0 
2 -43.8933 -9.37533 0 -5.98334 -1.29748 0 
dMomentum = 4.77049e-17 4.44523e-18 0
dEnergy = 39.3369
0 44.2039 4.39075 0 6.09686 0.573471 0 
1 -0.0108322 5.04958 0 -0.113544 0.723997 0 
2 -44.1931 -9.44033 0 -5.98331 -1.29747 0 
dMomentum = 4.81386e-17 5.25838e-18 0
dEnergy = 39.3369
0 44.5093 4.41948 0 6.09683 0.573471 0 
1 -0.0165207 5.08585 0 -0.11354 0.723989 0 
2 -44.4928 -9.50533 0 -5.98329 -1.29746 0 
dMomentum = 4.81386e-17 5.74627e-18 0
dEnergy = 39.3369
0 44.8148 4.44822 0 6.09679 0.57347 0 
1 -0.022209 5.12212 0 -0.113537 0.723982 0 
2 -44.7926 -9.57033 0 -5.98326 -1.29745 0 
dMomentum = 4.55365e-17 5.31259e-18 0
dEnergy = 39.3369
0 45.1202 4.47695 0 6.09676 0.57347 0 
1 -0.0278971 5.15839 0 -0.113534 0.723974 0 
2 -45.0923 -9.63534 0 -5.98323 -1.29744 0 
dMomentum = 4.94396e-17 5.52943e-18 0
dEnergy = 39.3369
0 45.4257 4.50568 0 6.09673 0.573469 0 
1 -0.0335851 5.19466 0 -0.11353 0.723967 0 
2 -45.3921 -9.70034 0 -5.9832 -1.29744 0 
dMomentum = 5.0307e-17 4.01155e-18 0
dEnergy = 39.3369
0 45.7311 4.53441 0 6.0967 0.573469 0 
1 -0.0392728 5.23093 0 -0.113527 0.72396 0 
2 -45.6919 -9.76534 0 -5.98318 -1.29743 0 
dMomentum = 4.0766e-17 4.98733e-18 0
dEnergy = 39.3369
0 46.0366 4.56314 0 6.09667 0.573468 0 
1 -0.0449604 5.2672 0 -0.113524 0.723953 0 
2 -45.9916 -9.83034 0 -5.98315 -1.29742 0 
dMomentum = 4.03323e-17 4.01155e-18 0
dEnergy = 39.3369
0 46.342 4.59187 0 6.09665 0.573467 0 
1 -0.0506479 5.30347 0 -0.11352 0.723946 0 
2 -46.2914 -9.89534 0 -5.98312 -1.29741 0 
dMomentum = 4.25007e-17 2.60209e-18 0
dEnergy = 39.3369
0 46.6475 4.6206 0 6.09662 0.573467 0 
1 -0.0563352 5.33974 0 -0.113517 0.723939 0 
2 -46.5911 -9.96034 0 -5.9831 -1.29741 0 
dMomentum = 4.2067e-17 4.06576e-18 0
dEnergy = 39.3369
0 46.9529 4.64933 0 6.09659 0.573466 0 
1 -0.0620223 5.37601 0 -0.113514 0.723932 0 
2 -46.8909 -10.0253 0 -5.98307 -1.2974 0 
dMomentum = 4.11997e-17 6.61363e-18 0
dEnergy = 39.3369
0 47.2583 4.67806 0 6.09656 0.573466 0 
1 -0.0677093 5.41228 0 -0.113511 0.723925 0 
2 -47.1906 -10.0903 0 -5.98305 -1.29739 0 
dMomentum = 4.29344e-17 6.66784e-18 0
dEnergy = 39.3369
0 47.5638 4.70679 0 6.09653 0.573465 0 
1 -0.0733961 5.44855 0 -0.113508 0.723919 0 
2 -47.4904 -10.1553 0 -5.98302 -1.29738 0 
dMomentum = 4.94396e-17 6.12574e-18 0
dEnergy = 39.3369
0 47.8692 4.73552 0 6.09651 0.573465 0 
1 -0.0790828 5.48482 0 -0.113505 0.723912 0 
2 -47.7901 -10.2203 0 -5.983 -1.29738 0 
dMomentum = 5.33427e-17 7.20994e-18 0
dEnergy = 39.3369
0 48.1746 4.76425 0 6.09648 0.573464 0 
1 -0.0847693 5.52108 0 -0.113502 0.723906 0 
2 -48.0899 -10.2853 0 -5.98298 -1.29737 0 
dMomentum = 6.07153e-17 7.31836e-18 0
dEnergy = 39.3369
0 48.4801 4.79298 0 6.09645 0.573464 0 
1 -0.0904557 5.55735 0 -0.113499 0.723899 0 
2 -48.3896 -10.3503 0 -5.98295 -1.29736 0 
dMomentum = 5.9848e-17 9.32414e-18 0
dEnergy = 39.3369
0 48.7855 4.82171 0 6.09643 0.573464 0 
1 -0.096142 5.59362 0 -0.113497 0.723893 0 
2 -48.6894 -10.4153 0 -5.98293 -1.29736 0 
dMomentum = 6.28837e-17 9.37835e-18 0
dEnergy = 39.3369
0 49.0909 4.85044 0 6.0964 0.573463 0 
1 -0.101828 5.62989 0 -0.113494 0.723886 0 
2 -48.9891 -10.4803 0 -5.98291 -1.29735 0 
dMomentum = 5.89806e-17 8.61941e-18 0
dEnergy = 39.3369
0 49.3964 4.87918 0 6.09637 0.573463 0 
1 -0.107514 5.66615 0 -0.113491 0.72388 0 
2 -49.2888 -10.5453 0 -5.98288 -1.29734 0 
