dMomentum = 0 0 0
dEnergy = 0
0 -1 0 0 0.417343 0.3131 0 
1 1 0 0 0.417343 0.3131 0 
2 0 0 0 -0.834686 -0.6262 0 
dMomentum = -1.6263e-19 0 0
dEnergy = -1.93837e-05
0 -0.977464 0.0156646 0 0.483325 0.311761 0 
1 1.01939 0.0156684 0 0.35766 0.312058 0 
2 -0.041923 -0.031333 0 -0.840985 -0.623819 0 
dMomentum = 5.42101e-20 4.06576e-19 0
dEnergy = -4.04475e-05
0 -0.951435 0.0311802 0 0.557052 0.306933 0 
1 1.03592 0.0312409 0 0.303181 0.309383 0 
2 -0.0844838 -0.0624211 0 -0.860233 -0.616316 0 
dMomentum = 1.32815e-18 -8.13152e-20 0
dEnergy = -6.52357e-05
0 -0.921479 0.0463328 0 0.640421 0.296938 0 
1 1.04983 0.0466499 0 0.253027 0.305605 0 
2 -0.128354 -0.0929827 0 -0.893448 -0.602543 0 
dMomentum = 4.06576e-19 4.33681e-19 0
dEnergy = -9.66651e-05
0 -0.887052 0.060802 0 0.735993 0.279102 0 
1 1.06133 0.0618503 0 0.206483 0.301113 0 
2 -0.174275 -0.122652 0 -0.942476 -0.580215 0 
dMomentum = 1.92446e-18 2.30393e-19 0
dEnergy = -0.00013941
0 -0.84746 0.0740927 0 0.847277 0.248957 0 
1 1.07057 0.0768138 0 0.162944 0.296194 0 
2 -0.223107 -0.150907 0 -1.01022 -0.545151 0 
dMomentum = 3.25261e-18 2.98156e-19 0
dEnergy = -0.00020161
0 -0.801802 0.0854089 0 0.979043 0.198558 0 
1 1.07769 0.0915251 0 0.121881 0.291072 0 
2 -0.27589 -0.176934 0 -1.10092 -0.48963 0 
dMomentum = 4.25549e-18 4.60786e-19 0
dEnergy = -0.000298207
0 -0.748903 0.0933985 0 1.13733 0.112762 0 
1 1.08281 0.105978 0 0.0828004 0.285915 0 
2 -0.333906 -0.199377 0 -1.22013 -0.398677 0 
dMomentum = 2.6563e-18 1.13841e-18 0
dEnergy = -0.000456005
0 -0.687293 0.0956032 0 1.32705 -0.0395926 0 
1 1.08601 0.120175 0 0.0452116 0.280848 0 
2 -0.398716 -0.215778 0 -1.37226 -0.241256 0 
dMomentum = 1.84314e-18 1.46367e-18 0
dEnergy = -0.000704212
0 -0.615544 0.0872102 0 1.53638 -0.325954 0 
1 1.08735 0.134121 0 0.00857731 0.27594 0 
2 -0.471808 -0.221332 0 -1.54495 0.0500148 0 
dMomentum = 1.78893e-18 1.0842e-18 0
dEnergy = -0.000889507
0 -0.534638 0.0585746 0 1.65658 -0.86992 0 
1 1.08687 0.147825 0 -0.0277332 0.271144 0 
2 -0.552232 -0.2064 0 -1.62885 0.598776 0 
dMomentum = 5.42101e-20 -2.1684e-19 0
dEnergy = -0.000101383
0 -0.457423 -0.0041113 0 1.31133 -1.62263 0 
1 1.08456 0.161287 0 -0.0643814 0.26617 0 
2 -0.627141 -0.157175 0 -1.24695 1.35646 0 
dMomentum = 6.50521e-19 2.1684e-19 0
dEnergy = 0.000864763
0 -0.411611 -0.0955139 0 0.514753 -1.90482 0 
1 1.08041 0.174483 0 -0.101572 0.260479 0 
2 -0.668795 -0.0789691 0 -0.413181 1.64434 0 
dMomentum = 8.13152e-19 -6.50521e-19 0
dEnergy = 0.00075008
0 -0.400882 -0.186858 0 -0.021878 -1.70819 0 
1 1.07438 0.18737 0 -0.138806 0.25384 0 
2 -0.6735 -0.000512429 0 0.160684 1.45435 0 
dMomentum = 5.42101e-19 8.67362e-19 0
dEnergy = 0.000495373
0 -0.408925 -0.265841 0 -0.265103 -1.45002 0 
1 1.0665 0.199905 0 -0.175678 0.24649 0 
2 -0.657575 0.0659363 0 0.440781 1.20353 0 
dMomentum = 8.67362e-19 7.58942e-19 0
dEnergy = 0.00032825
0 -0.425187 -0.332895 0 -0.368995 -1.23543 0 
1 1.05678 0.212061 0 -0.212171 0.238733 0 
2 -0.631594 0.120834 0 0.581167 0.996702 0 
dMomentum = 1.0842e-18 9.75782e-19 0
dEnergy = 0.000225976
0 -0.44488 -0.390359 0 -0.410089 -1.06533 0 
1 1.04524 0.223822 0 -0.248477 0.230786 0 
2 -0.600361 0.166537 0 0.658566 0.834543 0 
dMomentum = 5.42101e-19 2.27682e-18 0
dEnergy = 0.000160557
0 -0.465782 -0.440177 0 -0.420777 -0.928352 0 
1 1.03188 0.235184 0 -0.284866 0.222783 0 
2 -0.566097 0.204994 0 0.705643 0.70557 0 
dMomentum = 1.0842e-18 2.27682e-18 0
dEnergy = 0.000116082
0 -0.486781 -0.483763 0 -0.415593 -0.815188 0 
1 1.01669 0.246145 0 -0.321643 0.214804 0 
2 -0.529906 0.237619 0 0.737235 0.600384 0 
dMomentum = 7.58942e-19 1.73472e-18 0
dEnergy = 8.39523e-05
0 -0.507278 -0.522137 0 -0.401601 -0.719376 0 
1 0.999635 0.256708 0 -0.359138 0.206896 0 
2 -0.492357 0.26543 0 0.76074 0.51248 0 
dMomentum = 8.67362e-19 2.05998e-18 0
dEnergy = 5.9326e-05
0 -0.526935 -0.556051 0 -0.382488 -0.636512 0 
1 0.980679 0.266876 0 -0.397713 0.199084 0 
2 -0.453744 0.289175 0 0.780201 0.437428 0 
dMomentum = 1.40946e-18 1.24683e-18 0
dEnergy = 3.93326e-05
0 -0.545514 -0.586017 0 -0.360329 -0.563682 0 
1 0.959799 0.276638 0 -0.437692 0.191398 0 
2 -0.414285 0.309379 0 0.798021 0.372285 0 
dMomentum = 1.73472e-18 1.51788e-18 0
dEnergy = 2.20292e-05
0 -0.562934 -0.612541 0 -0.336251 -0.498557 0 
1 0.936873 0.286017 0 -0.479622 0.183829 0 
2 -0.37394 0.326523 0 0.815874 0.314729 0 
dMomentum = 1.73472e-18 1.51788e-18 0
dEnergy = 6.03669e-06
0 -0.579116 -0.635968 0 -0.31094 -0.439568 0 
1 0.911791 0.295022 0 -0.524078 0.176382 0 
2 -0.332674 0.340946 0 0.835018 0.263186 0 
dMomentum = 2.1684e-18 1.19262e-18 0
dEnergy = -9.82038e-06
0 -0.594011 -0.656575 0 -0.284807 -0.385546 0 
1 0.884407 0.303657 0 -0.571782 0.169066 0 
2 -0.290396 0.352917 0 0.856588 0.216481 0 
dMomentum = 1.19262e-18 1.13841e-18 0
dEnergy = -2.67549e-05
0 -0.607585 -0.674585 0 -0.2581 -0.335599 0 
1 0.854538 0.31193 0 -0.623684 0.161891 0 
2 -0.246953 0.362655 0 0.881784 0.173708 0 
dMomentum = 1.0842e-18 8.13152e-19 0
dEnergy = -4.62932e-05
0 -0.619812 -0.690186 0 -0.230965 -0.289032 0 
1 0.821942 0.319848 0 -0.681086 0.154881 0 
2 -0.20213 0.370338 0 0.912051 0.134151 0 
dMomentum = 1.19262e-18 5.42101e-19 0
dEnergy = -7.07183e-05
0 -0.630673 -0.703531 0 -0.203483 -0.245295 0 
1 0.786301 0.327421 0 -0.745855 0.148077 0 
2 -0.155628 0.37611 0 0.949338 0.0972184 0 
dMomentum = 1.40946e-18 5.42101e-19 0
dEnergy = -0.000103969
0 -0.640152 -0.714751 0 -0.175693 -0.203945 0 
1 0.74718 0.33466 0 -0.820826 0.141557 0 
2 -0.107028 0.380091 0 0.996519 0.0623884 0 
dMomentum = 3.14419e-18 4.33681e-19 0
dEnergy = -0.000153801
0 -0.648234 -0.723955 0 -0.147605 -0.164614 0 
1 0.703965 0.341583 0 -0.910616 0.13546 0 
2 -0.0557304 0.382372 0 1.05822 0.029154 0 
dMomentum = 2.49366e-18 4.33681e-19 0
dEnergy = -0.000237943
0 -0.654905 -0.731237 0 -0.119213 -0.126994 0 
1 0.655728 0.348217 0 -1.02349 0.130059 0 
2 -0.000823445 0.38302 0 1.1427 -0.00306495 0 
dMomentum = 2.38524e-18 4.87891e-19 0
dEnergy = -0.000406126
0 -0.660147 -0.736675 0 -0.0904998 -0.0908161 0 
1 0.600948 0.354609 0 -1.17638 0.125921 0 
2 0.0591997 0.382066 0 1.26688 -0.0351052 0 
dMomentum = 2.60209e-18 6.50521e-19 0
dEnergy = -0.000853818
0 -0.663946 -0.740335 0 -0.061446 -0.0558384 0 
1 0.536724 0.360851 0 -1.41284 0.124431 0 
2 0.127222 0.379484 0 1.47429 -0.0685928 0 
dMomentum = 2.60209e-18 5.96311e-19 0
dEnergy = -0.00320726
0 -0.666283 -0.742271 0 -0.0320393 -0.0218233 0 
1 0.455645 0.367164 0 -1.91149 0.129987 0 
2 0.210638 0.375108 0 1.94352 -0.108163 0 
dMomentum = 3.46945e-18 -6.93889e-17 0
dEnergy = 31885.9
0 -0.66713 -0.742528 0 0.00231943 0.0092632 0 
1 0.0549045 -1.10224 0 -33.1804 -175.462 0 
2 0.612225 1.84477 0 33.178 175.453 0 
dMomentum = -4.85723e-17 -2.22045e-16 0
dEnergy = 31885.9
0 -0.666802 -0.742314 0 0.00686768 0.00343283 0 
1 -1.6043 -9.87501 0 -33.1842 -175.454 0 
2 2.2711 10.6173 0 33.1774 175.451 0 
dMomentum = -4.51028e-17 -1.66533e-16 0
dEnergy = 31885.9
0 -0.666459 -0.742145 0 0.00687953 0.00333435 0 
1 -3.26351 -18.6477 0 -33.1842 -175.454 0 
2 3.92997 19.3898 0 33.1773 175.45 0 
dMomentum = -8.32667e-17 -6.93889e-17 0
dEnergy = 31885.9
0 -0.666115 -0.741979 0 0.0068819 0.00331312 0 
1 -4.92272 -27.4204 0 -33.1842 -175.453 0 
2 5.58883 28.1623 0 33.1773 175.45 0 
dMomentum = -1.07553e-16 -2.498e-16 0
dEnergy = 31885.9
0 -0.665771 -0.741814 0 0.00688276 0.00330525 0 
1 -6.58193 -36.193 0 -33.1842 -175.453 0 
2 7.2477 36.9349 0 33.1773 175.45 0 
dMomentum = -9.71445e-17 -2.08167e-16 0
dEnergy = 31885.9
0 -0.665426 -0.741648 0 0.00688317 0.00330148 0 
1 -8.24114 -44.9657 0 -33.1842 -175.453 0 
2 8.90656 45.7074 0 33.1773 175.45 0 
