dMomentum = 0 0 0
dEnergy = 0
0 -1 0 0 0.416822 0.330333 0 
1 1 0 0 0.416822 0.330333 0 
2 0 0 0 -0.833644 -0.660667 0 
dMomentum = 4.06576e-19 -1.89735e-19 0
dEnergy = -1.88202e-05
0 -0.97749 0.0165268 0 0.482792 0.328921 0 
1 1.01936 0.0165307 0 0.357141 0.329234 0 
2 -0.0418707 -0.0330576 0 -0.839933 -0.658155 0 
dMomentum = -2.71051e-20 8.13152e-20 0
dEnergy = -3.91618e-05
0 -0.951489 0.0328965 0 0.556436 0.323836 0 
1 1.03587 0.0329604 0 0.302683 0.326413 0 
2 -0.0843776 -0.065857 0 -0.859119 -0.650249 0 
dMomentum = -2.1684e-19 2.43945e-19 0
dEnergy = -6.28414e-05
0 -0.92157 0.0488845 0 0.639531 0.313335 0 
1 1.04976 0.0492177 0 0.252581 0.322432 0 
2 -0.128187 -0.0981022 0 -0.892113 -0.635767 0 
dMomentum = -7.31836e-19 1.0842e-19 0
dEnergy = -9.23624e-05
0 -0.887203 0.0641561 0 0.734411 0.294687 0 
1 1.06123 0.0652553 0 0.206122 0.317703 0 
2 -0.174029 -0.129411 0 -0.940533 -0.61239 0 
dMomentum = -4.87891e-19 3.79471e-19 0
dEnergy = -0.000131543
0 -0.847724 0.0782005 0 0.844133 0.263417 0 
1 1.07046 0.0810437 0 0.162698 0.312532 0 
2 -0.222732 -0.159244 0 -1.00683 -0.575948 0 
dMomentum = -6.50521e-19 3.52366e-19 0
dEnergy = -0.000186575
0 -0.802297 0.0902101 0 0.972579 0.211816 0 
1 1.07757 0.0965669 0 0.121772 0.30715 0 
2 -0.275275 -0.186777 0 -1.09435 -0.518966 0 
dMomentum = -1.68051e-18 -5.42101e-20 0
dEnergy = -0.00026763
0 -0.749873 0.0988505 0 1.12401 0.125853 0 
1 1.08269 0.111819 0 0.0828429 0.301735 0 
2 -0.332814 -0.21067 0 -1.20685 -0.427588 0 
dMomentum = -3.68629e-18 -1.0842e-19 0
dEnergy = -0.0003894
0 -0.689236 0.1018 0 1.30008 -0.0213418 0 
1 1.08589 0.126802 0 0.0454112 0.296412 0 
2 -0.396657 -0.228602 0 -1.3455 -0.27507 0 
dMomentum = -5.04154e-18 1.0842e-19 0
dEnergy = -0.000556111
0 -0.619386 0.0948252 0 1.48626 -0.281581 0 
1 1.08725 0.141522 0 0.00893889 0.291245 0 
2 -0.467864 -0.236347 0 -1.4952 -0.00966464 0 
dMomentum = -5.69206e-18 -2.1684e-19 0
dEnergy = -0.000652077
0 -0.541403 0.0703007 0 1.60015 -0.734743 0 
1 1.08679 0.155986 0 -0.027189 0.286193 0 
2 -0.545389 -0.226287 0 -1.57296 0.44855 0 
dMomentum = -5.85469e-18 -8.67362e-19 0
dEnergy = -0.000219833
0 -0.46421 0.0180309 0 1.40631 -1.35683 0 
1 1.08452 0.170196 0 -0.063617 0.281001 0 
2 -0.620308 -0.188226 0 -1.34269 1.07583 0 
dMomentum = -5.69206e-18 2.1684e-19 0
dEnergy = 0.000522777
0 -0.407548 -0.0616691 0 0.821748 -1.74649 0 
1 1.0804 0.184131 0 -0.100677 0.27517 0 
2 -0.672854 -0.122462 0 -0.721071 1.47132 0 
dMomentum = -5.52943e-18 8.67362e-19 0
dEnergy = 0.000638112
0 -0.380893 -0.149668 0 0.281366 -1.71735 0 
1 1.07442 0.19775 0 -0.13805 0.268325 0 
2 -0.693528 -0.0480815 0 -0.143316 1.44903 0 
dMomentum = -5.63785e-18 2.1684e-19 0
dEnergy = 0.000480851
0 -0.375434 -0.231272 0 -0.0294834 -1.53289 0 
1 1.06657 0.211 0 -0.175233 0.260526 0 
2 -0.691135 0.0202712 0 0.204716 1.27236 0 
dMomentum = -5.85469e-18 1.40946e-18 0
dEnergy = 0.00033702
0 -0.381361 -0.303214 0 -0.188865 -1.34293 0 
1 1.05687 0.223842 0 -0.212008 0.252049 0 
2 -0.675504 0.0793715 0 0.400873 1.09088 0 
dMomentum = -5.52943e-18 6.50521e-19 0
dEnergy = 0.000238735
0 -0.393066 -0.366269 0 -0.268974 -1.17931 0 
1 1.04533 0.236248 0 -0.248419 0.243151 0 
2 -0.652262 0.130021 0 0.517393 0.936156 0 
dMomentum = -5.74627e-18 1.0842e-18 0
dEnergy = 0.000172899
0 -0.407631 -0.421809 0 -0.307357 -1.04211 0 
1 1.03197 0.248201 0 -0.284651 0.234019 0 
2 -0.624342 0.173607 0 0.592008 0.808096 0 
dMomentum = -5.74627e-18 6.50521e-19 0
dEnergy = 0.000127264
0 -0.423485 -0.471031 0 -0.322614 -0.926177 0 
1 1.0168 0.259694 0 -0.320952 0.224776 0 
2 -0.593317 0.211337 0 0.643565 0.701402 0 
dMomentum = -6.72205e-18 1.0842e-19 0
dEnergy = 9.41207e-05
0 -0.439734 -0.514874 0 -0.324341 -0.826616 0 
1 0.999804 0.270722 0 -0.357606 0.2155 0 
2 -0.56007 0.244151 0 0.681947 0.611116 0 
dMomentum = -6.61363e-18 6.50521e-19 0
dEnergy = 6.88309e-05
0 -0.455846 -0.554058 0 -0.317769 -0.739664 0 
1 0.980955 0.281286 0 -0.394926 0.20624 0 
2 -0.525109 0.272772 0 0.712695 0.533425 0 
dMomentum = -6.39679e-18 2.1684e-19 0
dEnergy = 4.8564e-05
0 -0.471455 -0.589077 0 -0.305919 -0.66268 0 
1 0.960255 0.291368 0 -0.433182 0.197043 0 
2 -0.4888 0.29771 0 0.739101 0.465637 0 
dMomentum = -6.93889e-18 4.33681e-19 0
dEnergy = 3.13997e-05
0 -0.486379 -0.620448 0 -0.290564 -0.593431 0 
1 0.937609 0.300991 0 -0.47284 0.18791 0 
2 -0.451231 0.319457 0 0.763404 0.405521 0 
dMomentum = -8.67362e-18 3.25261e-19 0
dEnergy = 1.60176e-05
0 -0.50047 -0.648517 0 -0.272802 -0.530383 0 
1 0.912936 0.310159 0 -0.51436 0.178851 0 
2 -0.412466 0.338358 0 0.787162 0.351532 0 
dMomentum = -8.67362e-18 -2.71051e-19 0
dEnergy = 1.3676e-06
0 -0.513629 -0.673564 0 -0.253329 -0.472372 0 
1 0.886129 0.318876 0 -0.558303 0.169879 0 
2 -0.3725 0.354687 0 0.811632 0.302493 0 
dMomentum = -9.1073e-18 -2.1684e-19 0
dEnergy = -1.35243e-05
0 -0.52578 -0.695817 0 -0.232593 -0.418496 0 
1 0.857049 0.327148 0 -0.605376 0.161006 0 
2 -0.331269 0.36867 0 0.837969 0.25749 0 
dMomentum = -8.78204e-18 5.42101e-20 0
dEnergy = -2.97397e-05
0 -0.53687 -0.715465 0 -0.210885 -0.368045 0 
1 0.825519 0.334978 0 -0.65651 0.152257 0 
2 -0.288649 0.380487 0 0.867395 0.215788 0 
dMomentum = -9.32414e-18 1.6263e-19 0
dEnergy = -4.87101e-05
0 -0.546853 -0.732664 0 -0.188392 -0.320451 0 
1 0.791304 0.342375 0 -0.712978 0.143674 0 
2 -0.244451 0.390289 0 0.901369 0.176777 0 
dMomentum = -8.99888e-18 1.6263e-19 0
dEnergy = -7.26339e-05
0 -0.555695 -0.747546 0 -0.165231 -0.275249 0 
1 0.754096 0.349349 0 -0.776603 0.135332 0 
2 -0.198401 0.398197 0 0.941834 0.139917 0 
dMomentum = -8.67362e-18 2.71051e-19 0
dEnergy = -0.000105346
0 -0.563364 -0.760218 0 -0.141475 -0.232054 0 
1 0.713473 0.355914 0 -0.850153 0.127367 0 
2 -0.150108 0.404304 0 0.991627 0.104687 0 
dMomentum = -7.80626e-18 4.33681e-19 0
dEnergy = -0.000154411
0 -0.569831 -0.770775 0 -0.117159 -0.19054 0 
1 0.668834 0.362095 0 -0.938126 0.120044 0 
2 -0.0990031 0.408679 0 1.05529 0.0704965 0 
dMomentum = -6.83047e-18 4.33681e-19 0
dEnergy = -0.000237074
0 -0.575069 -0.779292 0 -0.0923015 -0.150425 0 
1 0.61928 0.367937 0 -1.04855 0.113897 0 
2 -0.0442113 0.411355 0 1.14085 0.036528 0 
dMomentum = -6.93889e-18 4.33681e-19 0
dEnergy = -0.000401399
0 -0.57905 -0.785832 0 -0.066902 -0.111457 0 
1 0.56333 0.373524 0 -1.19784 0.110161 0 
2 0.01572 0.412309 0 1.26474 0.00129558 0 
dMomentum = -6.72205e-18 5.96311e-19 0
dEnergy = -0.000833845
0 -0.581747 -0.790449 0 -0.0409569 -0.0733993 0 
1 0.498177 0.379048 0 -1.4278 0.112358 0 
2 0.0835703 0.411401 0 1.46875 -0.0389588 0 
dMomentum = -6.50521e-18 6.50521e-19 0
dEnergy = -0.00303044
0 -0.583134 -0.79318 0 -0.0144702 -0.03602 0 
1 0.416727 0.385092 0 -1.90636 0.136719 0 
2 0.166407 0.408088 0 1.92083 -0.100699 0 
dMomentum = -5.85469e-18 1.51788e-18 0
dEnergy = -5.55826
0 -0.583183 -0.794054 0 0.0124967 0.000951306 0 
1 0.265155 0.418779 0 -2.15433 2.0327 0 
2 0.318029 0.375275 0 2.14183 -2.03365 0 
dMomentum = -6.451e-18 9.75782e-19 0
dEnergy = -5.6216
0 -0.581881 -0.793084 0 0.0395638 0.0377609 0 
1 0.230697 0.455413 0 0.0992055 -0.0180681 0 
2 0.351184 0.337671 0 -0.138769 -0.0196928 0 
dMomentum = -8.0231e-18 1.73472e-18 0
dEnergy = -6.10799
0 -0.579222 -0.79027 0 0.0667822 0.0748005 0 
1 0.279891 0.407759 0 3.35602 -3.71004 0 
2 0.299331 0.382511 0 -3.4228 3.63524 0 
dMomentum = -1.51788e-17 -3.46945e-18 0
dEnergy = 666.367
0 -0.575117 -0.785717 0 0.0988344 0.102168 0 
1 0.706153 -0.775023 0 8.64919 -24.3541 0 
2 -0.131036 1.56074 0 -8.74802 24.2519 0 
dMomentum = -1.34441e-17 2.08167e-17 0
dEnergy = 666.366
0 -0.569594 -0.780565 0 0.118092 0.102202 0 
1 1.13801 -1.99249 0 8.62914 -24.3445 0 
2 -0.568416 2.77305 0 -8.74724 24.2423 0 
dMomentum = -1.9082e-17 3.29597e-17 0
dEnergy = 666.366
0 -0.563529 -0.775512 0 0.123477 0.100166 0 
1 1.56929 -3.20954 0 8.62319 -24.3383 0 
2 -1.00576 3.98505 0 -8.74666 24.2381 0 
dMomentum = -6.50521e-18 5.20417e-17 0
dEnergy = 666.366
0 -0.5573 -0.770532 0 0.125411 0.0991579 0 
1 2.00038 -4.42636 0 8.62083 -24.3349 0 
2 -1.44308 5.19689 0 -8.74624 24.2358 0 
dMomentum = -1.21431e-17 3.1225e-17 0
dEnergy = 666.366
0 -0.551005 -0.765588 0 0.126299 0.0986374 0 
1 2.43139 -5.64306 0 8.61963 -24.3329 0 
2 -1.88039 6.40864 0 -8.74592 24.2343 0 
dMomentum = -1.12757e-17 2.08167e-17 0
dEnergy = 666.366
0 -0.544677 -0.760664 0 0.126776 0.0983411 0 
1 2.86236 -6.85967 0 8.61891 -24.3316 0 
2 -2.31768 7.62033 0 -8.74568 24.2333 0 
dMomentum = -3.46945e-18 4.33681e-17 0
dEnergy = 666.366
0 -0.53833 -0.755752 0 0.12706 0.0981581 0 
1 3.29329 -8.07623 0 8.61843 -24.3307 0 
2 -2.75496 8.83198 0 -8.74549 24.2325 0 
dMomentum = -7.80626e-18 5.0307e-17 0
dEnergy = 666.366
0 -0.531972 -0.750847 0 0.127242 0.0980379 0 
1 3.7242 -9.29274 0 8.6181 -24.33 0 
2 -3.19223 10.0436 0 -8.74534 24.232 0 
dMomentum = 8.67362e-19 5.0307e-17 0
dEnergy = 666.366
0 -0.525607 -0.745948 0 0.127366 0.0979549 0 
1 4.1551 -10.5092 0 8.61785 -24.3295 0 
2 -3.62949 11.2552 0 -8.74522 24.2315 0 
dMomentum = 1.04083e-17 5.72459e-17 0
dEnergy = 666.366
0 -0.519236 -0.741051 0 0.127454 0.0978953 0 
1 4.58599 -11.7257 0 8.61766 -24.329 0 
2 -4.06675 12.4667 0 -8.74511 24.2311 0 
dMomentum = 1.04083e-17 5.20417e-17 0
dEnergy = 666.366
0 -0.512862 -0.736158 0 0.127518 0.0978512 0 
1 5.01687 -12.9421 0 8.61751 -24.3287 0 
2 -4.504 13.6783 0 -8.74503 24.2308 0 
dMomentum = 3.46945e-18 1.56125e-17 0
dEnergy = 666.366
0 -0.506485 -0.731266 0 0.127566 0.0978176 0 
1 5.44774 -14.1586 0 8.61739 -24.3284 0 
2 -4.94125 14.8898 0 -8.74495 24.2306 0 
dMomentum = 4.33681e-18 1.21431e-17 0
dEnergy = 666.366
0 -0.500105 -0.726376 0 0.127603 0.0977915 0 
1 5.8786 -15.375 0 8.61728 -24.3282 0 
2 -5.3785 16.1014 0 -8.74489 24.2304 0 
dMomentum = 1.38778e-17 3.29597e-17 0
dEnergy = 666.366
0 -0.493724 -0.721487 0 0.127633 0.0977707 0 
1 6.30947 -16.5914 0 8.6172 -24.328 0 
2 -5.81574 17.3129 0 -8.74483 24.2302 0 
dMomentum = 1.51788e-17 5.20417e-17 0
dEnergy = 666.366
0 -0.487342 -0.716599 0 0.127656 0.0977541 0 
1 6.74032 -17.8078 0 8.61712 -24.3278 0 
2 -6.25298 18.5244 0 -8.74478 24.23 0 
dMomentum = 1.64799e-17 6.245e-17 0
dEnergy = 666.366
0 -0.480959 -0.711711 0 0.127675 0.0977404 0 
1 7.17118 -19.0242 0 8.61706 -24.3276 0 
2 -6.69022 19.7359 0 -8.74474 24.2299 0 
dMomentum = 1.56125e-17 5.72459e-17 0
dEnergy = 666.366
0 -0.474575 -0.706825 0 0.127691 0.0977291 0 
1 7.60203 -20.2405 0 8.61701 -24.3275 0 
2 -7.12746 20.9474 0 -8.7447 24.2298 0 
dMomentum = 1.21431e-17 5.20417e-17 0
dEnergy = 666.366
0 -0.46819 -0.701939 0 0.127704 0.0977197 0 
1 8.03288 -21.4569 0 8.61696 -24.3274 0 
2 -7.56469 22.1588 0 -8.74466 24.2297 0 
dMomentum = 1.77809e-17 2.42861e-17 0
dEnergy = 666.366
0 -0.461804 -0.697053 0 0.127714 0.0977118 0 
1 8.46373 -22.6733 0 8.61691 -24.3273 0 
2 -8.00192 23.3703 0 -8.74463 24.2296 0 
dMomentum = 2.0383e-17 2.42861e-17 0
dEnergy = 666.366
0 -0.455419 -0.692167 0 0.127724 0.097705 0 
1 8.89457 -23.8896 0 8.61688 -24.3272 0 
2 -8.43915 24.5818 0 -8.7446 24.2295 0 
dMomentum = 1.38778e-17 0 0
dEnergy = 666.366
0 -0.449032 -0.687282 0 0.127731 0.0976992 0 
1 9.32541 -25.106 0 8.61684 -24.3271 0 
2 -8.87638 25.7933 0 -8.74457 24.2294 0 
dMomentum = 9.1073e-18 3.98986e-17 0
dEnergy = 666.366
0 -0.442645 -0.682397 0 0.127738 0.0976941 0 
1 9.75626 -26.3223 0 8.61681 -24.327 0 
2 -9.31361 27.0047 0 -8.74455 24.2293 0 
dMomentum = 6.93889e-18 2.08167e-17 0
dEnergy = 666.366
0 -0.436258 -0.677513 0 0.127744 0.0976897 0 
1 10.1871 -27.5387 0 8.61678 -24.3269 0 
2 -9.75084 28.2162 0 -8.74453 24.2292 0 
dMomentum = -1.17094e-17 2.94903e-17 0
dEnergy = 666.366
0 -0.429871 -0.672628 0 0.127749 0.0976859 0 
1 10.6179 -28.755 0 8.61676 -24.3269 0 
2 -10.1881 29.4277 0 -8.74451 24.2292 0 
dMomentum = -1.99493e-17 1.73472e-17 0
dEnergy = 666.366
0 -0.423483 -0.667744 0 0.127753 0.0976825 0 
1 11.0488 -29.9714 0 8.61673 -24.3268 0 
2 -10.6253 30.6391 0 -8.74449 24.2291 0 
dMomentum = -2.12504e-17 1.21431e-17 0
dEnergy = 666.366
0 -0.417096 -0.66286 0 0.127757 0.0976796 0 
1 11.4796 -31.1877 0 8.61671 -24.3268 0 
2 -11.0625 31.8506 0 -8.74447 24.2291 0 
dMomentum = -2.60209e-17 0 0
dEnergy = 666.366
0 -0.410708 -0.657976 0 0.127761 0.0976769 0 
1 11.9104 -32.4041 0 8.61669 -24.3267 0 
2 -11.4997 33.062 0 -8.74445 24.229 0 
dMomentum = -1.73472e-17 1.04083e-17 0
dEnergy = 666.366
0 -0.40432 -0.653092 0 0.127764 0.0976745 0 
1 12.3413 -33.6204 0 8.61667 -24.3267 0 
2 -11.937 34.2735 0 -8.74444 24.229 0 
dMomentum = -1.86483e-17 1.73472e-17 0
dEnergy = 666.366
0 -0.397931 -0.648209 0 0.127766 0.0976724 0 
1 12.7721 -34.8367 0 8.61666 -24.3266 0 
2 -12.3742 35.4849 0 -8.74442 24.2289 0 
dMomentum = -1.51788e-17 0 0
dEnergy = 666.366
0 -0.391543 -0.643325 0 0.127769 0.0976705 0 
1 13.2029 -36.053 0 8.61664 -24.3266 0 
2 -12.8114 36.6964 0 -8.74441 24.2289 0 
dMomentum = -1.25767e-17 -2.08167e-17 0
dEnergy = 666.366
0 -0.385154 -0.638442 0 0.127771 0.0976688 0 
1 13.6338 -37.2694 0 8.61663 -24.3265 0 
2 -13.2486 37.9078 0 -8.7444 24.2289 0 
dMomentum = -1.12757e-17 -4.85723e-17 0
dEnergy = 666.366
0 -0.378766 -0.633558 0 0.127773 0.0976672 0 
1 14.0646 -38.4857 0 8.61661 -24.3265 0 
2 -13.6858 39.1193 0 -8.74439 24.2288 0 
dMomentum = 1.77809e-17 -5.37764e-17 0
dEnergy = 666.366
0 -0.372377 -0.628675 0 0.127775 0.0976658 0 
1 14.4954 -39.702 0 8.6166 -24.3265 0 
2 -14.1231 40.3307 0 -8.74437 24.2288 0 
dMomentum = 2.73219e-17 -5.37764e-17 0
dEnergy = 666.366
0 -0.365988 -0.623792 0 0.127776 0.0976646 0 
1 14.9263 -40.9183 0 8.61659 -24.3264 0 
2 -14.5603 41.5421 0 -8.74436 24.2288 0 
dMomentum = 3.29597e-17 -2.25514e-17 0
dEnergy = 666.366
0 -0.3596 -0.618909 0 0.127778 0.0976634 0 
1 15.3571 -42.1347 0 8.61658 -24.3264 0 
2 -14.9975 42.7536 0 -8.74435 24.2287 0 
dMomentum = 2.60209e-17 -2.94903e-17 0
dEnergy = 666.366
0 -0.353211 -0.614025 0 0.127779 0.0976623 0 
1 15.7879 -43.351 0 8.61657 -24.3264 0 
2 -15.4347 43.965 0 -8.74434 24.2287 0 
dMomentum = 2.9924e-17 -1.56125e-17 0
dEnergy = 666.366
0 -0.346822 -0.609142 0 0.12778 0.0976613 0 
1 16.2188 -44.5673 0 8.61656 -24.3263 0 
2 -15.8719 45.1764 0 -8.74434 24.2287 0 
dMomentum = 2.47198e-17 -5.20417e-18 0
dEnergy = 666.366
0 -0.340433 -0.604259 0 0.127781 0.0976604 0 
1 16.6496 -45.7836 0 8.61655 -24.3263 0 
2 -16.3091 46.3879 0 -8.74433 24.2286 0 
