dMomentum = 0 0 0
dEnergy = 0
0 -1 0 0 0.392955 0.0975792 0 
1 1 0 0 0.392955 0.0975792 0 
2 0 0 0 -0.78591 -0.195158 0 
dMomentum = -3.25261e-19 1.35525e-20 0
dEnergy = -2.81893e-18
0 -0.978692 0.00488199 0 0.458796 0.0971635 0 
1 1.01816 0.00488309 0 0.333073 0.0972513 0 
2 -0.0394733 -0.00976508 0 -0.791869 -0.194415 0 
dMomentum = -5.69206e-19 -2.98156e-19 0
dEnergy = -1.12757e-17
0 -0.953901 0.00971793 0 0.532313 0.0956724 0 
1 1.03345 0.00973585 0 0.277933 0.0963988 0 
2 -0.079552 -0.0194538 0 -0.810246 -0.192071 0 
dMomentum = -2.23617e-18 0 0
dEnergy = -3.57787e-17
0 -0.925184 0.0144417 0 0.616048 0.0925734 0 
1 1.04608 0.0145361 0 0.226644 0.0951749 0 
2 -0.120894 -0.0289778 0 -0.842691 -0.187748 0 
dMomentum = -7.72494e-19 3.65918e-19 0
dEnergy = -1.16877e-16
0 -0.891937 0.018952 0 0.713986 0.0869472 0 
1 1.05622 0.0192681 0 0.178524 0.0936924 0 
2 -0.164278 -0.0382201 0 -0.89251 -0.18064 0 
dMomentum = -2.71051e-20 5.89535e-19 0
dEnergy = -4.15249e-16
0 -0.853296 0.0230835 0 0.832878 0.077054 0 
1 1.06401 0.0239212 0 0.13304 0.092039 0 
2 -0.210714 -0.0470047 0 -0.965918 -0.169093 0 
dMomentum = -2.35814e-18 5.38713e-19 0
dEnergy = -1.79869e-15
0 -0.807927 0.0265418 0 0.98547 0.059149 0 
1 1.06958 0.0284888 0 0.089754 0.0902879 0 
2 -0.261655 -0.0550305 0 -1.07522 -0.149437 0 
dMomentum = -3.93023e-18 2.77827e-19 0
dEnergy = -1.12753e-14
0 -0.753537 0.0287227 0 1.20022 0.0234053 0 
1 1.07303 0.0329675 0 0.0482878 0.0885042 0 
2 -0.319497 -0.0616902 0 -1.2485 -0.11191 0 
dMomentum = -5.09575e-18 3.52366e-19 0
dEnergy = -1.6401e-13
0 -0.685318 0.0280377 0 1.56276 -0.0671787 0 
1 1.07445 0.0373574 0 0.0082855 0.0867513 0 
2 -0.389128 -0.0653951 0 -1.57105 -0.0195726 0 
dMomentum = -8.0231e-18 5.42101e-19 0
dEnergy = -2.21659e-11
0 -0.587098 0.0164559 0 2.64304 -0.610422 0 
1 1.07388 0.0416616 0 -0.0306565 0.0850965 0 
2 -0.486784 -0.0581175 0 -2.61238 0.525326 0 
dMomentum = -1.06252e-17 3.46945e-18 0
dEnergy = -5.08686e-12
0 -0.602334 -0.0859942 0 -1.95767 -0.883463 0 
1 1.07138 0.045886 0 -0.0692785 0.0835549 0 
2 -0.469045 0.0401082 0 2.02695 0.799909 0 
dMomentum = -9.32414e-18 3.95734e-18 0
dEnergy = -7.03901e-14
0 -0.682278 -0.115874 0 -1.34417 -0.425605 0 
1 1.06693 0.0500369 0 -0.108611 0.0821821 0 
2 -0.38465 0.0658368 0 1.45278 0.343422 0 
dMomentum = -1.06252e-17 4.22839e-18 0
dEnergy = -5.90348e-15
0 -0.742036 -0.133053 0 -1.06619 -0.278634 0 
1 1.06047 0.0541238 0 -0.149294 0.0809973 0 
2 -0.318439 0.0789293 0 1.21548 0.197636 0 
dMomentum = -7.37257e-18 4.33681e-18 0
dEnergy = -4.48426e-16
0 -0.790691 -0.144874 0 -0.886515 -0.19979 0 
1 1.05194 0.0581554 0 -0.191774 0.0799666 0 
2 -0.261247 0.0867188 0 1.07829 0.119823 0 
dMomentum = -4.22839e-18 4.06576e-18 0
dEnergy = 4.70544e-16
0 -0.831619 -0.153522 0 -0.752889 -0.14858 0 
1 1.04122 0.0621384 0 -0.236494 0.0790549 0 
2 -0.209602 0.0913837 0 0.989383 0.0695256 0 
dMomentum = -3.03577e-18 4.0251e-18 0
dEnergy = 6.87601e-16
0 -0.866567 -0.159999 0 -0.645662 -0.111752 0 
1 1.0282 0.066078 0 -0.283955 0.0782247 0 
2 -0.16163 0.0939206 0 0.929617 0.0335274 0 
dMomentum = -3.25261e-18 4.05221e-18 0
dEnergy = 7.52436e-16
0 -0.896596 -0.164862 0 -0.555423 -0.0835347 0 
1 1.01271 0.0699772 0 -0.334765 0.0774346 0 
2 -0.116117 0.0948849 0 0.890188 0.00610017 0 
dMomentum = -3.68629e-18 3.7405e-18 0
dEnergy = 7.7347e-16
0 -0.922416 -0.168462 0 -0.476966 -0.0609653 0 
1 0.994584 0.0738368 0 -0.3897 0.0766344 0 
2 -0.0721683 0.0946256 0 0.866666 -0.0156691 0 
dMomentum = -2.71051e-18 3.7405e-18 0
dEnergy = 7.75638e-16
0 -0.944531 -0.171036 0 -0.407124 -0.0423457 0 
1 0.973579 0.0776548 0 -0.44979 0.0757591 0 
2 -0.0290478 0.0933817 0 0.856914 -0.0334134 0 
dMomentum = -2.92735e-18 3.82181e-18 0
dEnergy = 7.67832e-16
0 -0.963319 -0.172754 0 -0.343828 -0.0266227 0 
1 0.949406 0.0814251 0 -0.516461 0.0747168 0 
2 0.013913 0.0913285 0 0.860288 -0.0480941 0 
dMomentum = -5.74627e-18 3.93023e-18 0
dEnergy = 7.4398e-16
0 -0.979068 -0.173741 0 -0.285653 -0.0131023 0 
1 0.921686 0.0851363 0 -0.591772 0.0733679 0 
2 0.0573821 0.0886044 0 0.877425 -0.0602656 0 
dMomentum = -5.74627e-18 4.11997e-18 0
dEnergy = 6.73073e-16
0 -0.991986 -0.174095 0 -0.231682 -0.00132612 0 
1 0.889982 0.0887605 0 -0.678678 0.0714857 0 
2 0.102004 0.0853345 0 0.910359 -0.0701595 0 
dMomentum = -5.85469e-18 4.33003e-18 0
dEnergy = 4.43872e-16
0 -1.00229 -0.173896 0 -0.181034 0.00908036 0 
1 0.853539 0.0922692 0 -0.782425 0.0686497 0 
2 0.148752 0.0816269 0 0.963459 -0.07773 0 
dMomentum = -7.58942e-18 4.28937e-18 0
dEnergy = -4.66857e-16
0 -1.01014 -0.173205 0 -0.133124 0.0183782 0 
1 0.811311 0.0955959 0 -0.912178 0.0640033 0 
2 0.198824 0.0776096 0 1.0453 -0.0823815 0 
dMomentum = -5.20417e-18 4.10642e-18 0
dEnergy = -5.46243e-15
0 -1.01564 -0.172073 0 -0.0874802 0.0267746 0 
1 0.761587 0.0986066 0 -1.08684 0.055469 0 
2 0.254055 0.0734667 0 1.17432 -0.0822435 0 
dMomentum = -8.89046e-18 4.08609e-18 0
dEnergy = -5.7752e-14
0 -1.01891 -0.17054 0 -0.0437025 0.0344456 0 
1 0.701113 0.100977 0 -1.35558 0.036403 0 
2 0.317801 0.0695634 0 1.39929 -0.0708487 0 
dMomentum = -8.23994e-18 4.20128e-18 0
dEnergy = -3.22444e-12
0 -1.02004 -0.168638 0 -0.00141453 0.0415599 0 
1 0.621443 0.10154 0 -1.92843 -0.0319744 0 
2 0.398594 0.0670985 0 1.92984 -0.00958549 0 
dMomentum = -1.32273e-17 2.1684e-19 0
dEnergy = 0.031294
0 -1.01907 -0.16639 0 0.0398742 0.0483414 0 
1 0.554596 0.0619915 0 2.95888 -0.716361 0 
2 0.464477 0.104398 0 -2.99876 0.66802 0 
dMomentum = -7.75205e-18 -1.0842e-19 0
dEnergy = 0.031294
0 -1.01604 -0.163799 0 0.0815544 0.0553592 0 
1 0.655676 0.0439334 0 1.56017 -0.22148 0 
2 0.360365 0.119866 0 -1.64173 0.166121 0 
dMomentum = -7.42678e-18 -2.43945e-19 0
dEnergy = 0.031294
0 -1.01089 -0.160844 0 0.124617 0.062958 0 
1 0.723335 0.0351854 0 1.19 -0.1414 0 
2 0.287559 0.125659 0 -1.31462 0.0784415 0 
dMomentum = -2.35814e-18 -4.06576e-19 0
dEnergy = 0.031294
0 -1.00355 -0.157492 0 0.169568 0.0712775 0 
1 0.77717 0.0291146 0 0.978295 -0.10515 0 
2 0.226378 0.128377 0 -1.14786 0.0338729 0 
dMomentum = -3.46945e-18 -5.82759e-19 0
dEnergy = 0.031294
0 -0.993898 -0.153702 0 0.216906 0.0804584 0 
1 0.822193 0.0244276 0 0.829884 -0.0839491 0 
2 0.171705 0.129275 0 -1.04679 0.00349066 0 
dMomentum = -5.82759e-18 -6.77626e-19 0
dEnergy = 0.031294
0 -0.981809 -0.149429 0 0.267212 0.0906705 0 
1 0.86071 0.0206018 0 0.715027 -0.0699501 0 
2 0.121098 0.128827 0 -0.982239 -0.0207204 0 
dMomentum = -5.71917e-18 -7.45389e-19 0
dEnergy = 0.031294
0 -0.967115 -0.144614 0 0.321202 0.102134 0 
1 0.894036 0.0173651 0 0.620768 -0.0600479 0 
2 0.0730792 0.127249 0 -0.941969 -0.0420858 0 
dMomentum = -6.34258e-18 -8.94467e-19 0
dEnergy = 0.031294
0 -0.949611 -0.13919 0 0.379817 0.115147 0 
1 0.923016 0.014554 0 0.540354 -0.052744 0 
2 0.0265954 0.124635 0 -0.92017 -0.0624029 0 
dMomentum = -4.87891e-18 -6.1664e-19 0
dEnergy = 0.031294
0 -0.929035 -0.133067 0 0.444339 0.130133 0 
1 0.948236 0.0120612 0 0.469837 -0.0472191 0 
2 -0.0192002 0.121006 0 -0.914177 -0.0829134 0 
dMomentum = -5.9089e-18 -1.89735e-19 0
dEnergy = 0.031294
0 -0.905049 -0.126133 0 0.516608 0.147715 0 
1 0.970123 0.00981072 0 0.406716 -0.042985 0 
2 -0.0650737 0.116322 0 -0.923324 -0.10473 0 
dMomentum = -5.01444e-18 -4.20128e-19 0
dEnergy = 0.031294
0 -0.8772 -0.118236 0 0.599392 0.168865 0 
1 0.989002 0.00774641 0 0.349303 -0.0397312 0 
2 -0.111802 0.11049 0 -0.948695 -0.129134 0 
dMomentum = -3.44234e-18 -1.21973e-19 0
dEnergy = 0.031294
0 -0.844862 -0.109161 0 0.697162 0.195204 0 
1 1.00513 0.00582474 0 0.296403 -0.0372508 0 
2 -0.160266 0.103336 0 -0.993565 -0.157953 0 
dMomentum = -5.42101e-18 -3.52366e-19 0
dEnergy = 0.031294
0 -0.807107 -0.0985816 0 0.817804 0.229699 0 
1 1.0187 0.00401085 0 0.247134 -0.0354001 0 
2 -0.211596 0.0945707 0 -1.06494 -0.194299 0 
dMomentum = -5.3668e-18 9.48677e-20 0
dEnergy = 0.031294
0 -0.762446 -0.0859555 0 0.977191 0.278596 0 
1 1.02989 0.00227598 0 0.200812 -0.0340752 0 
2 -0.267444 0.0836795 0 -1.178 -0.244521 0 
dMomentum = -1.16552e-17 6.23416e-19 0
dEnergy = 0.031294
0 -0.708123 -0.0702252 0 1.21487 0.358405 0 
1 1.03882 0.000595889 0 0.156882 -0.0331976 0 
2 -0.3307 0.0696293 0 -1.37175 -0.325208 0 
dMomentum = -1.12757e-17 -2.71051e-20 0
dEnergy = 0.031294
0 -0.637421 -0.0485868 0 1.6833 0.539275 0 
1 1.04561 -0.00105014 0 0.114851 -0.0327023 0 
2 -0.408189 0.0496369 0 -1.79815 -0.506572 0 
dMomentum = -1.9082e-17 -3.14419e-18 0
dEnergy = -3.6251
0 -0.551993 0.0117284 0 -3.6177 0.453606 0 
1 1.05033 -0.00267955 0 0.0741795 -0.0325155 0 
2 -0.498339 -0.00904883 0 3.54352 -0.42109 0 
dMomentum = -2.40693e-17 -3.1984e-18 0
dEnergy = -3.6251
0 -0.630298 0.0084685 0 -0.651466 -0.190796 0 
1 1.05303 -0.00430304 0 0.033714 -0.0324158 0 
2 -0.422732 -0.00416546 0 0.617752 0.223212 0 
dMomentum = -2.39067e-17 -3.7405e-18 0
dEnergy = -3.6251
0 -0.636571 -0.00175075 0 0.38229 -0.199974 0 
1 1.0537 -0.00591945 0 -0.0069236 -0.03222 0 
2 -0.417129 0.0076702 0 -0.375366 0.232194 0 
dMomentum = -2.90566e-17 -3.34747e-18 0
dEnergy = -3.6251
0 -0.584019 -0.00868915 0 2.04424 0.0107217 0 
1 1.05234 -0.00752323 0 -0.0473911 -0.0319198 0 
2 -0.468322 0.0162124 0 -1.99684 0.0211981 0 
dMomentum = -1.82146e-17 -4.98733e-18 0
dEnergy = 36.957
0 -0.699199 0.135401 0 -4.99312 3.64129 0 
1 1.04896 -0.00911344 0 -0.0879074 -0.0318538 0 
2 -0.349765 -0.126288 0 5.08103 -3.60943 0 
dMomentum = -1.25767e-17 2.1684e-19 0
dEnergy = 36.957
0 -0.94568 0.315342 0 -4.89165 3.57484 0 
1 1.04349 -0.0107641 0 -0.13185 -0.035196 0 
2 -0.0978122 -0.304578 0 5.0235 -3.53965 0 
dMomentum = -1.95156e-17 -2.1684e-18 0
dEnergy = 36.957
0 -1.18932 0.493546 0 -4.85779 3.55587 0 
1 1.03567 -0.0127984 0 -0.182389 -0.0485708 0 
2 0.153652 -0.480748 0 5.04018 -3.5073 0 
dMomentum = -2.77556e-17 -9.54098e-18 0
dEnergy = 36.957
0 -1.43169 0.671071 0 -4.83869 3.54597 0 
1 1.02519 -0.0159369 0 -0.23622 -0.0806797 0 
2 0.406502 -0.655134 0 5.07491 -3.46529 0 
dMomentum = -1.56125e-17 -1.45283e-17 0
dEnergy = 36.957
0 -1.67329 0.848198 0 -4.82581 3.53948 0 
1 1.01223 -0.0212093 0 -0.27898 -0.132604 0 
2 0.661059 -0.826989 0 5.10479 -3.40687 0 
dMomentum = -3.03577e-18 -1.77809e-17 0
dEnergy = 36.957
0 -1.91433 1.02505 0 -4.81634 3.53471 0 
1 0.997686 -0.0292594 0 -0.298927 -0.18832 0 
2 0.916645 -0.995788 0 5.11526 -3.34639 0 
dMomentum = -7.80626e-18 -1.0842e-17 0
dEnergy = 36.957
0 -2.15496 1.20169 0 -4.80899 3.53097 0 
1 0.982627 -0.0398348 0 -0.301491 -0.232213 0 
2 1.17233 -1.16185 0 5.11048 -3.29876 0 
dMomentum = -1.60462e-17 -8.67362e-18 0
dEnergy = 36.957
0 -2.39525 1.37816 0 -4.80311 3.52792 0 
1 0.967652 -0.0522455 0 -0.296965 -0.262167 0 
2 1.4276 -1.32591 0 5.10007 -3.26575 0 
dMomentum = -1.77809e-17 -1.04083e-17 0
dEnergy = 36.957
0 -2.63528 1.55449 0 -4.79827 3.52536 0 
1 0.952954 -0.0658831 0 -0.290923 -0.281988 0 
2 1.68233 -1.4886 0 5.08919 -3.24337 0 
dMomentum = -1.34441e-17 -1.53957e-17 0
dEnergy = 36.957
0 -2.87509 1.7307 0 -4.79423 3.52317 0 
1 0.938552 -0.080337 0 -0.285292 -0.295326 0 
2 1.93654 -1.65036 0 5.07952 -3.22784 0 
dMomentum = -1.12757e-17 -1.9082e-17 0
dEnergy = 36.957
0 -3.11472 1.90681 0 -4.79079 3.52127 0 
1 0.92441 -0.0953481 0 -0.280527 -0.30458 0 
2 2.19031 -1.81146 0 5.07131 -3.21669 0 
dMomentum = -7.37257e-18 -1.71304e-17 0
dEnergy = 36.957
0 -3.35418 2.08283 0 -4.78783 3.5196 0 
1 0.910485 -0.110752 0 -0.276611 -0.311207 0 
2 2.4437 -1.97208 0 5.06444 -3.20839 0 
dMomentum = -7.80626e-18 -1.53957e-17 0
dEnergy = 36.957
0 -3.59351 2.25877 0 -4.78526 3.51812 0 
1 0.896737 -0.12644 0 -0.273411 -0.316091 0 
2 2.69677 -2.13233 0 5.05867 -3.20203 0 
dMomentum = -1.9082e-17 -1.9082e-17 0
dEnergy = 36.957
0 -3.83271 2.43464 0 -4.783 3.5168 0 
1 0.883134 -0.142341 0 -0.270788 -0.319782 0 
2 2.94958 -2.2923 0 5.05379 -3.19702 0 
dMomentum = -1.86483e-17 -1.40946e-17 0
dEnergy = 36.957
0 -4.07181 2.61045 0 -4.781 3.51562 0 
1 0.869651 -0.158404 0 -0.268622 -0.322632 0 
2 3.20216 -2.45205 0 5.04962 -3.19299 0 
dMomentum = 9.1073e-18 -1.88651e-17 0
dEnergy = 36.957
0 -4.31082 2.78621 0 -4.77922 3.51455 0 
1 0.856266 -0.174594 0 -0.266816 -0.324873 0 
2 3.45455 -2.61161 0 5.04604 -3.18967 0 
dMomentum = 1.21431e-17 -1.43115e-17 0
dEnergy = 36.957
0 -4.54974 2.96191 0 -4.77763 3.51357 0 
1 0.842964 -0.190884 0 -0.265299 -0.326664 0 
2 3.70677 -2.77103 0 5.04293 -3.18691 0 
dMomentum = 6.50521e-18 -1.23599e-17 0
dEnergy = 36.957
0 -4.78858 3.13757 0 -4.77619 3.51268 0 
1 0.829732 -0.207255 0 -0.264012 -0.328115 0 
2 3.95885 -2.93031 0 5.0402 -3.18457 0 
dMomentum = 1.73472e-17 -6.07153e-18 0
dEnergy = 36.957
0 -5.02736 3.31318 0 -4.77489 3.51187 0 
1 0.81656 -0.223691 0 -0.262912 -0.329305 0 
2 4.2108 -3.08949 0 5.0378 -3.18256 0 
dMomentum = 2.08167e-17 -1.12757e-17 0
dEnergy = 36.957
0 -5.26607 3.48875 0 -4.7737 3.51112 0 
1 0.803439 -0.240182 0 -0.261963 -0.330291 0 
2 4.46263 -3.24857 0 5.03566 -3.18083 0 
dMomentum = 8.67362e-18 -1.34441e-17 0
dEnergy = 36.957
0 -5.50473 3.66429 0 -4.77262 3.51043 0 
1 0.790361 -0.256718 0 -0.26114 -0.331116 0 
2 4.71437 -3.40757 0 5.03376 -3.17931 0 
dMomentum = 8.23994e-18 -1.43115e-17 0
dEnergy = 36.957
0 -5.74333 3.8398 0 -4.77162 3.50979 0 
1 0.777323 -0.273291 0 -0.260422 -0.331811 0 
2 4.96601 -3.56651 0 5.03204 -3.17798 0 
dMomentum = -3.03577e-18 -1.19262e-17 0
dEnergy = 36.957
0 -5.98189 4.01527 0 -4.7707 3.50919 0 
1 0.764318 -0.289897 0 -0.259789 -0.332402 0 
2 5.21757 -3.72537 0 5.03049 -3.17679 0 
dMomentum = 0 -7.80626e-18 0
dEnergy = 36.957
0 -6.22041 4.19072 0 -4.76986 3.50864 0 
1 0.751343 -0.30653 0 -0.259231 -0.332908 0 
2 5.46906 -3.88419 0 5.02909 -3.17573 0 
dMomentum = 8.67362e-19 -1.27936e-17 0
dEnergy = 36.957
0 -6.45888 4.36614 0 -4.76907 3.50812 0 
1 0.738394 -0.323187 0 -0.258734 -0.333343 0 
2 5.72049 -4.04295 0 5.02781 -3.17478 0 
dMomentum = 7.37257e-18 -1.32273e-17 0
dEnergy = 36.957
0 -6.69731 4.54153 0 -4.76834 3.50764 0 
1 0.725468 -0.339863 0 -0.258291 -0.333719 0 
2 5.97185 -4.20167 0 5.02664 -3.17392 0 
dMomentum = 4.77049e-18 -1.71304e-17 0
dEnergy = 36.957
0 -6.93571 4.7169 0 -4.76767 3.50719 0 
1 0.712564 -0.356558 0 -0.257893 -0.334046 0 
2 6.22315 -4.36034 0 5.02556 -3.17314 0 
dMomentum = 5.20417e-18 -2.08167e-17 0
dEnergy = 36.957
0 -7.17408 4.89225 0 -4.76703 3.50676 0 
1 0.699678 -0.373267 0 -0.257534 -0.334332 0 
2 6.4744 -4.51898 0 5.02457 -3.17243 0 
dMomentum = 9.54098e-18 -1.95156e-17 0
dEnergy = 36.957
0 -7.41242 5.06758 0 -4.76644 3.50636 0 
1 0.68681 -0.38999 0 -0.25721 -0.334583 0 
2 6.72561 -4.67759 0 5.02365 -3.17178 0 
dMomentum = 3.46945e-18 -2.23346e-17 0
dEnergy = 36.957
0 -7.65073 5.24289 0 -4.76588 3.50598 0 
1 0.673957 -0.406725 0 -0.256916 -0.334803 0 
2 6.97677 -4.83616 0 5.0228 -3.17118 0 
dMomentum = 2.12504e-17 -2.25514e-17 0
dEnergy = 36.957
0 -7.88901 5.41818 0 -4.76536 3.50563 0 
1 0.661118 -0.42347 0 -0.256648 -0.334998 0 
2 7.22789 -4.99471 0 5.02201 -3.17063 0 
dMomentum = 1.34441e-17 -2.81893e-17 0
dEnergy = 36.957
0 -8.12726 5.59345 0 -4.76487 3.50529 0 
1 0.648292 -0.440225 0 -0.256403 -0.335171 0 
2 7.47897 -5.15322 0 5.02127 -3.17012 0 
dMomentum = 8.67362e-18 -2.62377e-17 0
dEnergy = 36.957
0 -8.36549 5.76871 0 -4.7644 3.50497 0 
1 0.635477 -0.456987 0 -0.256178 -0.335324 0 
2 7.73002 -5.31172 0 5.02058 -3.16964 0 
dMomentum = 7.80626e-18 -2.1684e-17 0
dEnergy = 36.957
0 -8.6037 5.94395 0 -4.76396 3.50466 0 
1 0.622674 -0.473757 0 -0.255972 -0.335461 0 
2 7.98103 -5.47019 0 5.01994 -3.1692 0 
dMomentum = 4.77049e-18 -2.90566e-17 0
dEnergy = 36.957
0 -8.84237 6.11952 0 -4.76355 3.50437 0 
1 0.609854 -0.490566 0 -0.255782 -0.335583 0 
2 8.23251 -5.62896 0 5.01933 -3.16879 0 
dMomentum = 1.9082e-17 -2.73219e-17 0
dEnergy = 36.957
0 -9.08101 6.29508 0 -4.76315 3.5041 0 
1 0.597044 -0.507382 0 -0.255606 -0.335692 0 
2 8.48397 -5.7877 0 5.01876 -3.16841 0 
dMomentum = 1.43115e-17 -2.86229e-17 0
dEnergy = 36.957
0 -9.31964 6.47063 0 -4.76278 3.50384 0 
1 0.584242 -0.524203 0 -0.255443 -0.335791 0 
2 8.73539 -5.94643 0 5.01822 -3.16805 0 
dMomentum = 3.59955e-17 -3.14419e-17 0
dEnergy = 36.957
0 -9.55824 6.64617 0 -4.76242 3.50359 0 
1 0.571448 -0.541028 0 -0.255292 -0.335879 0 
2 8.98679 -6.10514 0 5.01772 -3.16771 0 
dMomentum = 3.9465e-17 -3.90313e-17 0
dEnergy = 36.957
0 -9.79683 6.82169 0 -4.76209 3.50335 0 
1 0.558662 -0.557857 0 -0.255151 -0.335958 0 
2 9.23817 -6.26384 0 5.01724 -3.16739 0 
dMomentum = 3.1225e-17 -4.72712e-17 0
dEnergy = 36.957
0 -10.0354 6.99721 0 -4.76176 3.50312 0 
1 0.545882 -0.574691 0 -0.25502 -0.33603 0 
2 9.48952 -6.42251 0 5.01678 -3.16709 0 
dMomentum = 4.81386e-17 -4.94396e-17 0
dEnergy = 36.957
0 -10.274 7.17271 0 -4.76146 3.5029 0 
1 0.533109 -0.591528 0 -0.254897 -0.336094 0 
2 9.74085 -6.58118 0 5.01636 -3.16681 0 
dMomentum = 3.20924e-17 -4.68375e-17 0
dEnergy = 36.957
0 -10.5125 7.3482 0 -4.76116 3.50269 0 
1 0.520341 -0.608367 0 -0.254783 -0.336152 0 
2 9.99216 -6.73983 0 5.01595 -3.16654 0 
dMomentum = 4.11997e-17 -4.2067e-17 0
dEnergy = 36.957
0 -10.751 7.52368 0 -4.76088 3.50249 0 
1 0.507579 -0.62521 0 -0.254676 -0.336205 0 
2 10.2434 -6.89847 0 5.01556 -3.16629 0 
dMomentum = 4.25007e-17 -4.53197e-17 0
dEnergy = 36.957
0 -10.9895 7.69915 0 -4.76062 3.5023 0 
1 0.494823 -0.642055 0 -0.254575 -0.336253 0 
2 10.4947 -7.05709 0 5.01519 -3.16605 0 
dMomentum = 5.24754e-17 -4.57533e-17 0
dEnergy = 36.957
0 -11.228 7.87461 0 -4.76036 3.50212 0 
1 0.482071 -0.658902 0 -0.254481 -0.336296 0 
2 10.746 -7.2157 0 5.01484 -3.16582 0 
dMomentum = 5.85469e-17 -4.40186e-17 0
dEnergy = 36.957
0 -11.4665 8.05006 0 -4.76011 3.50194 0 
1 0.469324 -0.675752 0 -0.254391 -0.336336 0 
2 10.9972 -7.37431 0 5.01451 -3.16561 0 
dMomentum = 5.46438e-17 -5.13912e-17 0
dEnergy = 36.957
0 -11.705 8.2255 0 -4.75988 3.50177 0 
1 0.456581 -0.692603 0 -0.254307 -0.336371 0 
2 11.2484 -7.5329 0 5.01419 -3.1654 0 
dMomentum = 5.94143e-17 -5.5728e-17 0
dEnergy = 36.957
0 -11.9435 8.40094 0 -4.75965 3.50161 0 
1 0.443842 -0.709456 0 -0.254228 -0.336404 0 
2 11.4996 -7.69148 0 5.01388 -3.1652 0 
dMomentum = 5.42101e-17 -6.41848e-17 0
dEnergy = 36.957
0 -12.1819 8.57636 0 -4.75944 3.50145 0 
1 0.431107 -0.726311 0 -0.254153 -0.336433 0 
2 11.7508 -7.85005 0 5.01359 -3.16502 0 
dMomentum = 6.41848e-17 -6.59195e-17 0
dEnergy = 36.957
0 -12.4204 8.75178 0 -4.75923 3.5013 0 
1 0.418376 -0.743167 0 -0.254082 -0.33646 0 
2 12.002 -8.00862 0 5.01331 -3.16484 0 
dMomentum = 6.07153e-17 -6.50521e-17 0
dEnergy = 36.957
0 -12.6588 8.92719 0 -4.75903 3.50115 0 
1 0.405648 -0.760024 0 -0.254015 -0.336485 0 
2 12.2532 -8.16717 0 5.01304 -3.16467 0 
dMomentum = 7.50268e-17 -7.04731e-17 0
dEnergy = 36.957
0 -12.8972 9.1026 0 -4.75883 3.50101 0 
1 0.392923 -0.776882 0 -0.253951 -0.336507 0 
2 12.5043 -8.32571 0 5.01278 -3.1645 0 
dMomentum = 8.32667e-17 -6.657e-17 0
dEnergy = 36.957
0 -13.1356 9.27799 0 -4.75864 3.50087 0 
1 0.380202 -0.793742 0 -0.253891 -0.336527 0 
2 12.7554 -8.48425 0 5.01254 -3.16435 0 
dMomentum = 7.89299e-17 -6.70037e-17 0
dEnergy = 36.957
0 -13.374 9.45339 0 -4.75846 3.50074 0 
1 0.367483 -0.810602 0 -0.253833 -0.336545 0 
2 13.0066 -8.64278 0 5.0123 -3.1642 0 
dMomentum = 7.89299e-17 -6.48353e-17 0
dEnergy = 36.957
0 -13.6124 9.62877 0 -4.75829 3.50062 0 
1 0.354768 -0.827464 0 -0.253778 -0.336562 0 
2 13.2577 -8.80131 0 5.01207 -3.16405 0 
dMomentum = 8.63025e-17 -6.74374e-17 0
dEnergy = 36.957
0 -13.8508 9.80415 0 -4.75812 3.50049 0 
1 0.342055 -0.844326 0 -0.253726 -0.336577 0 
2 13.5088 -8.95982 0 5.01185 -3.16391 0 
dMomentum = 8.89046e-17 -7.58942e-17 0
dEnergy = 36.957
0 -14.0892 9.97952 0 -4.75796 3.50037 0 
1 0.329344 -0.861189 0 -0.253676 -0.336591 0 
2 13.7599 -9.11833 0 5.01164 -3.16378 0 
dMomentum = 8.0231e-17 -7.56773e-17 0
dEnergy = 36.957
0 -14.3276 10.1549 0 -4.7578 3.50026 0 
1 0.316636 -0.878052 0 -0.253629 -0.336603 0 
2 14.0109 -9.27683 0 5.01143 -3.16365 0 
dMomentum = 8.1532e-17 -7.02563e-17 0
dEnergy = 36.957
0 -14.5659 10.3302 0 -4.75765 3.50015 0 
1 0.303931 -0.894916 0 -0.253583 -0.336614 0 
2 14.262 -9.43533 0 5.01124 -3.16353 0 
dMomentum = 8.67362e-17 -7.50268e-17 0
dEnergy = 36.957
0 -14.8043 10.5056 0 -4.75751 3.50004 0 
1 0.291227 -0.911781 0 -0.25354 -0.336625 0 
2 14.5131 -9.59382 0 5.01105 -3.16341 0 
dMomentum = 7.02563e-17 -7.82794e-17 0
dEnergy = 36.957
0 -15.0426 10.6809 0 -4.75736 3.49993 0 
1 0.278526 -0.928646 0 -0.253498 -0.336634 0 
2 14.7641 -9.7523 0 5.01086 -3.1633 0 
dMomentum = 6.33174e-17 -8.04478e-17 0
dEnergy = 36.957
0 -15.281 10.8563 0 -4.75723 3.49983 0 
1 0.265827 -0.945512 0 -0.253459 -0.336642 0 
2 15.0151 -9.91078 0 5.01069 -3.16319 0 
dMomentum = 6.02816e-17 -8.08815e-17 0
dEnergy = 36.957
0 -15.5193 11.0316 0 -4.75709 3.49973 0 
1 0.253129 -0.962378 0 -0.25342 -0.336649 0 
2 15.2662 -10.0693 0 5.01051 -3.16308 0 
dMomentum = 5.29091e-17 -8.45678e-17 0
dEnergy = 36.957
0 -15.7576 11.207 0 -4.75696 3.49963 0 
1 0.240434 -0.979244 0 -0.253384 -0.336656 0 
2 15.5172 -10.2277 0 5.01035 -3.16298 0 
dMomentum = 4.46691e-17 -8.65193e-17 0
dEnergy = 36.957
0 -15.996 11.3823 0 -4.75684 3.49954 0 
1 0.22774 -0.996111 0 -0.253349 -0.336662 0 
2 15.7682 -10.3862 0 5.01019 -3.16288 0 
dMomentum = 6.1149e-17 -8.67362e-17 0
dEnergy = 36.957
0 -16.2343 11.5576 0 -4.75672 3.49945 0 
1 0.215048 -1.01298 0 -0.253315 -0.336667 0 
2 16.0192 -10.5446 0 5.01003 -3.16278 0 
dMomentum = 5.85469e-17 -8.43509e-17 0
dEnergy = 36.957
0 -16.4726 11.7329 0 -4.7566 3.49936 0 
1 0.202358 -1.02984 0 -0.253282 -0.336672 0 
2 16.2702 -10.7031 0 5.00988 -3.16269 0 
dMomentum = 5.29091e-17 -7.67615e-17 0
dEnergy = 36.957
0 -16.7109 11.9083 0 -4.75648 3.49928 0 
1 0.18967 -1.04671 0 -0.253251 -0.336676 0 
2 16.5212 -10.8615 0 5.00974 -3.1626 0 
dMomentum = 3.64292e-17 -7.37257e-17 0
dEnergy = 36.957
0 -16.9492 12.0836 0 -4.75637 3.49919 0 
1 0.176982 -1.06358 0 -0.253221 -0.33668 0 
2 16.7722 -11.02 0 5.00959 -3.16251 0 
dMomentum = 4.55365e-17 -7.52436e-17 0
dEnergy = 36.957
0 -17.1875 12.2589 0 -4.75626 3.49911 0 
1 0.164297 -1.08045 0 -0.253192 -0.336683 0 
2 17.0232 -11.1784 0 5.00946 -3.16243 0 
dMomentum = 4.77049e-17 -7.15573e-17 0
dEnergy = 36.957
0 -17.4258 12.4342 0 -4.75616 3.49903 0 
1 0.151613 -1.09732 0 -0.253165 -0.336686 0 
2 17.2741 -11.3369 0 5.00932 -3.16235 0 
dMomentum = 5.42101e-17 -6.98226e-17 0
dEnergy = 36.957
0 -17.664 12.6095 0 -4.75606 3.49895 0 
1 0.13893 -1.11418 0 -0.253138 -0.336688 0 
2 17.5251 -11.4953 0 5.00919 -3.16227 0 
dMomentum = 6.85216e-17 -6.00648e-17 0
dEnergy = 36.957
0 -17.9023 12.7848 0 -4.75596 3.49888 0 
1 0.126248 -1.13105 0 -0.253112 -0.33669 0 
2 17.7761 -11.6537 0 5.00907 -3.16219 0 
dMomentum = 5.9848e-17 -5.96311e-17 0
dEnergy = 36.957
0 -18.1406 12.9601 0 -4.75586 3.49881 0 
1 0.113568 -1.14792 0 -0.253087 -0.336691 0 
2 18.027 -11.8121 0 5.00895 -3.16212 0 
dMomentum = 5.20417e-17 -5.29091e-17 0
dEnergy = 36.957
0 -18.3788 13.1354 0 -4.75576 3.49874 0 
1 0.100889 -1.16479 0 -0.253063 -0.336693 0 
2 18.278 -11.9706 0 5.00883 -3.16204 0 
dMomentum = 6.1149e-17 -5.35596e-17 0
dEnergy = 36.957
0 -18.6171 13.3106 0 -4.75567 3.49867 0 
1 0.088211 -1.18166 0 -0.253039 -0.336694 0 
2 18.5289 -12.129 0 5.00871 -3.16197 0 
dMomentum = 6.02816e-17 -5.7029e-17 0
dEnergy = 36.957
0 -18.8554 13.4859 0 -4.75558 3.4986 0 
1 0.0755343 -1.19852 0 -0.253017 -0.336694 0 
2 18.7798 -12.2874 0 5.0086 -3.1619 0 
dMomentum = 5.59448e-17 -5.29091e-17 0
dEnergy = 36.957
0 -19.0936 13.6612 0 -4.75549 3.49853 0 
1 0.0628587 -1.21539 0 -0.252995 -0.336695 0 
2 19.0308 -12.4458 0 5.00849 -3.16184 0 
dMomentum = 5.72459e-17 -5.26922e-17 0
dEnergy = 36.957
0 -19.3319 13.8365 0 -4.75541 3.49847 0 
1 0.0501842 -1.23226 0 -0.252974 -0.336695 0 
2 19.2817 -12.6042 0 5.00838 -3.16177 0 
dMomentum = 4.85723e-17 -4.98733e-17 0
dEnergy = 36.957
0 -19.5701 14.0117 0 -4.75533 3.4984 0 
1 0.0375107 -1.24913 0 -0.252953 -0.336695 0 
2 19.5326 -12.7626 0 5.00828 -3.16171 0 
dMomentum = 5.9848e-17 -4.35849e-17 0
dEnergy = 36.957
0 -19.8083 14.187 0 -4.75524 3.49834 0 
1 0.0248382 -1.266 0 -0.252934 -0.336695 0 
2 19.7835 -12.921 0 5.00818 -3.16165 0 
dMomentum = 6.85216e-17 -4.44523e-17 0
dEnergy = 36.957
0 -20.0466 14.3623 0 -4.75516 3.49828 0 
1 0.0121667 -1.28287 0 -0.252914 -0.336694 0 
2 20.0344 -13.0794 0 5.00808 -3.16159 0 
dMomentum = 6.80879e-17 -5.46438e-17 0
dEnergy = 36.957
0 -20.2848 14.5375 0 -4.75509 3.49822 0 
1 -0.000503795 -1.29973 0 -0.252896 -0.336694 0 
2 20.2853 -13.2378 0 5.00798 -3.16153 0 
dMomentum = 4.51028e-17 -5.39933e-17 0
dEnergy = 36.957
0 -20.523 14.7128 0 -4.75501 3.49816 0 
1 -0.0131734 -1.3166 0 -0.252878 -0.336693 0 
2 20.5362 -13.3962 0 5.00789 -3.16147 0 
dMomentum = 3.1225e-17 -5.5728e-17 0
dEnergy = 36.957
0 -20.7613 14.8881 0 -4.75494 3.49811 0 
1 -0.0258422 -1.33347 0 -0.25286 -0.336692 0 
2 20.7871 -13.5546 0 5.0078 -3.16142 0 
dMomentum = 2.51535e-17 -4.98733e-17 0
dEnergy = 36.957
0 -20.9995 15.0633 0 -4.75486 3.49805 0 
1 -0.03851 -1.35034 0 -0.252843 -0.336691 0 
2 21.038 -13.713 0 5.00771 -3.16136 0 
dMomentum = 2.68882e-17 -4.77049e-17 0
dEnergy = 36.957
0 -21.2377 15.2386 0 -4.75479 3.498 0 
1 -0.0511771 -1.36721 0 -0.252827 -0.33669 0 
2 21.2889 -13.8714 0 5.00762 -3.16131 0 
dMomentum = 3.85976e-17 -5.07407e-17 0
dEnergy = 36.957
0 -21.4759 15.4138 0 -4.75472 3.49795 0 
1 -0.0638433 -1.38408 0 -0.252811 -0.336688 0 
2 21.5398 -14.0297 0 5.00754 -3.16126 0 
dMomentum = 1.69136e-17 -5.55112e-17 0
dEnergy = 36.957
0 -21.7141 15.5891 0 -4.75466 3.4979 0 
1 -0.0765087 -1.40094 0 -0.252795 -0.336687 0 
2 21.7906 -14.1881 0 5.00745 -3.16121 0 
dMomentum = 1.77809e-17 -5.50775e-17 0
dEnergy = 36.957
0 -21.9523 15.7643 0 -4.75459 3.49784 0 
1 -0.0891734 -1.41781 0 -0.25278 -0.336685 0 
2 22.0415 -14.3465 0 5.00737 -3.16116 0 
dMomentum = 9.97466e-18 -5.7029e-17 0
dEnergy = 36.957
0 -22.1905 15.9395 0 -4.75453 3.4978 0 
1 -0.101837 -1.43468 0 -0.252765 -0.336684 0 
2 22.2924 -14.5049 0 5.00729 -3.16111 0 
dMomentum = 3.46945e-17 -5.81132e-17 0
dEnergy = 36.957
0 -22.4287 16.1148 0 -4.75446 3.49775 0 
1 -0.1145 -1.45155 0 -0.252751 -0.336682 0 
2 22.5432 -14.6632 0 5.00721 -3.16106 0 
dMomentum = 3.81639e-17 -5.37764e-17 0
dEnergy = 36.957
0 -22.6669 16.29 0 -4.7544 3.4977 0 
1 -0.127163 -1.46842 0 -0.252737 -0.33668 0 
2 22.7941 -14.8216 0 5.00714 -3.16102 0 
dMomentum = 2.94903e-17 -5.33427e-17 0
dEnergy = 36.957
0 -22.9051 16.4652 0 -4.75434 3.49765 0 
1 -0.139825 -1.48528 0 -0.252724 -0.336678 0 
2 23.045 -14.98 0 5.00706 -3.16097 0 
dMomentum = 3.03577e-17 -5.24754e-17 0
dEnergy = 36.957
0 -23.1433 16.6405 0 -4.75428 3.49761 0 
1 -0.152486 -1.50215 0 -0.25271 -0.336676 0 
2 23.2958 -15.1383 0 5.00699 -3.16093 0 
dMomentum = 1.43115e-17 -4.83554e-17 0
dEnergy = 36.957
0 -23.3815 16.8157 0 -4.75422 3.49756 0 
1 -0.165146 -1.51902 0 -0.252698 -0.336674 0 
2 23.5467 -15.2967 0 5.00692 -3.16089 0 
dMomentum = 4.77049e-18 -5.00901e-17 0
dEnergy = 36.957
0 -23.6197 16.9909 0 -4.75416 3.49752 0 
1 -0.177806 -1.53589 0 -0.252685 -0.336672 0 
2 23.7975 -15.455 0 5.00685 -3.16085 0 
dMomentum = -7.37257e-18 -4.68375e-17 0
dEnergy = 36.957
0 -23.8579 17.1662 0 -4.75411 3.49748 0 
1 -0.190465 -1.55275 0 -0.252673 -0.33667 0 
2 24.0483 -15.6134 0 5.00678 -3.16081 0 
dMomentum = -2.60209e-18 -5.24754e-17 0
dEnergy = 36.957
0 -24.0961 17.3414 0 -4.75405 3.49743 0 
1 -0.203124 -1.56962 0 -0.252661 -0.336668 0 
2 24.2992 -15.7718 0 5.00671 -3.16077 0 
dMomentum = -5.63785e-18 -5.37764e-17 0
dEnergy = 36.957
0 -24.3342 17.5166 0 -4.754 3.49739 0 
1 -0.215782 -1.58649 0 -0.252649 -0.336666 0 
2 24.55 -15.9301 0 5.00665 -3.16073 0 
dMomentum = -1.30104e-17 -4.38018e-17 0
dEnergy = 36.957
0 -24.5724 17.6918 0 -4.75395 3.49735 0 
1 -0.228439 -1.60335 0 -0.252638 -0.336664 0 
2 24.8008 -16.0885 0 5.00659 -3.16069 0 
dMomentum = -2.42861e-17 -4.33681e-17 0
dEnergy = 36.957
0 -24.8106 17.867 0 -4.7539 3.49731 0 
1 -0.241096 -1.62022 0 -0.252627 -0.336662 0 
2 25.0517 -16.2468 0 5.00652 -3.16065 0 
dMomentum = -1.99493e-17 -4.35849e-17 0
dEnergy = 36.957
0 -25.0487 18.0423 0 -4.75384 3.49727 0 
1 -0.253753 -1.63709 0 -0.252616 -0.336659 0 
2 25.3025 -16.4052 0 5.00646 -3.16061 0 
dMomentum = -1.47451e-17 -4.4886e-17 0
dEnergy = 36.957
0 -25.2869 18.2175 0 -4.75379 3.49723 0 
1 -0.266409 -1.65395 0 -0.252606 -0.336657 0 
2 25.5533 -16.5635 0 5.0064 -3.16058 0 
dMomentum = -1.47451e-17 -3.9465e-17 0
dEnergy = 36.957
0 -25.5251 18.3927 0 -4.75375 3.4972 0 
1 -0.279064 -1.67082 0 -0.252596 -0.336655 0 
2 25.8041 -16.7219 0 5.00634 -3.16054 0 
dMomentum = -3.03577e-18 -3.68629e-17 0
dEnergy = 36.957
0 -25.7632 18.5679 0 -4.7537 3.49716 0 
1 -0.291719 -1.68769 0 -0.252586 -0.336652 0 
2 26.055 -16.8802 0 5.00628 -3.16051 0 
dMomentum = 4.33681e-18 -3.77302e-17 0
dEnergy = 36.957
0 -26.0014 18.7431 0 -4.75365 3.49712 0 
1 -0.304373 -1.70455 0 -0.252576 -0.33665 0 
2 26.3058 -17.0385 0 5.00623 -3.16047 0 
dMomentum = 1.43115e-17 -4.40186e-17 0
dEnergy = 36.957
0 -26.2396 18.9183 0 -4.7536 3.49709 0 
1 -0.317027 -1.72142 0 -0.252566 -0.336647 0 
2 26.5566 -17.1969 0 5.00617 -3.16044 0 
dMomentum = 2.0383e-17 -4.25007e-17 0
dEnergy = 36.957
0 -26.4777 19.0935 0 -4.75356 3.49705 0 
1 -0.32968 -1.73828 0 -0.252557 -0.336645 0 
2 26.8074 -17.3552 0 5.00612 -3.16041 0 
dMomentum = 1.86483e-17 -4.87891e-17 0
dEnergy = 36.957
0 -26.7159 19.2687 0 -4.75351 3.49702 0 
1 -0.342333 -1.75515 0 -0.252548 -0.336643 0 
2 27.0582 -17.5135 0 5.00606 -3.16038 0 
dMomentum = 1.12757e-17 -5.09575e-17 0
dEnergy = 36.957
0 -26.954 19.4439 0 -4.75347 3.49698 0 
1 -0.354985 -1.77202 0 -0.252539 -0.33664 0 
2 27.309 -17.6719 0 5.00601 -3.16034 0 
dMomentum = 1.86483e-17 -5.48606e-17 0
dEnergy = 36.957
0 -27.1922 19.6191 0 -4.75343 3.49695 0 
1 -0.367637 -1.78888 0 -0.25253 -0.336638 0 
2 27.5598 -17.8302 0 5.00596 -3.16031 0 
dMomentum = 4.33681e-18 -5.96311e-17 0
dEnergy = 36.957
0 -27.4303 19.7943 0 -4.75339 3.49692 0 
1 -0.380289 -1.80575 0 -0.252522 -0.336635 0 
2 27.8106 -17.9885 0 5.00591 -3.16028 0 
dMomentum = 4.77049e-18 -5.50775e-17 0
dEnergy = 36.957
0 -27.6684 19.9695 0 -4.75334 3.49689 0 
1 -0.39294 -1.82261 0 -0.252513 -0.336633 0 
2 28.0614 -18.1469 0 5.00586 -3.16025 0 
dMomentum = 1.69136e-17 -4.72712e-17 0
dEnergy = 36.957
0 -27.9061 20.1443 0 -4.7533 3.49686 0 
1 -0.405565 -1.83944 0 -0.252505 -0.33663 0 
2 28.3117 -18.3049 0 5.00581 -3.16023 0 
dMomentum = 2.77556e-17 -4.98733e-17 0
dEnergy = 36.957
0 -28.1438 20.3192 0 -4.75326 3.49682 0 
1 -0.41819 -1.85628 0 -0.252497 -0.336628 0 
2 28.562 -18.4629 0 5.00576 -3.1602 0 
dMomentum = 2.64545e-17 -5.35596e-17 0
dEnergy = 36.957
0 -28.3814 20.494 0 -4.75322 3.49679 0 
1 -0.430815 -1.87311 0 -0.252489 -0.336625 0 
2 28.8123 -18.6209 0 5.00571 -3.16017 0 
dMomentum = 3.20924e-17 -4.66207e-17 0
dEnergy = 36.957
0 -28.6191 20.6689 0 -4.75319 3.49676 0 
1 -0.443439 -1.88994 0 -0.252482 -0.336623 0 
2 29.0625 -18.7789 0 5.00567 -3.16014 0 
dMomentum = 3.03577e-17 -4.94396e-17 0
dEnergy = 36.957
0 -28.8568 20.8437 0 -4.75315 3.49673 0 
1 -0.456063 -1.90677 0 -0.252474 -0.33662 0 
2 29.3128 -18.9369 0 5.00562 -3.16011 0 
dMomentum = 2.08167e-17 -4.22839e-17 0
dEnergy = 36.957
0 -29.0944 21.0185 0 -4.75311 3.49671 0 
1 -0.468687 -1.9236 0 -0.252467 -0.336618 0 
2 29.5631 -19.0949 0 5.00558 -3.16009 0 
dMomentum = 2.25514e-17 -5.5728e-17 0
dEnergy = 36.957
0 -29.3321 21.1934 0 -4.75307 3.49668 0 
1 -0.48131 -1.94043 0 -0.252459 -0.336615 0 
2 29.8134 -19.2529 0 5.00553 -3.16006 0 
dMomentum = 1.47451e-17 -5.76796e-17 0
dEnergy = 36.957
0 -29.5697 21.3682 0 -4.75304 3.49665 0 
1 -0.493933 -1.95726 0 -0.252452 -0.336613 0 
2 30.0637 -19.4109 0 5.00549 -3.16004 0 
dMomentum = 4.33681e-18 -6.44016e-17 0
dEnergy = 36.957
0 -29.8074 21.543 0 -4.753 3.49662 0 
1 -0.506555 -1.97409 0 -0.252446 -0.33661 0 
2 30.3139 -19.5689 0 5.00545 -3.16001 0 
dMomentum = 2.1684e-18 -6.37511e-17 0
dEnergy = 36.957
0 -30.045 21.7179 0 -4.75297 3.49659 0 
1 -0.519177 -1.99092 0 -0.252439 -0.336608 0 
2 30.5642 -19.7269 0 5.0054 -3.15999 0 
dMomentum = -7.37257e-18 -6.72205e-17 0
dEnergy = 36.957
0 -30.2827 21.8927 0 -4.75293 3.49657 0 
1 -0.531799 -2.00775 0 -0.252432 -0.336605 0 
2 30.8145 -19.8849 0 5.00536 -3.15996 0 
dMomentum = -1.34441e-17 -6.1149e-17 0
dEnergy = 36.957
0 -30.5203 22.0675 0 -4.7529 3.49654 0 
1 -0.544421 -2.02458 0 -0.252426 -0.336603 0 
2 31.0647 -20.0429 0 5.00532 -3.15994 0 
dMomentum = -3.03577e-17 -6.5269e-17 0
dEnergy = 36.957
0 -30.758 22.2423 0 -4.75286 3.49651 0 
1 -0.557042 -2.04141 0 -0.252419 -0.3366 0 
2 31.315 -20.2009 0 5.00528 -3.15991 0 
dMomentum = -1.99493e-17 -6.245e-17 0
dEnergy = 36.957
0 -30.9956 22.4172 0 -4.75283 3.49649 0 
1 -0.569662 -2.05824 0 -0.252413 -0.336598 0 
2 31.5653 -20.3589 0 5.00524 -3.15989 0 
dMomentum = -1.82146e-17 -6.245e-17 0
dEnergy = 36.957
0 -31.2332 22.592 0 -4.7528 3.49646 0 
1 -0.582283 -2.07507 0 -0.252407 -0.336595 0 
2 31.8155 -20.5169 0 5.0052 -3.15987 0 
dMomentum = -1.38778e-17 -6.98226e-17 0
dEnergy = 36.957
0 -31.4709 22.7668 0 -4.75277 3.49644 0 
1 -0.594903 -2.0919 0 -0.252401 -0.336593 0 
2 32.0658 -20.6749 0 5.00517 -3.15985 0 
dMomentum = -8.67362e-18 -7.76289e-17 0
dEnergy = 36.957
0 -31.7085 22.9416 0 -4.75273 3.49641 0 
1 -0.607523 -2.10873 0 -0.252395 -0.33659 0 
2 32.316 -20.8329 0 5.00513 -3.15982 0 
dMomentum = -8.67362e-18 -8.00141e-17 0
dEnergy = 36.957
0 -31.9462 23.1165 0 -4.7527 3.49639 0 
1 -0.620143 -2.12556 0 -0.252389 -0.336588 0 
2 32.5663 -20.9909 0 5.00509 -3.1598 0 
dMomentum = -9.1073e-18 -8.23994e-17 0
dEnergy = 36.957
0 -32.1838 23.2913 0 -4.75267 3.49637 0 
1 -0.632762 -2.14239 0 -0.252383 -0.336586 0 
2 32.8166 -21.1489 0 5.00506 -3.15978 0 
dMomentum = -4.33681e-19 -8.50015e-17 0
dEnergy = 36.957
0 -32.4214 23.4661 0 -4.75264 3.49634 0 
1 -0.645381 -2.15922 0 -0.252378 -0.336583 0 
2 33.0668 -21.3069 0 5.00502 -3.15976 0 
dMomentum = -1.64799e-17 -7.41594e-17 0
dEnergy = 36.957
0 -32.6591 23.6409 0 -4.75261 3.49632 0 
1 -0.658 -2.17605 0 -0.252372 -0.336581 0 
2 33.3171 -21.4649 0 5.00499 -3.15974 0 
dMomentum = -1.51788e-17 -8.1532e-17 0
dEnergy = 36.957
0 -32.8967 23.8157 0 -4.75258 3.4963 0 
1 -0.670618 -2.19288 0 -0.252367 -0.336578 0 
2 33.5673 -21.6228 0 5.00495 -3.15972 0 
dMomentum = -6.50521e-18 -8.39172e-17 0
dEnergy = 36.957
0 -33.1343 23.9905 0 -4.75255 3.49627 0 
1 -0.683236 -2.20971 0 -0.252361 -0.336576 0 
2 33.8176 -21.7808 0 5.00492 -3.1597 0 
dMomentum = -1.30104e-17 -8.0231e-17 0
dEnergy = 36.957
0 -33.3719 24.1653 0 -4.75253 3.49625 0 
1 -0.695854 -2.22654 0 -0.252356 -0.336574 0 
2 34.0678 -21.9388 0 5.00488 -3.15968 0 
dMomentum = -2.12504e-17 -8.32667e-17 0
dEnergy = 36.957
0 -33.6096 24.3402 0 -4.7525 3.49623 0 
1 -0.708472 -2.24336 0 -0.252351 -0.336571 0 
2 34.318 -22.0968 0 5.00485 -3.15966 0 
dMomentum = -2.81893e-17 -9.47593e-17 0
dEnergy = 36.957
0 -33.8472 24.515 0 -4.75247 3.49621 0 
1 -0.721089 -2.26019 0 -0.252346 -0.336569 0 
2 34.5683 -22.2548 0 5.00482 -3.15964 0 
dMomentum = -2.47198e-17 -9.60603e-17 0
dEnergy = 36.957
0 -34.0848 24.6898 0 -4.75244 3.49619 0 
1 -0.733707 -2.27702 0 -0.252341 -0.336567 0 
2 34.8185 -22.4128 0 5.00478 -3.15962 0 
dMomentum = -3.1225e-17 -9.36751e-17 0
dEnergy = 36.957
0 -34.3224 24.8646 0 -4.75242 3.49617 0 
1 -0.746323 -2.29385 0 -0.252336 -0.336564 0 
2 35.0688 -22.5707 0 5.00475 -3.1596 0 
dMomentum = -3.64292e-17 -1.00397e-16 0
dEnergy = 36.957
0 -34.5601 25.0394 0 -4.75239 3.49615 0 
1 -0.75894 -2.31068 0 -0.252331 -0.336562 0 
2 35.319 -22.7287 0 5.00472 -3.15958 0 
dMomentum = -1.25767e-17 -1.02132e-16 0
dEnergy = 36.957
0 -34.7977 25.2142 0 -4.75236 3.49612 0 
1 -0.771557 -2.32751 0 -0.252327 -0.33656 0 
2 35.5692 -22.8867 0 5.00469 -3.15957 0 
dMomentum = 7.37257e-18 -9.58435e-17 0
dEnergy = 36.957
0 -35.0353 25.389 0 -4.75234 3.4961 0 
1 -0.784173 -2.34433 0 -0.252322 -0.336557 0 
2 35.8195 -23.0447 0 5.00466 -3.15955 0 
dMomentum = -3.03577e-18 -1.10155e-16 0
dEnergy = 36.957
0 -35.2729 25.5638 0 -4.75231 3.49608 0 
1 -0.796789 -2.36116 0 -0.252317 -0.336555 0 
2 36.0697 -23.2027 0 5.00463 -3.15953 0 
dMomentum = 9.54098e-18 -1.09071e-16 0
dEnergy = 36.957
0 -35.5105 25.7386 0 -4.75229 3.49606 0 
1 -0.809404 -2.37799 0 -0.252313 -0.336553 0 
2 36.3199 -23.3606 0 5.0046 -3.15951 0 
dMomentum = 4.33681e-18 -1.15359e-16 0
dEnergy = 36.957
0 -35.7481 25.9134 0 -4.75226 3.49605 0 
1 -0.82202 -2.39482 0 -0.252308 -0.336551 0 
2 36.5702 -23.5186 0 5.00457 -3.1595 0 
dMomentum = 7.37257e-18 -1.16443e-16 0
dEnergy = 36.957
0 -35.9857 26.0882 0 -4.75224 3.49603 0 
1 -0.834635 -2.41164 0 -0.252304 -0.336548 0 
2 36.8204 -23.6766 0 5.00454 -3.15948 0 
dMomentum = 3.03577e-18 -1.17311e-16 0
dEnergy = 36.957
0 -36.2234 26.263 0 -4.75221 3.49601 0 
1 -0.84725 -2.42847 0 -0.2523 -0.336546 0 
2 37.0706 -23.8346 0 5.00451 -3.15946 0 
dMomentum = 8.23994e-18 -1.17094e-16 0
dEnergy = 36.957
0 -36.461 26.4378 0 -4.75219 3.49599 0 
1 -0.859865 -2.4453 0 -0.252296 -0.336544 0 
2 37.3208 -23.9925 0 5.00449 -3.15945 0 
dMomentum = 2.90566e-17 -1.20346e-16 0
dEnergy = 36.957
0 -36.6986 26.6126 0 -4.75217 3.49597 0 
1 -0.87248 -2.46213 0 -0.252291 -0.336542 0 
2 37.5711 -24.1505 0 5.00446 -3.15943 0 
dMomentum = 3.59955e-17 -1.29237e-16 0
dEnergy = 36.957
0 -36.9362 26.7874 0 -4.75214 3.49595 0 
1 -0.885094 -2.47895 0 -0.252287 -0.33654 0 
2 37.8213 -24.3085 0 5.00443 -3.15941 0 
dMomentum = 3.07913e-17 -1.32706e-16 0
dEnergy = 36.957
0 -37.1738 26.9622 0 -4.75212 3.49593 0 
1 -0.897709 -2.49578 0 -0.252283 -0.336537 0 
2 38.0715 -24.4664 0 5.0044 -3.1594 0 
dMomentum = 3.16587e-17 -1.34875e-16 0
dEnergy = 36.957
0 -37.4114 27.137 0 -4.7521 3.49592 0 
1 -0.910323 -2.51261 0 -0.252279 -0.336535 0 
2 38.3217 -24.6244 0 5.00438 -3.15938 0 
dMomentum = 2.47198e-17 -1.35092e-16 0
dEnergy = 36.957
0 -37.649 27.3118 0 -4.75208 3.4959 0 
1 -0.922937 -2.52943 0 -0.252275 -0.336533 0 
2 38.5719 -24.7824 0 5.00435 -3.15937 0 
dMomentum = 1.38778e-17 -1.39862e-16 0
dEnergy = 36.957
0 -37.8866 27.4866 0 -4.75205 3.49588 0 
1 -0.93555 -2.54626 0 -0.252272 -0.336531 0 
2 38.8222 -24.9403 0 5.00433 -3.15935 0 
dMomentum = 9.54098e-18 -1.40079e-16 0
dEnergy = 36.957
0 -38.1242 27.6614 0 -4.75203 3.49586 0 
1 -0.948164 -2.56309 0 -0.252268 -0.336529 0 
2 39.0724 -25.0983 0 5.0043 -3.15934 0 
dMomentum = -1.17094e-17 -1.46584e-16 0
dEnergy = 36.957
0 -38.3618 27.8362 0 -4.75201 3.49585 0 
1 -0.960777 -2.57991 0 -0.252264 -0.336527 0 
2 39.3226 -25.2563 0 5.00427 -3.15932 0 
dMomentum = -1.60462e-17 -1.51138e-16 0
dEnergy = 36.957
0 -38.5994 28.011 0 -4.75199 3.49583 0 
1 -0.97339 -2.59674 0 -0.25226 -0.336525 0 
2 39.5728 -25.4142 0 5.00425 -3.15931 0 
dMomentum = -6.93889e-18 -1.50921e-16 0
dEnergy = 36.957
0 -38.837 28.1858 0 -4.75197 3.49581 0 
1 -0.986003 -2.61357 0 -0.252257 -0.336523 0 
2 39.823 -25.5722 0 5.00423 -3.15929 0 
dMomentum = -2.08167e-17 -1.54174e-16 0
dEnergy = 36.957
0 -39.0746 28.3606 0 -4.75195 3.4958 0 
1 -0.998616 -2.63039 0 -0.252253 -0.33652 0 
2 40.0732 -25.7302 0 5.0042 -3.15928 0 
dMomentum = -2.1684e-17 -1.60679e-16 0
dEnergy = 36.957
0 -39.3122 28.5354 0 -4.75193 3.49578 0 
1 -1.01123 -2.64722 0 -0.25225 -0.336518 0 
2 40.3234 -25.8881 0 5.00418 -3.15926 0 
dMomentum = -2.12504e-17 -1.52005e-16 0
dEnergy = 36.957
0 -39.5498 28.7101 0 -4.75191 3.49577 0 
1 -1.02384 -2.66404 0 -0.252246 -0.336516 0 
2 40.5736 -26.0461 0 5.00415 -3.15925 0 
dMomentum = -2.1684e-17 -1.50054e-16 0
dEnergy = 36.957
0 -39.7874 28.8849 0 -4.75189 3.49575 0 
1 -1.03645 -2.68087 0 -0.252243 -0.336514 0 
2 40.8238 -26.2041 0 5.00413 -3.15924 0 
dMomentum = -6.07153e-18 -1.58077e-16 0
dEnergy = 36.957
0 -40.025 29.0597 0 -4.75187 3.49574 0 
1 -1.04907 -2.6977 0 -0.252239 -0.336512 0 
2 41.0741 -26.362 0 5.00411 -3.15922 0 
dMomentum = 6.50521e-18 -1.54607e-16 0
dEnergy = 36.957
0 -40.2626 29.2345 0 -4.75185 3.49572 0 
1 -1.06168 -2.71452 0 -0.252236 -0.33651 0 
2 41.3243 -26.52 0 5.00408 -3.15921 0 
dMomentum = 1.25767e-17 -1.65232e-16 0
dEnergy = 36.957
0 -40.5002 29.4093 0 -4.75183 3.4957 0 
1 -1.07429 -2.73135 0 -0.252233 -0.336508 0 
2 41.5745 -26.6779 0 5.00406 -3.1592 0 
dMomentum = 1.82146e-17 -1.63064e-16 0
dEnergy = 36.957
0 -40.7378 29.5841 0 -4.75181 3.49569 0 
1 -1.0869 -2.74817 0 -0.25223 -0.336506 0 
2 41.8247 -26.8359 0 5.00404 -3.15918 0 
