dMomentum = 0 0 0
dEnergy = 0
0 -1 0 0 0.350112 0.0793395 0 
1 1 0 0 0.350112 0.0793395 0 
2 0 0 0 -0.700224 -0.158679 0 
dMomentum = 4.06576e-19 3.18484e-19 0
dEnergy = -1.95156e-18
0 -0.980844 0.00396949 0 0.415592 0.079006 0 
1 1.01601 0.00397029 0 0.289938 0.0790695 0 
2 -0.0351696 -0.00793978 0 -0.70553 -0.158076 0 
dMomentum = -1.30104e-18 3.32037e-19 0
dEnergy = -8.89046e-18
0 -0.958245 0.00790246 0 0.487828 0.0778335 0 
1 1.02912 0.0079154 0 0.234024 0.0783568 0 
2 -0.0708776 -0.0158179 0 -0.721852 -0.15619 0 
dMomentum = -8.53809e-19 2.03288e-19 0
dEnergy = -2.51535e-17
0 -0.931816 0.0117484 0 0.568918 0.0754567 0 
1 1.03952 0.0118162 0 0.181591 0.0773169 0 
2 -0.107704 -0.0235646 0 -0.750509 -0.152774 0 
dMomentum = -1.91091e-18 -3.86247e-19 0
dEnergy = -7.54605e-17
0 -0.901039 0.0154333 0 0.662056 0.0712717 0 
1 1.04737 0.0156585 0 0.13204 0.076037 0 
2 -0.146327 -0.0310918 0 -0.794096 -0.147309 0 
dMomentum = -1.19262e-18 8.13152e-20 0
dEnergy = -2.46764e-16
0 -0.865192 0.0188421 0 0.772442 0.0641965 0 
1 1.05279 0.0194323 0 0.0848957 0.0745873 0 
2 -0.187599 -0.0382744 0 -0.857338 -0.138784 0 
dMomentum = -1.30104e-18 3.0832e-19 0
dEnergy = -9.32848e-16
0 -0.823203 0.0217828 0 0.909357 0.0520703 0 
1 1.05591 0.0231304 0 0.0397682 0.0730273 0 
2 -0.232704 -0.0449131 0 -0.949125 -0.125098 0 
dMomentum = -3.71339e-18 2.43945e-19 0
dEnergy = -4.79001e-15
0 -0.773328 0.0238952 0 1.09178 0.0298377 0 
1 1.0568 0.0267487 0 -0.00367773 0.0714116 0 
2 -0.283476 -0.0506439 0 -1.0881 -0.101249 0 
dMomentum = -5.25838e-18 2.03288e-19 0
dEnergy = -4.46511e-14
0 -0.712287 0.0243672 0 1.36831 -0.0179056 0 
1 1.05556 0.0302858 0 -0.0457521 0.0697941 0 
2 -0.343274 -0.054653 0 -1.32256 -0.0518885 0 
dMomentum = -5.52943e-18 2.43945e-19 0
dEnergy = -2.11752e-12
0 -0.631757 0.0205172 0 1.93848 -0.17432 0 
1 1.05224 0.033743 0 -0.0867833 0.0682327 0 
2 -0.420481 -0.0542602 0 -1.8517 0.106087 0 
dMomentum = -5.20417e-18 1.0842e-18 0
dEnergy = -6.49679e-10
0 -0.548377 -0.0493274 0 -3.00285 -1.57148 0 
1 1.04687 0.0371247 0 -0.127272 0.0667858 0 
2 -0.498498 0.0122027 0 3.13012 1.5047 0 
dMomentum = -7.37257e-18 5.14996e-19 0
dEnergy = -3.60763e-13
0 -0.648114 -0.0839657 0 -1.50244 -0.383229 0 
1 1.03947 0.040437 0 -0.168444 0.0654708 0 
2 -0.391359 0.0435287 0 1.67089 0.317758 0 
dMomentum = -8.89046e-18 1.70762e-18 0
dEnergy = -1.7705e-14
0 -0.712532 -0.098368 0 -1.11483 -0.218433 0 
1 1.02997 0.0436874 0 -0.211324 0.0643045 0 
2 -0.317436 0.0546806 0 1.32615 0.154129 0 
dMomentum = -1.51788e-17 1.02999e-18 0
dEnergy = -2.5327e-15
0 -0.762412 -0.10723 0 -0.891775 -0.142764 0 
1 1.01826 0.0468821 0 -0.256484 0.063242 0 
2 -0.255848 0.0603481 0 1.14826 0.0795216 0 
dMomentum = -1.60462e-17 1.30104e-18 0
dEnergy = -6.02816e-16
0 -0.80295 -0.113156 0 -0.733989 -0.0969911 0 
1 1.00422 0.0500252 0 -0.304483 0.0622363 0 
2 -0.201271 0.0631307 0 1.03847 0.0347548 0 
dMomentum = -1.4962e-17 1.30104e-18 0
dEnergy = -2.18575e-16
0 -0.836525 -0.117182 0 -0.610683 -0.0654251 0 
1 0.987693 0.0531182 0 -0.35597 0.0612364 0 
2 -0.151167 0.0640634 0 0.966652 0.00418876 0 
dMomentum = -1.34441e-17 1.3417e-18 0
dEnergy = -1.21864e-16
0 -0.86449 -0.119844 0 -0.50848 -0.0419145 0 
1 0.968481 0.0561601 0 -0.411754 0.0601814 0 
2 -0.103991 0.0636843 0 0.920234 -0.018267 0 
dMomentum = -1.40946e-17 1.26716e-18 0
dEnergy = -9.67108e-17
0 -0.88771 -0.121466 0 -0.420415 -0.0234966 0 
1 0.946345 0.0591462 0 -0.472906 0.0589926 0 
2 -0.0586358 0.0623196 0 0.893321 -0.035496 0 
dMomentum = -1.26852e-17 1.21973e-18 0
dEnergy = -9.2374e-17
0 -0.906783 -0.122256 0 -0.342417 -0.00854628 0 
1 0.920982 0.0620671 0 -0.540902 0.0575593 0 
2 -0.0141991 0.0601892 0 0.883319 -0.0490131 0 
dMomentum = -1.47451e-17 1.26039e-18 0
dEnergy = -1.11456e-16
0 -0.922144 -0.122364 0 -0.271904 0.00391353 0 
1 0.891998 0.0649068 0 -0.617877 0.0557143 0 
2 0.0301467 0.0574567 0 0.889781 -0.0596278 0 
dMomentum = -1.45283e-17 1.24683e-18 0
dEnergy = -1.79978e-16
0 -0.934123 -0.121895 0 -0.207137 0.0145126 0 
1 0.858867 0.0676384 0 -0.707099 0.0531824 0 
2 0.075256 0.0542569 0 0.914236 -0.067695 0 
dMomentum = -1.45283e-17 1.12486e-18 0
dEnergy = -4.15249e-16
0 -0.94296 -0.120936 0 -0.147 0.0236639 0 
1 0.820936 0.0702112 0 -0.813696 0.0494759 0 
2 0.122024 0.0507243 0 0.960696 -0.0731398 0 
dMomentum = -1.52873e-17 1.00289e-18 0
dEnergy = -1.39624e-15
0 -0.948883 -0.119547 0 -0.090451 0.0316984 0 
1 0.77705 0.0725502 0 -0.94748 0.0435846 0 
2 0.171833 0.0469972 0 1.03793 -0.075283 0 
dMomentum = -1.52873e-17 8.94467e-19 0
dEnergy = -7.09025e-15
0 -0.952053 -0.11778 0 -0.0367833 0.0388521 0 
1 0.725414 0.074495 0 -1.12859 0.0330742 0 
2 0.226639 0.0432854 0 1.16537 -0.0719263 0 
dMomentum = -1.45283e-17 9.41901e-19 0
dEnergy = -7.19223e-14
0 -0.9526 -0.115674 0 0.0145879 0.0453206 0 
1 0.662571 0.0756612 0 -1.41059 0.0100925 0 
2 0.290029 0.0400124 0 1.396 -0.0554131 0 
dMomentum = -1.0842e-17 1.00289e-18 0
dEnergy = -5.26704e-12
0 -0.950624 -0.113257 0 0.0642072 0.0512896 0 
1 0.579217 0.0746415 0 -2.03731 -0.0738231 0 
2 0.371406 0.0386152 0 1.9731 0.0225335 0 
dMomentum = -9.75782e-18 -1.6263e-18 0
dEnergy = -0.0660331
0 -0.946197 -0.110549 0 0.112835 0.0570182 0 
1 0.52956 0.0335945 0 2.63509 -0.511043 0 
2 0.416637 0.0769545 0 -2.74792 0.454025 0 
dMomentum = -8.72783e-18 -1.21973e-18 0
dEnergy = -0.0660331
0 -0.939319 -0.107548 0 0.162598 0.0631148 0 
1 0.62334 0.0199618 0 1.46204 -0.167133 0 
2 0.31598 0.0875863 0 -1.62464 0.104018 0 
dMomentum = -1.11673e-17 -1.07065e-18 0
dEnergy = -0.0660331
0 -0.929894 -0.104226 0 0.214897 0.0698964 0 
1 0.686408 0.0135113 0 1.1008 -0.101289 0 
2 0.243487 0.0907148 0 -1.3157 0.0313921 0 
dMomentum = -7.86047e-18 -9.89334e-19 0
dEnergy = -0.0660331
0 -0.917773 -0.100545 0 0.270588 0.0775186 0 
1 0.735755 0.00927754 0 0.887316 -0.0711495 0 
2 0.182018 0.091267 0 -1.1579 -0.00636914 0 
dMomentum = -7.39968e-18 -1.0842e-18 0
dEnergy = -0.0660331
0 -0.902763 -0.0964572 0 0.330626 0.0861641 0 
1 0.776131 0.0061929 0 0.734797 -0.0536004 0 
2 0.126632 0.0902643 0 -1.06542 -0.0325637 0 
dMomentum = -3.71339e-18 -1.17907e-18 0
dEnergy = -0.0660331
0 -0.884618 -0.091907 0 0.396233 0.096078 0 
1 0.809775 0.00381775 0 0.615096 -0.0421433 0 
2 0.0748435 0.0880893 0 -1.01133 -0.0539346 0 
dMomentum = -3.46945e-18 -1.19262e-18 0
dEnergy = -0.0660331
0 -0.86302 -0.0868225 0 0.46909 0.107612 0 
1 0.837977 0.00192108 0 0.515718 -0.0341755 0 
2 0.0250427 0.0849014 0 -0.984808 -0.0734363 0 
dMomentum = -1.13841e-18 -1.11131e-18 0
dEnergy = -0.0660331
0 -0.837548 -0.0811102 0 0.551654 0.121297 0 
1 0.861574 0.000363388 0 0.430066 -0.028434 0 
2 -0.0240258 0.0807468 0 -0.98172 -0.0928633 0 
dMomentum = -1.46367e-18 -8.53809e-19 0
dEnergy = -0.0660331
0 -0.80763 -0.0746429 0 0.647763 0.137991 0 
1 0.881147 -0.000947745 0 0.354244 -0.0242266 0 
2 -0.0735167 0.0755907 0 -1.00201 -0.113764 0 
dMomentum = -3.65918e-18 -1.04354e-18 0
dEnergy = -0.0660331
0 -0.772441 -0.0672368 0 0.763925 0.159187 0 
1 0.89712 -0.00207787 0 0.285756 -0.0211398 0 
2 -0.12468 0.0693146 0 -1.04968 -0.138047 0 
dMomentum = -6.451e-18 -1.3146e-18 0
dEnergy = -0.0660331
0 -0.730704 -0.0586022 0 0.912506 0.187817 0 
1 0.909816 -0.00307595 0 0.222894 -0.0189095 0 
2 -0.179111 0.0616781 0 -1.1354 -0.168908 0 
dMomentum = -7.15573e-18 -1.26039e-18 0
dEnergy = -0.0660331
0 -0.680207 -0.0482226 0 1.1215 0.230766 0 
1 0.919482 -0.00398009 0 0.164416 -0.0173572 0 
2 -0.239275 0.0522027 0 -1.28592 -0.213409 0 
dMomentum = -8.45678e-18 -1.91091e-18 0
dEnergy = -0.0660331
0 -0.616222 -0.0349458 0 1.47823 0.31065 0 
1 0.926314 -0.00482079 0 0.109352 -0.0163528 0 
2 -0.310092 0.0397665 0 -1.58758 -0.294297 0 
dMomentum = -8.67362e-18 -2.22261e-18 0
dEnergy = -0.0660331
0 -0.52138 -0.0141105 0 2.68929 0.635 0 
1 0.93046 -0.00562269 0 0.0568317 -0.0157863 0 
2 -0.409081 0.0197332 0 -2.74612 -0.619214 0 
dMomentum = -1.04083e-17 -2.77556e-17 0
dEnergy = 1810.7
0 0.709867 0.997957 0 32.4781 27.4787 0 
1 0.931998 -0.00620665 0 0.00816704 0.00285553 0 
2 -1.64187 -0.991751 0 -32.4862 -27.4816 0 
dMomentum = 3.64292e-17 -4.33681e-17 0
dEnergy = 1810.7
0 2.33367 2.37122 0 32.4734 27.4586 0 
1 0.932351 -0.00548067 0 0.00771843 0.0199512 0 
2 -3.26602 -2.36574 0 -32.4811 -27.4785 0 
dMomentum = 1.21431e-16 -1.9082e-17 0
dEnergy = 1810.7
0 3.95726 3.74404 0 32.4708 27.4551 0 
1 0.932762 -0.0044114 0 0.00857998 0.0222789 0 
2 -4.89003 -3.73963 0 -32.4794 -27.4774 0 
dMomentum = 6.59195e-17 -3.81639e-17 0
dEnergy = 1810.7
0 5.58077 5.11676 0 32.4696 27.4538 0 
1 0.9332 -0.00327723 0 0.00888981 0.0229773 0 
2 -6.51397 -5.11348 0 -32.4785 -27.4768 0 
dMomentum = -8.50015e-17 -5.89806e-17 0
dEnergy = 1810.7
0 7.20423 6.48943 0 32.469 27.4531 0 
1 0.933648 -0.00211997 0 0.00903085 0.0232773 0 
2 -8.13788 -6.48731 0 -32.478 -27.4764 0 
dMomentum = -1.70003e-16 -2.60209e-17 0
dEnergy = 1810.7
0 8.82767 7.86207 0 32.4685 27.4527 0 
1 0.934102 -0.000951822 0 0.00910622 0.0234334 0 
2 -9.76177 -7.86112 0 -32.4776 -27.4761 0 
dMomentum = -1.56125e-16 -2.42861e-17 0
dEnergy = 1810.7
0 10.4511 9.2347 0 32.4682 27.4524 0 
1 0.934558 0.000222318 0 0.0091511 0.0235248 0 
2 -11.3856 -9.23492 0 -32.4774 -27.4759 0 
dMomentum = -9.02056e-17 -2.42861e-17 0
dEnergy = 1810.7
0 12.0745 10.6073 0 32.468 27.4522 0 
1 0.935017 0.00140012 0 0.00917995 0.023583 0 
2 -13.0095 -10.6087 0 -32.4772 -27.4758 0 
dMomentum = -1.76942e-16 1.38778e-17 0
dEnergy = 1810.7
0 13.6979 11.9799 0 32.4678 27.452 0 
1 0.935476 0.00258031 0 0.0091996 0.0236224 0 
2 -14.6334 -11.9825 0 -32.477 -27.4757 0 
dMomentum = -1.35308e-16 1.9082e-17 0
dEnergy = 1810.7
0 15.3213 13.3525 0 32.4677 27.4519 0 
1 0.935937 0.00376216 0 0.00921357 0.0236502 0 
2 -16.2572 -13.3563 0 -32.4769 -27.4756 0 
dMomentum = -2.51535e-16 1.73472e-17 0
dEnergy = 1810.7
0 16.9447 14.7251 0 32.4676 27.4518 0 
1 0.936398 0.0049452 0 0.00922387 0.0236706 0 
2 -17.8811 -14.7301 0 -32.4768 -27.4755 0 
dMomentum = -3.66027e-16 4.68375e-17 0
dEnergy = 1810.7
0 18.568 16.0977 0 32.4675 27.4517 0 
1 0.936859 0.00612914 0 0.00923168 0.023686 0 
2 -19.5049 -16.1038 0 -32.4767 -27.4754 0 
dMomentum = -2.91434e-16 6.93889e-17 0
dEnergy = 1810.7
0 20.1914 17.4703 0 32.4674 27.4517 0 
1 0.937321 0.00731374 0 0.00923775 0.0236979 0 
2 -21.1287 -17.4776 0 -32.4767 -27.4754 0 
dMomentum = -2.22045e-16 5.0307e-17 0
dEnergy = 1810.7
0 21.8148 18.8429 0 32.4674 27.4516 0 
1 0.937783 0.00849888 0 0.00924256 0.0237073 0 
2 -22.7526 -18.8514 0 -32.4766 -27.4753 0 
dMomentum = -3.57353e-16 4.68375e-17 0
dEnergy = 1810.7
0 23.4382 20.2154 0 32.4673 27.4516 0 
1 0.938245 0.00968444 0 0.00924643 0.0237149 0 
2 -24.3764 -20.2251 0 -32.4766 -27.4753 0 
dMomentum = -5.46438e-16 3.64292e-17 0
dEnergy = 1810.7
0 25.0615 21.588 0 32.4673 27.4515 0 
1 0.938707 0.0108703 0 0.0092496 0.0237211 0 
2 -26.0002 -21.5989 0 -32.4765 -27.4752 0 
dMomentum = -5.0307e-16 7.97973e-17 0
dEnergy = 1810.7
0 26.6849 22.9606 0 32.4672 27.4515 0 
1 0.93917 0.0120565 0 0.00925223 0.0237262 0 
2 -27.6241 -22.9727 0 -32.4765 -27.4752 0 
dMomentum = -3.62557e-16 1.35308e-16 0
dEnergy = 1810.7
0 28.3082 24.3332 0 32.4672 27.4515 0 
1 0.939633 0.0132429 0 0.00925443 0.0237304 0 
2 -29.2479 -24.3464 0 -32.4765 -27.4752 0 
dMomentum = -4.33681e-16 1.43982e-16 0
dEnergy = 1810.7
0 29.9316 25.7057 0 32.4672 27.4514 0 
1 0.940095 0.0144296 0 0.0092563 0.023734 0 
2 -30.8717 -25.7202 0 -32.4764 -27.4752 0 
dMomentum = -3.10516e-16 1.43982e-16 0
dEnergy = 1810.7
0 31.555 27.0783 0 32.4671 27.4514 0 
1 0.940558 0.0156163 0 0.00925789 0.0237371 0 
2 -32.4955 -27.0939 0 -32.4764 -27.4751 0 
dMomentum = -2.75821e-16 9.71445e-17 0
dEnergy = 1810.7
0 33.1783 28.4509 0 32.4671 27.4514 0 
1 0.941021 0.0168033 0 0.00925927 0.0237397 0 
2 -34.1193 -28.4677 0 -32.4764 -27.4751 0 
dMomentum = -1.43982e-16 1.5439e-16 0
dEnergy = 1810.7
0 34.8017 29.8235 0 32.4671 27.4514 0 
1 0.941484 0.0179903 0 0.00926046 0.023742 0 
2 -35.7432 -29.8414 0 -32.4763 -27.4751 0 
dMomentum = -2.58474e-16 2.37657e-16 0
dEnergy = 1810.7
0 36.425 31.196 0 32.4671 27.4513 0 
1 0.941947 0.0191775 0 0.0092615 0.023744 0 
2 -37.367 -31.2152 0 -32.4763 -27.4751 0 
