dMomentum = 0 0 0
dEnergy = 0
0 -1 0 0 0.416822 0.330333 0 
1 1 0 0 0.416822 0.330333 0 
2 0 0 0 -0.833644 -0.660667 0 
dMomentum = 4.33681e-19 1.0842e-19 0
dEnergy = 1.36609e-17
0 -0.977493 0.0165268 0 0.482799 0.328918 0 
1 1.01936 0.0165307 0 0.357147 0.329232 0 
2 -0.0418707 -0.0330576 0 -0.839946 -0.65815 0 
dMomentum = -1.57209e-18 -7.86047e-19 0
dEnergy = 6.04985e-17
0 -0.951496 0.0328965 0 0.55645 0.323828 0 
1 1.03587 0.0329604 0 0.302694 0.326409 0 
2 -0.0843776 -0.065857 0 -0.859144 -0.650238 0 
dMomentum = -3.60497e-18 6.77626e-19 0
dEnergy = 1.79869e-16
0 -0.92158 0.0488845 0 0.639555 0.313321 0 
1 1.04977 0.0492177 0 0.252597 0.322428 0 
2 -0.128187 -0.0981022 0 -0.892152 -0.635749 0 
dMomentum = -3.33392e-18 1.11131e-18 0
dEnergy = 4.51028e-16
0 -0.887216 0.0641561 0 0.734445 0.294664 0 
1 1.06124 0.0652553 0 0.206142 0.317698 0 
2 -0.174028 -0.129411 0 -0.940587 -0.612362 0 
dMomentum = -3.25261e-18 3.03577e-18 0
dEnergy = 1.09786e-15
0 -0.847741 0.0782006 0 0.84418 0.26338 0 
1 1.07047 0.0810437 0 0.162722 0.312527 0 
2 -0.222732 -0.159244 0 -1.0069 -0.575907 0 
dMomentum = -5.44812e-18 3.46945e-18 0
dEnergy = 2.87151e-15
0 -0.802317 0.0902105 0 0.97264 0.211758 0 
1 1.07759 0.096567 0 0.121799 0.307145 0 
2 -0.275274 -0.186777 0 -1.09444 -0.518903 0 
dMomentum = -3.38813e-18 2.31748e-18 0
dEnergy = 8.46079e-15
0 -0.749897 0.0988514 0 1.12408 0.125759 0 
1 1.08271 0.111819 0 0.0828731 0.30173 0 
2 -0.332813 -0.210671 0 -1.20696 -0.42749 0 
dMomentum = -3.25261e-18 1.68051e-18 0
dEnergy = 2.90531e-14
0 -0.689265 0.101802 0 1.30017 -0.0214973 0 
1 1.08592 0.126802 0 0.0454442 0.296407 0 
2 -0.396654 -0.228604 0 -1.34562 -0.27491 0 
dMomentum = -1.30104e-18 2.05998e-18 0
dEnergy = 1.12085e-13
0 -0.61942 0.0948302 0 1.48633 -0.281843 0 
1 1.08728 0.141522 0 0.00897433 0.291242 0 
2 -0.46786 -0.236352 0 -1.4953 -0.00939838 0 
dMomentum = -2.33103e-18 3.03577e-18 0
dEnergy = 3.61221e-13
0 -0.541441 0.0703115 0 1.60009 -0.735155 0 
1 1.08682 0.155986 0 -0.0271515 0.28619 0 
2 -0.545384 -0.226298 0 -1.57294 0.448965 0 
dMomentum = -1.84314e-18 3.79471e-18 0
dEnergy = 4.53063e-13
0 -0.464248 0.0180508 0 1.40595 -1.35724 0 
1 1.08455 0.170196 0 -0.0635775 0.280998 0 
2 -0.620306 -0.188247 0 -1.34237 1.07624 0 
dMomentum = -4.71628e-18 5.63785e-18 0
dEnergy = 4.74225e-13
0 -0.407581 -0.0616432 0 0.821253 -1.74659 0 
1 1.08044 0.184132 0 -0.100635 0.275167 0 
2 -0.672862 -0.122488 0 -0.720618 1.47142 0 
dMomentum = -3.1984e-18 6.50521e-18 0
dEnergy = 2.17357e-13
0 -0.38092 -0.149643 0 0.281014 -1.71725 0 
1 1.07447 0.19775 0 -0.138006 0.268321 0 
2 -0.693545 -0.0481075 0 -0.143009 1.44893 0 
dMomentum = -2.81893e-18 1.24683e-17 0
dEnergy = 5.63206e-14
0 -0.37546 -0.231249 0 -0.0297084 -1.53275 0 
1 1.06662 0.211001 0 -0.175185 0.260523 0 
2 -0.691159 0.0202479 0 0.204894 1.27223 0 
dMomentum = -2.71051e-18 1.2902e-17 0
dEnergy = 1.45895e-14
0 -0.381388 -0.303194 0 -0.189022 -1.3428 0 
1 1.05692 0.223843 0 -0.211956 0.252047 0 
2 -0.67553 0.0793506 0 0.400978 1.09076 0 
dMomentum = -2.38524e-18 1.33357e-17 0
dEnergy = 4.25224e-15
0 -0.393097 -0.366251 0 -0.269095 -1.17919 0 
1 1.04539 0.236249 0 -0.248364 0.24315 0 
2 -0.65229 0.130002 0 0.51746 0.936041 0 
dMomentum = -3.90313e-18 1.20346e-17 0
dEnergy = 1.34007e-15
0 -0.407665 -0.421792 0 -0.307458 -1.04201 0 
1 1.03204 0.248203 0 -0.284593 0.234019 0 
2 -0.624371 0.173589 0 0.592051 0.807991 0 
dMomentum = -5.31259e-18 1.30104e-17 0
dEnergy = 3.89662e-16
0 -0.423522 -0.471015 0 -0.322703 -0.926082 0 
1 1.01687 0.259696 0 -0.32089 0.224777 0 
2 -0.593347 0.211319 0 0.643593 0.701305 0 
dMomentum = -6.28837e-18 1.34441e-17 0
dEnergy = 4.0766e-17
0 -0.439776 -0.514859 0 -0.324423 -0.826528 0 
1 0.999877 0.270725 0 -0.35754 0.215502 0 
2 -0.5601 0.244133 0 0.681964 0.611026 0 
dMomentum = -6.61363e-18 1.33357e-17 0
dEnergy = -1.04517e-16
0 -0.455892 -0.554043 0 -0.317846 -0.739582 0 
1 0.981032 0.28129 0 -0.394857 0.206243 0 
2 -0.52514 0.272754 0 0.712703 0.533339 0 
dMomentum = -5.74627e-18 1.36609e-17 0
dEnergy = -1.66859e-16
0 -0.471506 -0.589062 0 -0.305993 -0.662603 0 
1 0.960338 0.291372 0 -0.433109 0.197048 0 
2 -0.488832 0.29769 0 0.739102 0.465555 0 
dMomentum = -5.31259e-18 1.34441e-17 0
dEnergy = -1.95156e-16
0 -0.486434 -0.620432 0 -0.290635 -0.593358 0 
1 0.937698 0.300996 0 -0.472763 0.187916 0 
2 -0.451265 0.319437 0 0.763398 0.405441 0 
dMomentum = -4.55365e-18 1.33357e-17 0
dEnergy = -2.12178e-16
0 -0.500529 -0.648501 0 -0.27287 -0.530314 0 
1 0.913031 0.310165 0 -0.514279 0.178859 0 
2 -0.412502 0.338336 0 0.787149 0.351454 0 
dMomentum = -5.42101e-18 1.27394e-17 0
dEnergy = -2.25839e-16
0 -0.513692 -0.673548 0 -0.253396 -0.472306 0 
1 0.88623 0.318883 0 -0.558216 0.169888 0 
2 -0.372538 0.354664 0 0.811612 0.302418 0 
dMomentum = -6.39679e-18 1.23599e-17 0
dEnergy = -2.41343e-16
0 -0.525848 -0.6958 0 -0.232658 -0.418434 0 
1 0.857157 0.327155 0 -0.605284 0.161017 0 
2 -0.331309 0.368645 0 0.837943 0.257417 0 
dMomentum = -5.74627e-18 1.17636e-17 0
dEnergy = -2.59233e-16
0 -0.536942 -0.715448 0 -0.210949 -0.367987 0 
1 0.825634 0.334987 0 -0.656412 0.15227 0 
2 -0.288692 0.380461 0 0.867361 0.215717 0 
dMomentum = -4.55365e-18 1.21431e-17 0
dEnergy = -2.92735e-16
0 -0.54693 -0.732647 0 -0.188455 -0.320395 0 
1 0.791428 0.342385 0 -0.712871 0.143687 0 
2 -0.244498 0.390262 0 0.901325 0.176708 0 
dMomentum = -3.68629e-18 1.18178e-17 0
dEnergy = -3.5757e-16
0 -0.555776 -0.747527 0 -0.165293 -0.275197 0 
1 0.754228 0.34936 0 -0.776485 0.135345 0 
2 -0.198452 0.398168 0 0.941778 0.139852 0 
dMomentum = -4.55365e-18 1.10589e-17 0
dEnergy = -4.98082e-16
0 -0.563449 -0.7602 0 -0.141536 -0.232006 0 
1 0.713615 0.355926 0 -0.85002 0.127379 0 
2 -0.150165 0.404274 0 0.991556 0.104626 0 
dMomentum = -5.63785e-18 1.13299e-17 0
dEnergy = -8.64326e-16
0 -0.569921 -0.770756 0 -0.11722 -0.190496 0 
1 0.668988 0.362108 0 -0.937972 0.120053 0 
2 -0.0990674 0.408648 0 1.05519 0.0704427 0 
dMomentum = -1.73472e-18 1.14383e-17 0
dEnergy = -2.06562e-15
0 -0.575162 -0.779273 0 -0.0923615 -0.150385 0 
1 0.619448 0.36795 0 -1.04836 0.1139 0 
2 -0.0442852 0.411322 0 1.14073 0.0364847 0 
dMomentum = 1.0842e-18 1.11673e-17 0
dEnergy = -7.67398e-15
0 -0.579148 -0.785813 0 -0.0669615 -0.11142 0 
1 0.563516 0.373537 0 -1.19759 0.11015 0 
2 0.015632 0.412276 0 1.26455 0.00127066 0 
dMomentum = 3.03577e-18 1.12215e-17 0
dEnergy = -5.647e-14
0 -0.581849 -0.79043 0 -0.041016 -0.0733678 0 
1 0.49839 0.379059 0 -1.4274 0.112311 0 
2 0.0834595 0.41137 0 1.46841 -0.0389434 0 
dMomentum = 2.81893e-18 1.09504e-17 0
dEnergy = -2.10564e-12
0 -0.58324 -0.793162 0 -0.014529 -0.0359937 0 
1 0.416994 0.385098 0 -1.90536 0.136532 0 
2 0.166246 0.408064 0 1.91989 -0.100538 0 
dMomentum = -4.33681e-19 1.56125e-17 0
dEnergy = 38.5162
0 -0.583294 -0.794036 0 0.0124398 0.000972131 0 
1 0.271491 0.428162 0 -3.75339 6.13585 0 
2 0.311803 0.365874 0 3.74095 -6.13682 0 
dMomentum = -1.73472e-18 3.38271e-17 0
dEnergy = 38.5162
0 -0.58199 -0.793083 0 0.0398579 0.0366005 0 
1 0.103246 0.703322 0 -3.28582 5.35933 0 
2 0.478744 0.0897611 0 3.24596 -5.39593 0 
dMomentum = 8.67362e-19 3.29597e-17 0
dEnergy = 38.5162
0 -0.579294 -0.790468 0 0.0680414 0.0667765 0 
1 -0.0603934 0.969561 0 -3.26473 5.29973 0 
2 0.639687 -0.179093 0 3.19668 -5.36651 0 
dMomentum = 6.50521e-19 3.42608e-17 0
dEnergy = 38.5162
0 -0.575197 -0.786544 0 0.0955188 0.0887554 0 
1 -0.223438 1.23376 0 -3.25793 5.27064 0 
2 0.798635 -0.447215 0 3.16241 -5.3594 0 
dMomentum = 3.68629e-18 3.59955e-17 0
dEnergy = 38.5162
0 -0.569795 -0.781728 0 0.11987 0.102657 0 
1 -0.386234 1.49679 0 -3.25418 5.25166 0 
2 0.956029 -0.71506 0 3.13431 -5.35431 0 
dMomentum = 3.46945e-18 4.94396e-17 0
dEnergy = 38.5162
0 -0.563286 -0.776379 0 0.139683 0.110514 0 
1 -0.548872 1.75901 0 -3.25142 5.23788 0 
2 1.11216 -0.982631 0 3.11174 -5.34839 0 
dMomentum = -1.73472e-18 4.55365e-17 0
dEnergy = 38.5162
0 -0.555903 -0.770739 0 0.154969 0.1146 0 
1 -0.711384 2.02063 0 -3.24914 5.22733 0 
2 1.26729 -1.24989 0 3.09417 -5.34193 0 
dMomentum = -4.11997e-18 4.16334e-17 0
dEnergy = 38.5162
0 -0.547852 -0.764954 0 0.166491 0.116566 0 
1 -0.87379 2.28178 0 -3.24714 5.21899 0 
2 1.42164 -1.51683 0 3.08065 -5.33556 0 
dMomentum = -8.67362e-19 4.16334e-17 0
dEnergy = 38.5162
0 -0.539301 -0.759101 0 0.175141 0.117407 0 
1 -1.0361 2.54255 0 -3.24536 5.21223 0 
2 1.5754 -1.78345 0 3.07022 -5.32964 0 
dMomentum = -4.33681e-19 3.38271e-17 0
dEnergy = 38.5162
0 -0.530373 -0.753223 0 0.181678 0.11767 0 
1 -1.19833 2.80302 0 -3.24377 5.20666 0 
2 1.7287 -2.0498 0 3.06209 -5.32433 0 
dMomentum = 1.30104e-18 3.46945e-17 0
dEnergy = 38.5162
0 -0.521159 -0.747339 0 0.186677 0.117644 0 
1 -1.36048 3.06324 0 -3.24234 5.20198 0 
2 1.88164 -2.3159 0 3.05566 -5.31963 0 
dMomentum = -5.42101e-18 2.12504e-17 0
dEnergy = 38.5162
0 -0.511724 -0.74146 0 0.190551 0.11748 0 
1 -1.52256 3.32323 0 -3.24104 5.19802 0 
2 2.03429 -2.58177 0 3.05049 -5.3155 0 
dMomentum = -1.30104e-17 6.93889e-18 0
dEnergy = 38.5162
0 -0.502118 -0.735592 0 0.193595 0.117258 0 
1 -1.68459 3.58305 0 -3.23987 5.19461 0 
2 2.1867 -2.84745 0 3.04627 -5.31187 0 
dMomentum = -1.69136e-17 6.93889e-18 0
dEnergy = 38.5162
0 -0.492375 -0.729735 0 0.19602 0.117016 0 
1 -1.84655 3.8427 0 -3.2388 5.19165 0 
2 2.33893 -3.11297 0 3.04278 -5.30867 0 
dMomentum = -1.56125e-17 -7.80626e-18 0
dEnergy = 38.5162
0 -0.482523 -0.72389 0 0.197975 0.116777 0 
1 -2.00847 4.10222 0 -3.23783 5.18907 0 
2 2.49099 -3.37833 0 3.03986 -5.30584 0 
dMomentum = -2.01662e-17 3.46945e-18 0
dEnergy = 38.5162
0 -0.472584 -0.718057 0 0.199569 0.116549 0 
1 -2.17034 4.36161 0 -3.23695 5.18679 0 
2 2.64292 -3.64356 0 3.03738 -5.30334 0 
dMomentum = -1.73472e-17 1.56125e-17 0
dEnergy = 38.5162
0 -0.462571 -0.712235 0 0.200884 0.116336 0 
1 -2.33217 4.6209 0 -3.23614 5.18476 0 
2 2.79474 -3.90867 0 3.03525 -5.3011 0 
dMomentum = -1.71304e-17 1.34441e-17 0
dEnergy = 38.5162
0 -0.452499 -0.706423 0 0.201978 0.116141 0 
1 -2.49395 4.88009 0 -3.23539 5.18296 0 
2 2.94645 -4.17367 0 3.03341 -5.2991 0 
dMomentum = -2.01662e-17 1.69136e-17 0
dEnergy = 38.5162
0 -0.442376 -0.700621 0 0.202896 0.115962 0 
1 -2.65571 5.1392 0 -3.2347 5.18133 0 
2 3.09808 -4.43858 0 3.03181 -5.29729 0 
dMomentum = -2.84061e-17 3.90313e-18 0
dEnergy = 38.5162
0 -0.432212 -0.694827 0 0.203673 0.115799 0 
1 -2.81742 5.39823 0 -3.23407 5.17986 0 
2 3.24964 -4.7034 0 3.03039 -5.29566 0 
dMomentum = -2.77556e-17 1.69136e-17 0
dEnergy = 38.5162
0 -0.422011 -0.689041 0 0.204336 0.11565 0 
1 -2.97911 5.65719 0 -3.23348 5.17853 0 
2 3.40112 -4.96815 0 3.02914 -5.29418 0 
dMomentum = -2.51535e-17 2.38524e-17 0
dEnergy = 38.5162
0 -0.41178 -0.683262 0 0.204904 0.115515 0 
1 -3.14077 5.91608 0 -3.23293 5.17732 0 
2 3.55255 -5.23282 0 3.02803 -5.29283 0 
dMomentum = -2.40693e-17 5.20417e-18 0
dEnergy = 38.5162
0 -0.401522 -0.677489 0 0.205395 0.115391 0 
1 -3.30241 6.17492 0 -3.23242 5.17621 0 
2 3.70393 -5.49743 0 3.02703 -5.2916 0 
dMomentum = -2.60209e-17 1.47451e-17 0
dEnergy = 38.5162
0 -0.391241 -0.671722 0 0.205822 0.115279 0 
1 -3.46402 6.43371 0 -3.23195 5.17519 0 
2 3.85526 -5.76198 0 3.02613 -5.29047 0 
dMomentum = -2.68882e-17 3.42608e-17 0
dEnergy = 38.5162
0 -0.380941 -0.665961 0 0.206194 0.115175 0 
1 -3.6256 6.69244 0 -3.2315 5.17425 0 
2 4.00654 -6.02648 0 3.02531 -5.28943 0 
dMomentum = -4.2067e-17 3.42608e-17 0
dEnergy = 38.5162
0 -0.370622 -0.660205 0 0.20652 0.11508 0 
1 -3.78717 6.95113 0 -3.23109 5.17338 0 
2 4.15779 -6.29093 0 3.02457 -5.28846 0 
dMomentum = -3.5345e-17 4.16334e-17 0
dEnergy = 38.5162
0 -0.360289 -0.654453 0 0.206808 0.114993 0 
1 -3.94871 7.20978 0 -3.2307 5.17258 0 
2 4.309 -6.55533 0 3.02389 -5.28757 0 
dMomentum = -3.14419e-17 3.03577e-17 0
dEnergy = 38.5162
0 -0.349942 -0.648705 0 0.207062 0.114913 0 
1 -4.11024 7.46839 0 -3.23033 5.17183 0 
2 4.46018 -6.81969 0 3.02327 -5.28674 0 
dMomentum = -3.14419e-17 3.46945e-17 0
dEnergy = 38.5162
0 -0.339583 -0.642961 0 0.207288 0.114838 0 
1 -4.27174 7.72696 0 -3.22999 5.17113 0 
2 4.61133 -7.084 0 3.0227 -5.28597 0 
dMomentum = -3.01408e-17 4.2067e-17 0
dEnergy = 38.5162
0 -0.329214 -0.637221 0 0.20749 0.11477 0 
1 -4.43324 7.98551 0 -3.22966 5.17048 0 
2 4.76245 -7.34828 0 3.02217 -5.28525 0 
dMomentum = -2.62377e-17 3.46945e-17 0
dEnergy = 38.5162
0 -0.318835 -0.631484 0 0.20767 0.114706 0 
1 -4.59471 8.24401 0 -3.22936 5.16987 0 
2 4.91355 -7.61253 0 3.02169 -5.28458 0 
dMomentum = -2.9924e-17 1.04083e-17 0
dEnergy = 38.5162
0 -0.308447 -0.625751 0 0.207831 0.114646 0 
1 -4.75617 8.50249 0 -3.22907 5.1693 0 
2 5.06462 -7.87674 0 3.02123 -5.28395 0 
dMomentum = -3.18755e-17 1.17094e-17 0
dEnergy = 38.5162
0 -0.298052 -0.62002 0 0.207977 0.114591 0 
1 -4.91762 8.76094 0 -3.22879 5.16877 0 
2 5.21567 -8.14093 0 3.02081 -5.28336 0 
dMomentum = -3.23092e-17 1.64799e-17 0
dEnergy = 38.5162
0 -0.28765 -0.614291 0 0.208108 0.114539 0 
1 -5.07905 9.01937 0 -3.22853 5.16826 0 
2 5.3667 -8.40508 0 3.02042 -5.2828 0 
dMomentum = -4.6187e-17 1.17094e-17 0
dEnergy = 38.5162
0 -0.277241 -0.608566 0 0.208227 0.114491 0 
1 -5.24047 9.27777 0 -3.22828 5.16778 0 
2 5.51771 -8.66921 0 3.02005 -5.28227 0 
dMomentum = -4.01155e-17 7.80626e-18 0
dEnergy = 38.5162
0 -0.266827 -0.602842 0 0.208334 0.114446 0 
1 -5.40188 9.53615 0 -3.22804 5.16733 0 
2 5.66871 -8.93331 0 3.01971 -5.28178 0 
dMomentum = -2.90566e-17 1.25767e-17 0
dEnergy = 38.5162
0 -0.256408 -0.597121 0 0.208432 0.114403 0 
1 -5.56328 9.7945 0 -3.22782 5.16691 0 
2 5.81968 -9.19738 0 3.01939 -5.28131 0 
dMomentum = -3.03577e-17 1.38778e-17 0
dEnergy = 38.5162
0 -0.245984 -0.591402 0 0.208521 0.114363 0 
1 -5.72466 10.0528 0 -3.2276 5.1665 0 
2 5.97065 -9.46144 0 3.01908 -5.28087 0 
dMomentum = -3.40439e-17 1.60462e-17 0
dEnergy = 38.5162
0 -0.235556 -0.585685 0 0.208602 0.114325 0 
1 -5.88604 10.3112 0 -3.2274 5.16612 0 
2 6.12159 -9.72547 0 3.0188 -5.28045 0 
dMomentum = -3.25261e-17 1.25767e-17 0
dEnergy = 38.5162
0 -0.225124 -0.579969 0 0.208676 0.11429 0 
1 -6.0474 10.5695 0 -3.2272 5.16576 0 
2 6.27253 -9.98948 0 3.01853 -5.28005 0 
dMomentum = -3.33934e-17 7.37257e-18 0
dEnergy = 38.5162
0 -0.214689 -0.574256 0 0.208744 0.114256 0 
1 -6.20876 10.8277 0 -3.22702 5.16541 0 
2 6.42345 -10.2535 0 3.01827 -5.27967 0 
dMomentum = -3.72966e-17 8.67362e-19 0
dEnergy = 38.5162
0 -0.20425 -0.568544 0 0.208806 0.114225 0 
1 -6.3701 11.086 0 -3.22684 5.16508 0 
2 6.57435 -10.5174 0 3.01803 -5.27931 0 
dMomentum = -3.68629e-17 -4.33681e-18 0
dEnergy = 38.5162
0 -0.193808 -0.562833 0 0.208864 0.114195 0 
1 -6.53144 11.3442 0 -3.22667 5.16477 0 
2 6.72525 -10.7814 0 3.0178 -5.27896 0 
dMomentum = -3.88144e-17 -1.17094e-17 0
dEnergy = 38.5162
0 -0.183363 -0.557124 0 0.208917 0.114166 0 
1 -6.69277 11.6025 0 -3.2265 5.16447 0 
2 6.87613 -11.0453 0 3.01759 -5.27863 0 
dMomentum = -4.01155e-17 -1.21431e-17 0
dEnergy = 38.5162
0 -0.172916 -0.551417 0 0.208965 0.114139 0 
1 -6.85409 11.8607 0 -3.22635 5.16418 0 
2 7.02701 -11.3093 0 3.01738 -5.27832 0 
dMomentum = -3.38271e-17 5.20417e-18 0
dEnergy = 38.5162
0 -0.162467 -0.54571 0 0.20901 0.114113 0 
1 -7.0154 12.1189 0 -3.22619 5.16391 0 
2 7.17787 -11.5732 0 3.01718 -5.27802 0 
dMomentum = -3.98986e-17 -1.38778e-17 0
dEnergy = 38.5162
0 -0.151995 -0.539994 0 0.209052 0.114089 0 
1 -7.17703 12.3776 0 -3.22605 5.16364 0 
2 7.32903 -11.8376 0 3.017 -5.27773 0 
dMomentum = -4.11997e-17 -2.77556e-17 0
dEnergy = 38.5162
0 -0.14152 -0.534279 0 0.20909 0.114065 0 
1 -7.33865 12.6363 0 -3.22591 5.16339 0 
2 7.48018 -12.102 0 3.01682 -5.27746 0 
dMomentum = -3.27429e-17 -3.25261e-17 0
dEnergy = 38.5162
0 -0.131044 -0.528564 0 0.209126 0.114043 0 
1 -7.50027 12.895 0 -3.22577 5.16315 0 
2 7.63131 -12.3664 0 3.01665 -5.27719 0 
dMomentum = -2.79724e-17 -4.03323e-17 0
dEnergy = 38.5162
0 -0.120566 -0.522851 0 0.209159 0.114022 0 
1 -7.66188 13.1536 0 -3.22564 5.16292 0 
2 7.78244 -12.6308 0 3.01648 -5.27694 0 
dMomentum = -3.68629e-17 -2.94903e-17 0
dEnergy = 38.5162
0 -0.110086 -0.517139 0 0.209189 0.114001 0 
1 -7.82348 13.4123 0 -3.22552 5.16269 0 
2 7.93357 -12.8952 0 3.01633 -5.27669 0 
dMomentum = -3.25261e-17 -3.38271e-17 0
dEnergy = 38.5162
0 -0.099605 -0.511428 0 0.209218 0.113982 0 
1 -7.98507 13.6709 0 -3.2254 5.16248 0 
2 8.08468 -13.1595 0 3.01618 -5.27646 0 
dMomentum = -2.9924e-17 -2.12504e-17 0
dEnergy = 38.5162
0 -0.0891225 -0.505718 0 0.209244 0.113963 0 
1 -8.14666 13.9296 0 -3.22528 5.16227 0 
2 8.23579 -13.4239 0 3.01604 -5.27624 0 
dMomentum = -3.14419e-17 -7.37257e-18 0
dEnergy = 38.5162
0 -0.0786388 -0.500009 0 0.209269 0.113945 0 
1 -8.30825 14.1882 0 -3.22517 5.16207 0 
2 8.38689 -13.6882 0 3.0159 -5.27602 0 
dMomentum = -3.01408e-17 8.67362e-18 0
dEnergy = 38.5162
0 -0.0681538 -0.494301 0 0.209292 0.113928 0 
1 -8.46983 14.4468 0 -3.22506 5.16188 0 
2 8.53798 -13.9525 0 3.01577 -5.27581 0 
dMomentum = -3.18755e-17 -3.46945e-18 0
dEnergy = 38.5162
0 -0.0576677 -0.488594 0 0.209313 0.113912 0 
1 -8.6314 14.7054 0 -3.22495 5.1617 0 
2 8.68907 -14.2168 0 3.01564 -5.27561 0 
dMomentum = -2.81893e-17 2.1684e-18 0
dEnergy = 38.5162
0 -0.0471806 -0.482887 0 0.209333 0.113896 0 
1 -8.79297 14.964 0 -3.22485 5.16152 0 
2 8.84015 -14.4811 0 3.01552 -5.27542 0 
dMomentum = -3.36103e-17 -2.55872e-17 0
dEnergy = 38.5162
0 -0.0366925 -0.477181 0 0.209352 0.113881 0 
1 -8.95453 15.2226 0 -3.22475 5.16135 0 
2 8.99122 -14.7454 0 3.0154 -5.27523 0 
dMomentum = -2.90566e-17 -1.25767e-17 0
dEnergy = 38.5162
0 -0.0262035 -0.471476 0 0.20937 0.113866 0 
1 -9.11609 15.4812 0 -3.22466 5.16118 0 
2 9.14229 -15.0097 0 3.01529 -5.27505 0 
dMomentum = -2.14672e-17 -9.1073e-18 0
dEnergy = 38.5162
0 -0.0157137 -0.465772 0 0.209386 0.113852 0 
1 -9.27764 15.7398 0 -3.22456 5.16102 0 
2 9.29335 -15.274 0 3.01518 -5.27487 0 
dMomentum = -1.9082e-17 -1.30104e-17 0
dEnergy = 38.5162
0 -0.0052231 -0.460068 0 0.209401 0.113839 0 
1 -9.43919 15.9983 0 -3.22448 5.16087 0 
2 9.44441 -15.5382 0 3.01507 -5.27471 0 
dMomentum = -3.33934e-17 3.46945e-18 0
dEnergy = 38.5162
0 0.00526827 -0.454365 0 0.209416 0.113826 0 
1 -9.60073 16.2569 0 -3.22439 5.16072 0 
2 9.59546 -15.8025 0 3.01497 -5.27454 0 
dMomentum = -3.6646e-17 3.46945e-18 0
dEnergy = 38.5162
0 0.0157603 -0.448663 0 0.209429 0.113813 0 
1 -9.76227 16.5154 0 -3.2243 5.16057 0 
2 9.74651 -16.0668 0 3.01487 -5.27438 0 
dMomentum = -3.38271e-17 -2.60209e-18 0
dEnergy = 38.5162
0 0.026253 -0.442961 0 0.209442 0.113801 0 
1 -9.92381 16.774 0 -3.22422 5.16043 0 
2 9.89755 -16.331 0 3.01478 -5.27423 0 
dMomentum = -3.05745e-17 -2.1684e-18 0
dEnergy = 38.5162
0 0.0367464 -0.43726 0 0.209453 0.113789 0 
1 -10.0853 17.0325 0 -3.22414 5.16029 0 
2 10.0486 -16.5952 0 3.01469 -5.27408 0 
dMomentum = -2.88398e-17 6.93889e-18 0
dEnergy = 38.5162
0 0.0472402 -0.43156 0 0.209464 0.113778 0 
1 -10.2469 17.291 0 -3.22407 5.16016 0 
2 10.1996 -16.8595 0 3.0146 -5.27394 0 
dMomentum = -3.5345e-17 -4.33681e-19 0
dEnergy = 38.5162
0 0.0577347 -0.42586 0 0.209475 0.113767 0 
1 -10.4084 17.5495 0 -3.22399 5.16003 0 
2 10.3507 -17.1237 0 3.01452 -5.2738 0 
dMomentum = -2.71051e-17 -2.1684e-18 0
dEnergy = 38.5162
0 0.0682296 -0.42016 0 0.209485 0.113756 0 
1 -10.5699 17.8081 0 -3.22392 5.15991 0 
2 10.5017 -17.3879 0 3.01443 -5.27367 0 
dMomentum = -1.88651e-17 1.0842e-17 0
dEnergy = 38.5162
0 0.078725 -0.414461 0 0.209494 0.113746 0 
1 -10.7314 18.0666 0 -3.22385 5.15979 0 
2 10.6527 -17.6521 0 3.01435 -5.27353 0 
dMomentum = -2.1684e-17 1.77809e-17 0
dEnergy = 38.5162
0 0.0892209 -0.408763 0 0.209502 0.113736 0 
1 -10.8929 18.3251 0 -3.22378 5.15967 0 
2 10.8037 -17.9163 0 3.01427 -5.27341 0 
dMomentum = -2.21177e-17 2.94903e-17 0
dEnergy = 38.5162
0 0.0997171 -0.403065 0 0.20951 0.113726 0 
1 -11.0544 18.5836 0 -3.22371 5.15956 0 
2 10.9547 -18.1805 0 3.0142 -5.27328 0 
dMomentum = -1.60462e-17 3.98986e-17 0
dEnergy = 38.5162
0 0.110214 -0.397367 0 0.209518 0.113717 0 
1 -11.216 18.8421 0 -3.22364 5.15945 0 
2 11.1057 -18.4447 0 3.01413 -5.27316 0 
dMomentum = -2.08167e-17 2.55872e-17 0
dEnergy = 38.5162
0 0.120711 -0.39167 0 0.209525 0.113708 0 
1 -11.3775 19.1005 0 -3.22358 5.15934 0 
2 11.2567 -18.7089 0 3.01406 -5.27305 0 
dMomentum = -2.23346e-17 2.73219e-17 0
dEnergy = 38.5162
0 0.131208 -0.385974 0 0.209532 0.113699 0 
1 -11.539 19.359 0 -3.22352 5.15923 0 
2 11.4077 -18.973 0 3.01399 -5.27293 0 
dMomentum = -2.08167e-17 3.77302e-17 0
dEnergy = 38.5162
0 0.141706 -0.380278 0 0.209538 0.113691 0 
1 -11.7005 19.6175 0 -3.22346 5.15913 0 
2 11.5587 -19.2372 0 3.01392 -5.27282 0 
dMomentum = -2.4503e-17 4.03323e-17 0
dEnergy = 38.5162
0 0.152204 -0.374582 0 0.209544 0.113683 0 
1 -11.8619 19.876 0 -3.2234 5.15903 0 
2 11.7097 -19.5014 0 3.01385 -5.27271 0 
dMomentum = -2.47198e-17 2.47198e-17 0
dEnergy = 38.5162
0 0.162702 -0.368887 0 0.20955 0.113675 0 
1 -12.0234 20.1344 0 -3.22334 5.15893 0 
2 11.8607 -19.7655 0 3.01379 -5.27261 0 
dMomentum = -2.55872e-17 2.34188e-17 0
dEnergy = 38.5162
0 0.173201 -0.363192 0 0.209555 0.113667 0 
1 -12.1849 20.3929 0 -3.22329 5.15884 0 
2 12.0117 -20.0297 0 3.01373 -5.27251 0 
dMomentum = -2.4503e-17 3.25261e-17 0
dEnergy = 38.5162
0 0.1837 -0.357497 0 0.20956 0.113659 0 
1 -12.3464 20.6513 0 -3.22323 5.15875 0 
2 12.1627 -20.2938 0 3.01367 -5.27241 0 
dMomentum = -2.29851e-17 2.86229e-17 0
dEnergy = 38.5162
0 0.194199 -0.351803 0 0.209565 0.113652 0 
1 -12.5079 20.9098 0 -3.22318 5.15866 0 
2 12.3137 -20.558 0 3.01361 -5.27231 0 
dMomentum = -2.4503e-17 3.29597e-17 0
dEnergy = 38.5162
0 0.204698 -0.346109 0 0.209569 0.113645 0 
1 -12.6694 21.1682 0 -3.22312 5.15857 0 
2 12.4647 -20.8221 0 3.01356 -5.27222 0 
dMomentum = -2.47198e-17 3.16587e-17 0
dEnergy = 38.5162
0 0.215198 -0.340416 0 0.209573 0.113638 0 
1 -12.8309 21.4267 0 -3.22307 5.15849 0 
2 12.6157 -21.0863 0 3.0135 -5.27212 0 
dMomentum = -2.27682e-17 3.38271e-17 0
dEnergy = 38.5162
0 0.225697 -0.334723 0 0.209577 0.113631 0 
1 -12.9923 21.6851 0 -3.22302 5.1584 0 
2 12.7666 -21.3504 0 3.01345 -5.27203 0 
dMomentum = -1.56125e-17 4.46691e-17 0
dEnergy = 38.5162
0 0.236197 -0.32903 0 0.209581 0.113624 0 
1 -13.1538 21.9436 0 -3.22297 5.15832 0 
2 12.9176 -21.6145 0 3.01339 -5.27195 0 
dMomentum = -6.93889e-18 4.38018e-17 0
dEnergy = 38.5162
0 0.246697 -0.323338 0 0.209584 0.113618 0 
1 -13.3153 22.202 0 -3.22293 5.15824 0 
2 13.0686 -21.8786 0 3.01334 -5.27186 0 
dMomentum = -6.50521e-19 4.77049e-17 0
dEnergy = 38.5162
0 0.257197 -0.317646 0 0.209587 0.113611 0 
1 -13.4767 22.4604 0 -3.22288 5.15816 0 
2 13.2195 -22.1428 0 3.01329 -5.27178 0 
dMomentum = 4.77049e-18 5.85469e-17 0
dEnergy = 38.5162
0 0.267698 -0.311954 0 0.20959 0.113605 0 
1 -13.6382 22.7188 0 -3.22283 5.15809 0 
2 13.3705 -22.4069 0 3.01324 -5.27169 0 
dMomentum = 6.28837e-18 6.72205e-17 0
dEnergy = 38.5162
0 0.278198 -0.306262 0 0.209593 0.113599 0 
1 -13.7997 22.9773 0 -3.22279 5.15801 0 
2 13.5215 -22.671 0 3.0132 -5.27161 0 
dMomentum = 2.81893e-18 6.50521e-17 0
dEnergy = 38.5162
0 0.288699 -0.300571 0 0.209596 0.113594 0 
1 -13.9611 23.2357 0 -3.22275 5.15794 0 
2 13.6724 -22.9351 0 3.01315 -5.27154 0 
dMomentum = -1.30104e-18 4.77049e-17 0
dEnergy = 38.5162
0 0.2992 -0.29488 0 0.209599 0.113588 0 
1 -14.1226 23.4941 0 -3.2227 5.15787 0 
2 13.8234 -23.1992 0 3.01311 -5.27146 0 
dMomentum = -3.25261e-18 5.42101e-17 0
dEnergy = 38.5162
0 0.309701 -0.28919 0 0.209601 0.113582 0 
1 -14.284 23.7525 0 -3.22266 5.1578 0 
2 13.9743 -23.4633 0 3.01306 -5.27138 0 
dMomentum = -4.11997e-18 6.63532e-17 0
dEnergy = 38.5162
0 0.320202 -0.283499 0 0.209603 0.113577 0 
1 -14.4455 24.0109 0 -3.22262 5.15774 0 
2 14.1253 -23.7274 0 3.01302 -5.27131 0 
dMomentum = -6.50521e-18 6.46184e-17 0
dEnergy = 38.5162
0 0.330703 -0.277809 0 0.209605 0.113572 0 
1 -14.6069 24.2693 0 -3.22258 5.15767 0 
2 14.2762 -23.9915 0 3.01298 -5.27124 0 
dMomentum = -4.55365e-18 4.59702e-17 0
dEnergy = 38.5162
0 0.341204 -0.272119 0 0.209607 0.113566 0 
1 -14.7684 24.5277 0 -3.22254 5.1576 0 
2 14.4272 -24.2556 0 3.01293 -5.27117 0 
dMomentum = -3.90313e-18 5.24754e-17 0
dEnergy = 38.5162
0 0.351706 -0.26643 0 0.209609 0.113561 0 
1 -14.9298 24.7861 0 -3.2225 5.15754 0 
2 14.5781 -24.5197 0 3.01289 -5.2711 0 
dMomentum = -7.37257e-18 4.38018e-17 0
dEnergy = 38.5162
0 0.362207 -0.260741 0 0.209611 0.113556 0 
1 -15.0913 25.0445 0 -3.22247 5.15748 0 
2 14.7291 -24.7837 0 3.01285 -5.27104 0 
dMomentum = -8.0231e-18 3.51282e-17 0
dEnergy = 38.5162
0 0.372709 -0.255052 0 0.209612 0.113552 0 
1 -15.2527 25.3029 0 -3.22243 5.15742 0 
2 14.88 -25.0478 0 3.01282 -5.27097 0 
dMomentum = -3.68629e-18 2.86229e-17 0
dEnergy = 38.5162
0 0.38321 -0.249363 0 0.209614 0.113547 0 
1 -15.4142 25.5612 0 -3.22239 5.15736 0 
2 15.031 -25.3119 0 3.01278 -5.27091 0 
dMomentum = 1.0842e-18 4.64039e-17 0
dEnergy = 38.5162
0 0.393712 -0.243674 0 0.209615 0.113542 0 
1 -15.5756 25.8196 0 -3.22236 5.1573 0 
2 15.1819 -25.576 0 3.01274 -5.27084 0 
dMomentum = -4.55365e-18 4.81386e-17 0
dEnergy = 38.5162
0 0.404214 -0.237986 0 0.209616 0.113538 0 
1 -15.7371 26.078 0 -3.22232 5.15724 0 
2 15.3328 -25.84 0 3.01271 -5.27078 0 
dMomentum = 0 5.42101e-17 0
dEnergy = 38.5162
0 0.414716 -0.232298 0 0.209618 0.113533 0 
1 -15.8985 26.3364 0 -3.22229 5.15719 0 
2 15.4838 -26.1041 0 3.01267 -5.27072 0 
dMomentum = -8.67362e-19 4.29344e-17 0
dEnergy = 38.5162
0 0.425217 -0.22661 0 0.209619 0.113529 0 
1 -16.0599 26.5948 0 -3.22225 5.15713 0 
2 15.6347 -26.3682 0 3.01264 -5.27066 0 
dMomentum = -2.81893e-18 3.98986e-17 0
dEnergy = 38.5162
0 0.435719 -0.220922 0 0.20962 0.113525 0 
1 -16.2214 26.8531 0 -3.22222 5.15708 0 
2 15.7856 -26.6322 0 3.0126 -5.2706 0 
dMomentum = -3.90313e-18 6.15827e-17 0
dEnergy = 38.5162
0 0.446221 -0.215235 0 0.209621 0.113521 0 
1 -16.3828 27.1115 0 -3.22219 5.15703 0 
2 15.9366 -26.8963 0 3.01257 -5.27055 0 
dMomentum = -4.33681e-18 6.50521e-17 0
dEnergy = 38.5162
0 0.456723 -0.209547 0 0.209622 0.113517 0 
1 -16.5442 27.3699 0 -3.22216 5.15697 0 
2 16.0875 -27.1603 0 3.01254 -5.27049 0 
dMomentum = -8.89046e-18 8.58688e-17 0
dEnergy = 38.5162
0 0.467225 -0.20386 0 0.209622 0.113513 0 
1 -16.7057 27.6282 0 -3.22213 5.15692 0 
2 16.2384 -27.4244 0 3.0125 -5.27044 0 
dMomentum = -5.63785e-18 8.80372e-17 0
dEnergy = 38.5162
0 0.477728 -0.198173 0 0.209623 0.113509 0 
1 -16.8671 27.8866 0 -3.2221 5.15687 0 
2 16.3894 -27.6884 0 3.01247 -5.27038 0 
dMomentum = -2.60209e-18 8.71699e-17 0
dEnergy = 38.5162
0 0.48823 -0.192487 0 0.209624 0.113505 0 
1 -17.0285 28.1449 0 -3.22207 5.15682 0 
2 16.5403 -27.9525 0 3.01244 -5.27033 0 
dMomentum = -6.72205e-18 1.04951e-16 0
dEnergy = 38.5162
0 0.498732 -0.1868 0 0.209625 0.113501 0 
1 -17.1899 28.4033 0 -3.22204 5.15678 0 
2 16.6912 -28.2165 0 3.01241 -5.27028 0 
dMomentum = -2.1684e-19 9.62772e-17 0
dEnergy = 38.5162
0 0.509234 -0.181114 0 0.209625 0.113497 0 
1 -17.3514 28.6617 0 -3.22201 5.15673 0 
2 16.8421 -28.4805 0 3.01238 -5.27023 0 
dMomentum = 4.77049e-18 9.93129e-17 0
dEnergy = 38.5162
0 0.519736 -0.175428 0 0.209626 0.113494 0 
1 -17.5128 28.92 0 -3.22198 5.15668 0 
2 16.993 -28.7446 0 3.01235 -5.27018 0 
dMomentum = 6.93889e-18 1.02782e-16 0
dEnergy = 38.5162
0 0.530239 -0.169742 0 0.209626 0.11349 0 
1 -17.6742 29.1784 0 -3.22195 5.15664 0 
2 17.144 -29.0086 0 3.01232 -5.27013 0 
dMomentum = 1.14925e-17 9.58435e-17 0
dEnergy = 38.5162
0 0.540741 -0.164056 0 0.209626 0.113487 0 
1 -17.8356 29.4367 0 -3.22192 5.15659 0 
2 17.2949 -29.2726 0 3.0123 -5.27008 0 
dMomentum = 9.75782e-18 9.28077e-17 0
dEnergy = 38.5162
0 0.551243 -0.15837 0 0.209627 0.113483 0 
1 -17.997 29.695 0 -3.2219 5.15655 0 
2 17.4458 -29.5367 0 3.01227 -5.27003 0 
dMomentum = 9.97466e-18 8.67362e-17 0
dEnergy = 38.5162
0 0.561745 -0.152685 0 0.209627 0.11348 0 
1 -18.1585 29.9534 0 -3.22187 5.15651 0 
2 17.5967 -29.8007 0 3.01224 -5.26999 0 
dMomentum = 9.97466e-18 8.58688e-17 0
dEnergy = 38.5162
0 0.572248 -0.147 0 0.209627 0.113477 0 
1 -18.3199 30.2117 0 -3.22184 5.15646 0 
2 17.7476 -30.0647 0 3.01222 -5.26994 0 
dMomentum = 5.42101e-18 8.76035e-17 0
dEnergy = 38.5162
0 0.58275 -0.141314 0 0.209628 0.113474 0 
1 -18.4813 30.4701 0 -3.22182 5.15642 0 
2 17.8985 -30.3288 0 3.01219 -5.2699 0 
dMomentum = 5.20417e-18 8.06646e-17 0
dEnergy = 38.5162
0 0.593252 -0.13563 0 0.209628 0.113471 0 
1 -18.6427 30.7284 0 -3.22179 5.15638 0 
2 18.0494 -30.5928 0 3.01216 -5.26985 0 
dMomentum = 2.81893e-18 8.71699e-17 0
dEnergy = 38.5162
0 0.603755 -0.129945 0 0.209628 0.113467 0 
1 -18.8041 30.9867 0 -3.22177 5.15634 0 
2 18.2004 -30.8568 0 3.01214 -5.26981 0 
dMomentum = 4.33681e-19 9.36751e-17 0
dEnergy = 38.5162
0 0.614257 -0.12426 0 0.209628 0.113464 0 
1 -18.9655 31.2451 0 -3.22174 5.1563 0 
2 18.3513 -31.1208 0 3.01211 -5.26977 0 
dMomentum = 6.50521e-19 8.84709e-17 0
dEnergy = 38.5162
0 0.62476 -0.118576 0 0.209628 0.113461 0 
1 -19.1269 31.5034 0 -3.22172 5.15626 0 
2 18.5022 -31.3848 0 3.01209 -5.26972 0 
dMomentum = 2.81893e-18 9.28077e-17 0
dEnergy = 38.5162
0 0.635262 -0.112891 0 0.209628 0.113458 0 
1 -19.2883 31.7617 0 -3.2217 5.15622 0 
2 18.6531 -31.6488 0 3.01207 -5.26968 0 
dMomentum = -2.1684e-18 8.80372e-17 0
dEnergy = 38.5162
0 0.645764 -0.107207 0 0.209628 0.113456 0 
1 -19.4497 32.0201 0 -3.22167 5.15619 0 
2 18.804 -31.9128 0 3.01204 -5.26964 0 
dMomentum = -7.80626e-18 7.02563e-17 0
dEnergy = 38.5162
0 0.656267 -0.101523 0 0.209628 0.113453 0 
1 -19.6111 32.2784 0 -3.22165 5.15615 0 
2 18.9549 -32.1769 0 3.01202 -5.2696 0 
dMomentum = -6.93889e-18 6.50521e-17 0
dEnergy = 38.5162
0 0.666769 -0.0958391 0 0.209628 0.11345 0 
1 -19.7726 32.5367 0 -3.22163 5.15611 0 
2 19.1058 -32.4409 0 3.012 -5.26956 0 
dMomentum = -1.43115e-17 7.15573e-17 0
dEnergy = 38.5162
0 0.677271 -0.0901553 0 0.209628 0.113447 0 
1 -19.934 32.795 0 -3.2216 5.15608 0 
2 19.2567 -32.7049 0 3.01198 -5.26952 0 
dMomentum = -1.77809e-17 6.07153e-17 0
dEnergy = 38.5162
0 0.687753 -0.084483 0 0.209628 0.113445 0 
1 -20.095 33.0528 0 -3.22158 5.15604 0 
2 19.4073 -32.9683 0 3.01195 -5.26949 0 
dMomentum = -2.38524e-17 7.37257e-17 0
dEnergy = 38.5162
0 0.698234 -0.0788109 0 0.209628 0.113442 0 
1 -20.2561 33.3106 0 -3.22156 5.15601 0 
2 19.5579 -33.2318 0 3.01193 -5.26945 0 
dMomentum = -2.32019e-17 7.32921e-17 0
dEnergy = 38.5162
0 0.708716 -0.0731389 0 0.209628 0.113439 0 
1 -20.4172 33.5684 0 -3.22154 5.15597 0 
2 19.7085 -33.4953 0 3.01191 -5.26941 0 
dMomentum = -2.40693e-17 7.58942e-17 0
dEnergy = 38.5162
0 0.719197 -0.067467 0 0.209628 0.113437 0 
1 -20.5783 33.8262 0 -3.22152 5.15594 0 
2 19.8591 -33.7588 0 3.01189 -5.26938 0 
dMomentum = -2.05998e-17 8.32667e-17 0
dEnergy = 38.5162
0 0.729678 -0.0617952 0 0.209628 0.113434 0 
1 -20.7393 34.084 0 -3.2215 5.15591 0 
2 20.0097 -34.0222 0 3.01187 -5.26934 0 
dMomentum = -2.94903e-17 8.32667e-17 0
dEnergy = 38.5162
0 0.74016 -0.0561235 0 0.209627 0.113432 0 
1 -20.9004 34.3418 0 -3.22148 5.15587 0 
2 20.1603 -34.2857 0 3.01185 -5.26931 0 
dMomentum = -2.88398e-17 9.54098e-17 0
dEnergy = 38.5162
0 0.750641 -0.050452 0 0.209627 0.113429 0 
1 -21.0615 34.5996 0 -3.22146 5.15584 0 
2 20.3108 -34.5492 0 3.01183 -5.26927 0 
dMomentum = -2.60209e-17 9.2374e-17 0
dEnergy = 38.5162
0 0.761123 -0.0447806 0 0.209627 0.113427 0 
1 -21.2226 34.8574 0 -3.22144 5.15581 0 
2 20.4614 -34.8126 0 3.01181 -5.26924 0 
dMomentum = -3.10082e-17 8.80372e-17 0
dEnergy = 38.5162
0 0.771604 -0.0391093 0 0.209627 0.113425 0 
1 -21.3836 35.1152 0 -3.22142 5.15578 0 
2 20.612 -35.0761 0 3.01179 -5.2692 0 
dMomentum = -3.40439e-17 8.45678e-17 0
dEnergy = 38.5162
0 0.782085 -0.0334381 0 0.209627 0.113422 0 
1 -21.5447 35.373 0 -3.2214 5.15575 0 
2 20.7626 -35.3395 0 3.01177 -5.26917 0 
dMomentum = -2.5804e-17 8.54351e-17 0
dEnergy = 38.5162
0 0.792567 -0.0277671 0 0.209626 0.11342 0 
1 -21.7058 35.6308 0 -3.22138 5.15572 0 
2 20.9132 -35.603 0 3.01175 -5.26914 0 
dMomentum = -2.32019e-17 7.54605e-17 0
dEnergy = 38.5162
0 0.803048 -0.0220961 0 0.209626 0.113418 0 
1 -21.8668 35.8885 0 -3.22136 5.15569 0 
2 21.0638 -35.8664 0 3.01174 -5.26911 0 
dMomentum = -2.08167e-17 8.54351e-17 0
dEnergy = 38.5162
0 0.813529 -0.0164253 0 0.209626 0.113416 0 
1 -22.0279 36.1463 0 -3.22134 5.15566 0 
2 21.2144 -36.1299 0 3.01172 -5.26907 0 
dMomentum = -2.47198e-17 8.45678e-17 0
dEnergy = 38.5162
0 0.82401 -0.0107546 0 0.209625 0.113413 0 
1 -22.189 36.4041 0 -3.22133 5.15563 0 
2 21.365 -36.3934 0 3.0117 -5.26904 0 
dMomentum = -2.08167e-17 7.63278e-17 0
dEnergy = 38.5162
0 0.834492 -0.00508398 0 0.209625 0.113411 0 
1 -22.35 36.6619 0 -3.22131 5.1556 0 
2 21.5156 -36.6568 0 3.01168 -5.26901 0 
dMomentum = -2.55872e-17 6.59195e-17 0
dEnergy = 38.5162
0 0.844973 0.000586526 0 0.209625 0.113409 0 
1 -22.5111 36.9197 0 -3.22129 5.15557 0 
2 21.6661 -36.9203 0 3.01167 -5.26898 0 
dMomentum = -2.64545e-17 7.15573e-17 0
dEnergy = 38.5162
0 0.855454 0.00625693 0 0.209624 0.113407 0 
1 -22.6722 37.1774 0 -3.22127 5.15555 0 
2 21.8167 -37.1837 0 3.01165 -5.26895 0 
dMomentum = -2.62377e-17 5.76796e-17 0
dEnergy = 38.5162
0 0.865935 0.0119272 0 0.209624 0.113405 0 
1 -22.8332 37.4352 0 -3.22126 5.15552 0 
2 21.9673 -37.4472 0 3.01163 -5.26892 0 
dMomentum = -2.66714e-17 6.72205e-17 0
dEnergy = 38.5162
0 0.876417 0.0175974 0 0.209624 0.113403 0 
1 -22.9943 37.693 0 -3.22124 5.15549 0 
2 22.1179 -37.7106 0 3.01162 -5.26889 0 
dMomentum = -2.86229e-17 5.37764e-17 0
dEnergy = 38.5162
0 0.886898 0.0232675 0 0.209623 0.113401 0 
1 -23.1554 37.9508 0 -3.22122 5.15546 0 
2 22.2685 -37.974 0 3.0116 -5.26887 0 
dMomentum = -3.03577e-17 6.33174e-17 0
dEnergy = 38.5162
0 0.897379 0.0289375 0 0.209623 0.113399 0 
1 -23.3164 38.2085 0 -3.22121 5.15544 0 
2 22.419 -38.2375 0 3.01158 -5.26884 0 
dMomentum = -2.38524e-17 7.02563e-17 0
dEnergy = 38.5162
0 0.90786 0.0346074 0 0.209623 0.113397 0 
1 -23.4775 38.4663 0 -3.22119 5.15541 0 
2 22.5696 -38.5009 0 3.01157 -5.26881 0 
dMomentum = -1.40946e-17 6.89553e-17 0
dEnergy = 38.5162
0 0.918341 0.0402772 0 0.209622 0.113395 0 
1 -23.6385 38.7241 0 -3.22117 5.15539 0 
2 22.7202 -38.7644 0 3.01155 -5.26878 0 
dMomentum = -1.56125e-17 5.55112e-17 0
dEnergy = 38.5162
0 0.928822 0.0459469 0 0.209622 0.113393 0 
1 -23.7996 38.9819 0 -3.22116 5.15536 0 
2 22.8708 -39.0278 0 3.01154 -5.26875 0 
dMomentum = -1.99493e-17 6.72205e-17 0
dEnergy = 38.5162
0 0.939303 0.0516165 0 0.209621 0.113391 0 
1 -23.9607 39.2396 0 -3.22114 5.15534 0 
2 23.0214 -39.2912 0 3.01152 -5.26873 0 
dMomentum = -1.88651e-17 7.28584e-17 0
dEnergy = 38.5162
0 0.949784 0.0572861 0 0.209621 0.11339 0 
1 -24.1217 39.4974 0 -3.22113 5.15531 0 
2 23.1719 -39.5547 0 3.01151 -5.2687 0 
dMomentum = -1.34441e-17 7.80626e-17 0
dEnergy = 38.5162
0 0.960265 0.0629555 0 0.209621 0.113388 0 
1 -24.2828 39.7552 0 -3.22111 5.15529 0 
2 23.3225 -39.8181 0 3.01149 -5.26868 0 
dMomentum = -9.54098e-18 8.63025e-17 0
dEnergy = 38.5162
0 0.970746 0.0686248 0 0.20962 0.113386 0 
1 -24.4438 40.0129 0 -3.2211 5.15526 0 
2 23.4731 -40.0815 0 3.01148 -5.26865 0 
dMomentum = -1.51788e-17 7.1991e-17 0
dEnergy = 38.5162
0 0.981227 0.0742941 0 0.20962 0.113384 0 
1 -24.6049 40.2707 0 -3.22108 5.15524 0 
2 23.6236 -40.345 0 3.01146 -5.26862 0 
dMomentum = -1.21431e-17 8.84709e-17 0
dEnergy = 38.5162
0 0.991708 0.0799632 0 0.209619 0.113382 0 
1 -24.7659 40.5284 0 -3.22107 5.15522 0 
2 23.7742 -40.6084 0 3.01145 -5.2686 0 
dMomentum = -1.53957e-17 1.03216e-16 0
dEnergy = 38.5162
0 1.00219 0.0856323 0 0.209619 0.113381 0 
1 -24.927 40.7862 0 -3.22105 5.15519 0 
2 23.9248 -40.8718 0 3.01143 -5.26858 0 
dMomentum = -1.38778e-17 1.0842e-16 0
dEnergy = 38.5162
0 1.01267 0.0913013 0 0.209618 0.113379 0 
1 -25.088 41.044 0 -3.22104 5.15517 0 
2 24.0754 -41.1353 0 3.01142 -5.26855 0 
dMomentum = -1.01915e-17 1.20563e-16 0
dEnergy = 38.5162
0 1.02315 0.0969702 0 0.209618 0.113377 0 
1 -25.2491 41.3017 0 -3.22102 5.15515 0 
2 24.2259 -41.3987 0 3.01141 -5.26853 0 
dMomentum = -1.17094e-17 1.26201e-16 0
dEnergy = 38.5162
0 1.03363 0.102639 0 0.209617 0.113376 0 
1 -25.4101 41.5595 0 -3.22101 5.15513 0 
2 24.3765 -41.6621 0 3.01139 -5.2685 0 
dMomentum = -7.58942e-18 1.35308e-16 0
dEnergy = 38.5162
0 1.04411 0.108308 0 0.209617 0.113374 0 
1 -25.5712 41.8172 0 -3.221 5.15511 0 
2 24.5271 -41.9255 0 3.01138 -5.26848 0 
dMomentum = -4.33681e-19 1.37043e-16 0
dEnergy = 38.5162
0 1.05459 0.113976 0 0.209616 0.113373 0 
1 -25.7322 42.075 0 -3.22098 5.15508 0 
2 24.6776 -42.189 0 3.01137 -5.26846 0 
dMomentum = -4.33681e-19 1.16226e-16 0
dEnergy = 38.5162
0 1.06507 0.119645 0 0.209616 0.113371 0 
1 -25.8933 42.3327 0 -3.22097 5.15506 0 
2 24.8282 -42.4524 0 3.01135 -5.26843 0 
dMomentum = 3.03577e-18 1.04517e-16 0
dEnergy = 38.5162
0 1.07556 0.125314 0 0.209616 0.113369 0 
1 -26.0543 42.5905 0 -3.22096 5.15504 0 
2 24.9788 -42.7158 0 3.01134 -5.26841 0 
