dMomentum = 0 0 0
dEnergy = 0
0 -1 0 0 0.417343 0.3131 0 
1 1 0 0 0.417343 0.3131 0 
2 0 0 0 -0.834686 -0.6262 0 
dMomentum = 8.94467e-19 4.87891e-19 0
dEnergy = 1.59378e-17
0 -0.977467 0.0156646 0 0.483332 0.311758 0 
1 1.01939 0.0156684 0 0.357666 0.312056 0 
2 -0.041923 -0.031333 0 -0.840998 -0.623814 0 
dMomentum = -1.0842e-19 -1.30104e-18 0
dEnergy = 6.58111e-17
0 -0.951441 0.0311802 0 0.557067 0.306926 0 
1 1.03592 0.0312409 0 0.303192 0.30938 0 
2 -0.0844838 -0.0624211 0 -0.860259 -0.616306 0 
dMomentum = 4.87891e-19 -1.68051e-18 0
dEnergy = 1.73039e-16
0 -0.921488 0.0463328 0 0.640444 0.296925 0 
1 1.04984 0.0466499 0 0.253043 0.305601 0 
2 -0.128354 -0.0929827 0 -0.893487 -0.602526 0 
dMomentum = -1.35525e-20 -1.35525e-19 0
dEnergy = 4.2826e-16
0 -0.887065 0.060802 0 0.736028 0.279081 0 
1 1.06134 0.0618503 0 0.206503 0.301108 0 
2 -0.174275 -0.122652 0 -0.942531 -0.580189 0 
dMomentum = 1.13841e-18 4.33681e-19 0
dEnergy = 1.07217e-15
0 -0.847477 0.0740929 0 0.847325 0.248922 0 
1 1.07058 0.0768139 0 0.162968 0.29619 0 
2 -0.223107 -0.150907 0 -1.01029 -0.545111 0 
dMomentum = 1.02999e-18 6.77626e-19 0
dEnergy = 2.95217e-15
0 -0.801822 0.0854093 0 0.979108 0.198501 0 
1 1.07771 0.0915251 0 0.121908 0.291067 0 
2 -0.275889 -0.176934 0 -1.10102 -0.489568 0 
dMomentum = 3.46945e-18 4.33681e-19 0
dEnergy = 9.52352e-15
0 -0.748927 0.0933994 0 1.13741 0.112667 0 
1 1.08283 0.105978 0 0.0828306 0.28591 0 
2 -0.333905 -0.199378 0 -1.22024 -0.398577 0 
dMomentum = 1.35525e-18 5.42101e-20 0
dEnergy = 3.81037e-14
0 -0.687322 0.0956055 0 1.32716 -0.0397573 0 
1 1.08604 0.120175 0 0.0452445 0.280844 0 
2 -0.398713 -0.21578 0 -1.3724 -0.241087 0 
dMomentum = 5.04154e-18 0 0
dEnergy = 1.88536e-13
0 -0.615578 0.0872156 0 1.53647 -0.326254 0 
1 1.08738 0.134122 0 0.00861263 0.275936 0 
2 -0.471803 -0.221337 0 -1.54508 0.0503182 0 
dMomentum = 3.08998e-18 -9.75782e-19 0
dEnergy = 8.16615e-13
0 -0.534677 0.0585868 0 1.6565 -0.870435 0 
1 1.0869 0.147826 0 -0.0276958 0.271141 0 
2 -0.552227 -0.206412 0 -1.6288 0.599294 0 
dMomentum = 5.14996e-18 -7.58942e-19 0
dEnergy = 1.00558e-12
0 -0.45746 -0.00408826 0 1.31079 -1.62308 0 
1 1.0846 0.161287 0 -0.0643421 0.266167 0 
2 -0.627141 -0.157199 0 -1.24644 1.35691 0 
dMomentum = 5.61075e-18 6.50521e-19 0
dEnergy = 9.32137e-13
0 -0.411639 -0.0954866 0 0.514183 -1.90479 0 
1 1.08045 0.174483 0 -0.10153 0.260475 0 
2 -0.668808 -0.0789968 0 -0.412653 1.64431 0 
dMomentum = 5.80048e-18 -1.0842e-18 0
dEnergy = 2.35039e-13
0 -0.400905 -0.186833 0 -0.0221992 -1.70801 0 
1 1.07443 0.187371 0 -0.138761 0.253837 0 
2 -0.673522 -0.000537261 0 0.160961 1.45417 0 
dMomentum = 5.85469e-18 -2.81893e-18 0
dEnergy = 4.54095e-14
0 -0.408949 -0.265821 0 -0.265289 -1.44985 0 
1 1.06655 0.199906 0 -0.17563 0.246487 0 
2 -0.657601 0.0659149 0 0.440919 1.20336 0 
dMomentum = 6.28837e-18 -1.84314e-18 0
dEnergy = 1.04434e-14
0 -0.425213 -0.332877 0 -0.369121 -1.23529 0 
1 1.05683 0.212062 0 -0.21212 0.238731 0 
2 -0.631622 0.120815 0 0.581241 0.996555 0 
dMomentum = 7.04731e-18 -2.71051e-18 0
dEnergy = 2.87151e-15
0 -0.444909 -0.390343 0 -0.410186 -1.0652 0 
1 1.0453 0.223824 0 -0.248422 0.230784 0 
2 -0.600389 0.166519 0 0.658608 0.834417 0 
dMomentum = 6.28837e-18 -1.0842e-19 0
dEnergy = 8.48388e-16
0 -0.465815 -0.440162 0 -0.420858 -0.92824 0 
1 1.03194 0.235186 0 -0.284808 0.222782 0 
2 -0.566127 0.204976 0 0.705666 0.705458 0 
dMomentum = 7.48099e-18 2.1684e-19 0
dEnergy = 2.06541e-16
0 -0.486818 -0.483748 0 -0.415664 -0.815087 0 
1 1.01675 0.246147 0 -0.321581 0.214805 0 
2 -0.529936 0.237601 0 0.737246 0.600282 0 
dMomentum = 6.83047e-18 1.51788e-18 0
dEnergy = -2.63461e-17
0 -0.507319 -0.522122 0 -0.401667 -0.719284 0 
1 0.999707 0.25671 0 -0.359073 0.206898 0 
2 -0.492388 0.265412 0 0.760741 0.512386 0 
dMomentum = 7.04731e-18 1.95156e-18 0
dEnergy = -1.23057e-16
0 -0.52698 -0.556036 0 -0.38255 -0.636426 0 
1 0.980757 0.26688 0 -0.397645 0.199087 0 
2 -0.453777 0.289156 0 0.780194 0.437339 0 
dMomentum = 7.26415e-18 2.49366e-18 0
dEnergy = -1.63823e-16
0 -0.545563 -0.586001 0 -0.360388 -0.563602 0 
1 0.959882 0.276641 0 -0.43762 0.191402 0 
2 -0.414319 0.309359 0 0.798008 0.3722 0 
dMomentum = 8.78204e-18 3.14419e-18 0
dEnergy = -1.85182e-16
0 -0.562987 -0.612524 0 -0.336308 -0.498482 0 
1 0.936962 0.286022 0 -0.479546 0.183834 0 
2 -0.373975 0.326502 0 0.815854 0.314648 0 
dMomentum = 8.23994e-18 3.63208e-18 0
dEnergy = -1.9971e-16
0 -0.579174 -0.635951 0 -0.310995 -0.439497 0 
1 0.911886 0.295027 0 -0.523997 0.176389 0 
2 -0.332712 0.340924 0 0.834992 0.263108 0 
dMomentum = 7.80626e-18 3.36103e-18 0
dEnergy = -2.11962e-16
0 -0.594073 -0.656557 0 -0.284861 -0.385479 0 
1 0.884509 0.303663 0 -0.571695 0.169073 0 
2 -0.290436 0.352894 0 0.856556 0.216406 0 
dMomentum = 7.91468e-18 4.44523e-18 0
dEnergy = -2.27682e-16
0 -0.60765 -0.674566 0 -0.258153 -0.335535 0 
1 0.854646 0.311937 0 -0.623591 0.161899 0 
2 -0.246996 0.36263 0 0.881744 0.173636 0 
dMomentum = 8.23994e-18 4.60786e-18 0
dEnergy = -2.58582e-16
0 -0.619881 -0.690166 0 -0.231017 -0.288972 0 
1 0.822058 0.319856 0 -0.680985 0.154889 0 
2 -0.202177 0.370311 0 0.912002 0.134083 0 
dMomentum = 7.37257e-18 5.09575e-18 0
dEnergy = -3.19731e-16
0 -0.630746 -0.703511 0 -0.203534 -0.245239 0 
1 0.786426 0.327429 0 -0.745743 0.148085 0 
2 -0.155679 0.376082 0 0.949277 0.0971539 0 
dMomentum = 6.83047e-18 6.17995e-18 0
dEnergy = -4.52329e-16
0 -0.640229 -0.71473 0 -0.175743 -0.203892 0 
1 0.747315 0.334669 0 -0.8207 0.141563 0 
2 -0.107085 0.380061 0 0.996443 0.0623289 0 
dMomentum = 5.42101e-18 6.17995e-18 0
dEnergy = -8.13152e-16
0 -0.648316 -0.723934 0 -0.147654 -0.164565 0 
1 0.704111 0.341592 0 -0.910469 0.135463 0 
2 -0.055795 0.382341 0 1.05812 0.0291013 0 
dMomentum = 4.77049e-18 6.07153e-18 0
dEnergy = -2.01868e-15
0 -0.65499 -0.731215 0 -0.119262 -0.126948 0 
1 0.655888 0.348226 0 -1.0233 0.130055 0 
2 -0.000897958 0.382988 0 1.14257 -0.00310739 0 
dMomentum = 9.97466e-18 5.52943e-18 0
dEnergy = -7.76169e-15
0 -0.660237 -0.736652 0 -0.090549 -0.0907745 0 
1 0.601126 0.354618 0 -1.17614 0.125905 0 
2 0.059111 0.382034 0 1.26669 -0.0351305 0 
dMomentum = 1.14925e-17 5.3668e-18 0
dEnergy = -5.9538e-14
0 -0.664039 -0.740312 0 -0.0614953 -0.0558012 0 
1 0.536929 0.36086 0 -1.41245 0.124385 0 
2 0.12711 0.379453 0 1.47395 -0.0685835 0 
dMomentum = 9.32414e-18 5.09575e-18 0
dEnergy = -2.44978e-12
0 -0.66638 -0.742249 0 -0.0320887 -0.0217908 0 
1 0.455906 0.367167 0 -1.91046 0.129838 0 
2 0.210474 0.375081 0 1.94255 -0.108048 0 
dMomentum = 4.85723e-17 0 0
dEnergy = 13551.1
0 -0.667244 -0.742499 0 -0.00315386 0.0132588 0 
1 -0.619515 0.216134 0 -114.896 -18.714 0 
2 1.28676 0.526365 0 114.899 18.7008 0 
dMomentum = -6.245e-17 -3.81639e-17 0
dEnergy = 13551.1
0 -0.667637 -0.741372 0 -0.00979566 0.0239905 0 
1 -6.36392 -0.719979 0 -114.885 -18.7234 0 
2 7.03155 1.46135 0 114.895 18.6994 0 
dMomentum = -2.498e-16 -1.33574e-16 0
dEnergy = 13551.1
0 -0.668137 -0.74017 0 -0.0101227 0.0240751 0 
1 -12.1081 -1.65614 0 -114.884 -18.7233 0 
2 12.7763 2.39631 0 114.894 18.6992 0 
dMomentum = -4.09395e-16 -1.49186e-16 0
dEnergy = 13551.1
0 -0.668646 -0.738965 0 -0.0101935 0.0240916 0 
1 -17.8523 -2.59231 0 -114.884 -18.7233 0 
2 18.521 3.33127 0 114.894 18.6992 0 
dMomentum = -4.71845e-16 -1.09288e-16 0
dEnergy = 13551.1
0 -0.669156 -0.737761 0 -0.0102198 0.0240976 0 
1 -23.5965 -3.52847 0 -114.884 -18.7232 0 
2 24.2657 4.26623 0 114.894 18.6991 0 
dMomentum = -4.996e-16 -9.02056e-17 0
dEnergy = 13551.1
0 -0.669667 -0.736556 0 -0.0102323 0.0241004 0 
1 -29.3407 -4.46463 0 -114.883 -18.7232 0 
2 30.0103 5.20119 0 114.894 18.6991 0 
dMomentum = -5.82867e-16 -1.11022e-16 0
dEnergy = 13551.1
0 -0.670179 -0.735351 0 -0.0102393 0.0241019 0 
1 -35.0849 -5.4008 0 -114.883 -18.7232 0 
2 35.755 6.13615 0 114.894 18.6991 0 
dMomentum = -7.35523e-16 -8.84709e-17 0
dEnergy = 13551.1
0 -0.670691 -0.734145 0 -0.0102435 0.0241029 0 
1 -40.829 -6.33696 0 -114.883 -18.7232 0 
2 41.4997 7.0711 0 114.894 18.6991 0 
dMomentum = -6.93889e-16 -4.16334e-17 0
dEnergy = 13551.1
0 -0.671204 -0.73294 0 -0.0102463 0.0241035 0 
1 -46.5732 -7.27312 0 -114.883 -18.7232 0 
2 47.2444 8.00606 0 114.894 18.6991 0 
