dMomentum = 0 0 0
dEnergy = 0
0 -1 0 0 0.350112 0.0793395 0 
1 1 0 0 0.350112 0.0793395 0 
2 0 0 0 -0.700224 -0.158679 0 
dMomentum = -1.0842e-19 1.55854e-19 0
dEnergy = 2.67832e-10
0 -0.980844 0.00396949 0 0.415592 0.079006 0 
1 1.01601 0.00397029 0 0.289938 0.0790695 0 
2 -0.0351696 -0.00793978 0 -0.70553 -0.158076 0 
dMomentum = 3.79471e-19 4.74338e-20 0
dEnergy = 1.15226e-09
0 -0.958245 0.00790246 0 0.487828 0.0778335 0 
1 1.02912 0.0079154 0 0.234024 0.0783568 0 
2 -0.0708776 -0.0158179 0 -0.721852 -0.15619 0 
dMomentum = 1.8838e-18 2.37169e-19 0
dEnergy = 2.94628e-09
0 -0.931816 0.0117484 0 0.568918 0.0754567 0 
1 1.03952 0.0118162 0 0.181591 0.0773169 0 
2 -0.107704 -0.0235646 0 -0.750509 -0.152774 0 
dMomentum = 2.52077e-18 2.43945e-19 0
dEnergy = 6.36197e-09
0 -0.901039 0.0154333 0 0.662056 0.0712717 0 
1 1.04737 0.0156585 0 0.13204 0.076037 0 
2 -0.146327 -0.0310918 0 -0.794096 -0.147309 0 
dMomentum = 3.71339e-18 -2.71051e-20 0
dEnergy = 1.31707e-08
0 -0.865192 0.0188421 0 0.772442 0.0641965 0 
1 1.05279 0.0194323 0 0.0848957 0.0745873 0 
2 -0.187599 -0.0382744 0 -0.857338 -0.138784 0 
dMomentum = 3.11708e-18 -1.32137e-19 0
dEnergy = 2.8445e-08
0 -0.823203 0.0217828 0 0.909357 0.0520703 0 
1 1.05591 0.0231304 0 0.0397682 0.0730273 0 
2 -0.232704 -0.0449131 0 -0.949125 -0.125098 0 
dMomentum = 2.1413e-18 -7.7927e-20 0
dEnergy = 7.07498e-08
0 -0.773328 0.0238952 0 1.09178 0.0298377 0 
1 1.0568 0.0267487 0 -0.00367773 0.0714116 0 
2 -0.283476 -0.0506439 0 -1.0881 -0.101249 0 
dMomentum = 5.14996e-18 -1.0842e-19 0
dEnergy = 2.45212e-07
0 -0.712287 0.0243672 0 1.36831 -0.0179056 0 
1 1.05556 0.0302858 0 -0.0457521 0.0697941 0 
2 -0.343274 -0.054653 0 -1.32256 -0.0518884 0 
dMomentum = 5.85469e-18 -8.13152e-20 0
dEnergy = 2.24359e-06
0 -0.631757 0.0205172 0 1.93848 -0.17432 0 
1 1.05224 0.033743 0 -0.0867833 0.0682327 0 
2 -0.42048 -0.0542602 0 -1.8517 0.106088 0 
dMomentum = 6.50521e-19 -4.33681e-19 0
dEnergy = 0.000138804
0 -0.5483 -0.0493939 0 -2.99874 -1.57934 0 
1 1.04687 0.0371247 0 -0.127272 0.0667858 0 
2 -0.498574 0.0122692 0 3.12601 1.51256 0 
dMomentum = 4.33681e-19 -1.65341e-18 0
dEnergy = 8.02339e-07
0 -0.647949 -0.0842996 0 -1.50151 -0.38734 0 
1 1.03947 0.040437 0 -0.168443 0.0654716 0 
2 -0.391524 0.0438625 0 1.66995 0.321868 0 
dMomentum = 1.73472e-18 -1.40946e-18 0
dEnergy = 1.46613e-07
0 -0.712333 -0.0988806 0 -1.11432 -0.221579 0 
1 1.02997 0.0436875 0 -0.211318 0.0643088 0 
2 -0.317635 0.0551932 0 1.32564 0.15727 0 
dMomentum = -2.1684e-19 -1.81604e-18 0
dEnergy = 5.00131e-08
0 -0.762193 -0.107886 0 -0.891459 -0.145366 0 
1 1.01826 0.0468826 0 -0.25647 0.0632535 0 
2 -0.256068 0.0610033 0 1.14793 0.0821127 0 
dMomentum = 1.0842e-18 -2.18196e-18 0
dEnergy = 2.21141e-08
0 -0.802718 -0.113932 0 -0.733783 -0.0992181 0 
1 1.00422 0.0500265 0 -0.304459 0.06226 0 
2 -0.201504 0.0639056 0 1.03824 0.0369581 0 
dMomentum = -2.27682e-18 -2.27682e-18 0
dEnergy = 1.12871e-08
0 -0.836285 -0.118062 0 -0.61055 -0.0673648 0 
1 0.987696 0.0531212 0 -0.355932 0.0612784 0 
2 -0.151411 0.0649407 0 0.966481 0.00608639 0 
dMomentum = -3.25261e-18 -2.34459e-18 0
dEnergy = 6.49615e-09
0 -0.864244 -0.120816 0 -0.508397 -0.0436209 0 
1 0.968487 0.0561658 0 -0.411698 0.0602495 0 
2 -0.104242 0.06465 0 0.920096 -0.0166286 0 
dMomentum = -3.57787e-18 -2.31748e-18 0
dEnergy = 4.465e-09
0 -0.887461 -0.122518 0 -0.420369 -0.0250064 0 
1 0.946354 0.0591562 0 -0.472828 0.0590966 0 
2 -0.0588934 0.0633615 0 0.893196 -0.0340903 0 
dMomentum = -3.57787e-18 -2.18873e-18 0
dEnergy = 4.10919e-09
0 -0.906532 -0.12338 0 -0.342397 -0.00988573 0 
1 0.920995 0.0620835 0 -0.540794 0.0577126 0 
2 -0.0144631 0.061296 0 0.883191 -0.0478269 0 
dMomentum = -2.27682e-18 -2.15485e-18 0
dEnergy = 5.24742e-09
0 -0.921893 -0.12355 0 -0.271903 0.00272435 0 
1 0.892017 0.0649324 0 -0.617732 0.0559351 0 
2 0.029876 0.0586175 0 0.889636 -0.0586594 0 
dMomentum = -1.84314e-18 -2.12775e-18 0
dEnergy = 8.41748e-09
0 -0.933873 -0.123138 0 -0.20715 0.0134578 0 
1 0.858895 0.0676773 0 -0.706904 0.0534972 0 
2 0.0749772 0.0554605 0 0.914054 -0.0669551 0 
dMomentum = -9.75782e-19 -2.03288e-18 0
dEnergy = 1.54216e-08
0 -0.94271 -0.122228 0 -0.147022 0.0227302 0 
1 0.820975 0.070269 0 -0.813433 0.0499257 0 
2 0.121735 0.0519587 0 0.960455 -0.072656 0 
dMomentum = -9.75782e-19 -1.7686e-18 0
dEnergy = 3.18205e-08
0 -0.948634 -0.120884 0 -0.0904773 0.0308749 0 
1 0.777105 0.0726352 0 -0.947114 0.0442395 0 
2 0.17153 0.0482483 0 1.03759 -0.0751144 0 
dMomentum = -4.33681e-19 -1.79571e-18 0
dEnergy = 7.8743e-08
0 -0.951806 -0.119155 0 -0.0368113 0.0381291 0 
1 0.725491 0.0746205 0 -1.12805 0.0340723 0 
2 0.226315 0.0445346 0 1.16486 -0.0722014 0 
dMomentum = -1.30104e-18 -1.6263e-18 0
dEnergy = 2.83301e-07
0 -0.952354 -0.117082 0 0.0145606 0.0446895 0 
1 0.662683 0.0758516 0 -1.40966 0.011786 0 
2 0.28967 0.0412306 0 1.3951 -0.0564754 0 
dMomentum = 2.1684e-19 -1.66696e-18 0
dEnergy = 3.15817e-06
0 -0.950379 -0.114695 0 0.064182 0.0507425 0 
1 0.579404 0.07496 0 -2.03478 -0.0697539 0 
2 0.370976 0.0397346 0 1.9706 0.0190114 0 
dMomentum = 7.15573e-18 -2.05998e-18 0
dEnergy = 0.105609
0 -0.945953 -0.112012 0 0.112804 0.056549 0 
1 0.525944 0.0265575 0 2.56297 -0.906066 0 
2 0.420009 0.0854549 0 -2.67578 0.849517 0 
dMomentum = 9.6494e-18 -3.14419e-18 0
dEnergy = 0.105579
0 -0.939081 -0.109032 0 0.162395 0.0628057 0 
1 0.618551 -0.00181122 0 1.46443 -0.407924 0 
2 0.32053 0.110843 0 -1.62682 0.345118 0 
dMomentum = 6.88468e-18 -2.54788e-18 0
dEnergy = 0.105578
0 -0.929676 -0.105717 0 0.214258 0.0699728 0 
1 0.682375 -0.0190256 0 1.12632 -0.296385 0 
2 0.247301 0.124742 0 -1.34058 0.226412 0 
dMomentum = 5.25838e-18 -1.95156e-18 0
dEnergy = 0.105578
0 -0.917604 -0.102015 0 0.269214 0.0783173 0 
1 0.733384 -0.0323149 0 0.927415 -0.240155 0 
2 0.18422 0.13433 0 -1.19663 0.161838 0 
dMomentum = 4.8247e-18 -1.87025e-18 0
dEnergy = 0.105578
0 -0.902688 -0.0978601 0 0.32818 0.0881511 0 
1 0.776052 -0.0433752 0 0.78601 -0.204546 0 
2 0.126635 0.141235 0 -1.11419 0.116395 0 
dMomentum = 2.95445e-18 -2.03288e-18 0
dEnergy = 0.105578
0 -0.8847 -0.093168 0 0.392315 0.0998935 0 
1 0.812494 -0.0529399 0 0.675565 -0.179326 0 
2 0.0722063 0.146108 0 -1.06788 0.079432 0 
dMomentum = 2.87314e-18 -2.04643e-18 0
dEnergy = 0.105578
0 -0.863344 -0.087829 0 0.463201 0.114151 0 
1 0.843926 -0.0614089 0 0.584286 -0.160241 0 
2 0.0194186 0.149238 0 -1.04749 0.0460902 0 
dMomentum = 2.22261e-18 -1.8567e-18 0
dEnergy = 0.105578
0 -0.83823 -0.0816958 0 0.543131 0.131852 0 
1 0.871136 -0.0690303 0 0.505943 -0.145166 0 
2 -0.0329067 0.150726 0 -1.04907 0.0133139 0 
dMomentum = 2.33103e-18 -1.97867e-18 0
dEnergy = 0.105578
0 -0.808823 -0.0745616 0 0.635648 0.154522 0 
1 0.894673 -0.0759721 0 0.436848 -0.132904 0 
2 -0.0858508 0.150534 0 -1.0725 -0.0216183 0 
dMomentum = 1.0571e-18 -1.8567e-18 0
dEnergy = 0.105578
0 -0.774359 -0.0661169 0 0.746676 0.184877 0 
1 0.914936 -0.0823552 0 0.374634 -0.12272 0 
2 -0.140577 0.148472 0 -1.12131 -0.062157 0 
dMomentum = 4.87891e-19 -1.55854e-18 0
dEnergy = 0.105578
0 -0.733669 -0.0558585 0 0.887256 0.228371 0 
1 0.932224 -0.0882707 0 0.317673 -0.114136 0 
2 -0.198555 0.144129 0 -1.20493 -0.114235 0 
dMomentum = 1.73472e-18 -2.1413e-18 0
dEnergy = 0.105578
0 -0.684757 -0.0428541 0 1.08161 0.298143 0 
1 0.94677 -0.0937899 0 0.264775 -0.10682 0 
2 -0.262014 0.136644 0 -1.34639 -0.191322 0 
dMomentum = -3.63208e-18 -2.48011e-18 0
dEnergy = 0.105579
0 -0.623526 -0.0249427 0 1.40061 0.438196 0 
1 0.958754 -0.0989697 0 0.215005 -0.100526 0 
2 -0.335228 0.123912 0 -1.61562 -0.33767 0 
dMomentum = -2.1684e-18 -3.30682e-18 0
dEnergy = 0.105594
0 -0.536872 0.00665603 0 2.28076 1.01635 0 
1 0.968309 -0.103856 0 0.167521 -0.0950399 0 
2 -0.431438 0.0972 0 -2.44828 -0.921312 0 
dMomentum = -6.28837e-18 -6.03087e-18 0
dEnergy = 0.105583
0 -0.572896 0.0879301 0 -2.24169 0.250477 0 
1 0.975526 -0.108481 0 0.121208 -0.0900003 0 
2 -0.40263 0.0205514 0 2.12048 -0.160477 0 
dMomentum = -4.98733e-18 -6.07153e-18 0
dEnergy = 0.105578
0 -0.663103 0.0934036 0 -1.514 0.0336832 0 
1 0.980421 -0.112855 0 0.0744304 -0.0848893 0 
2 -0.317318 0.0194512 0 1.43957 0.051206 0 
dMomentum = -4.11997e-18 -6.01732e-18 0
dEnergy = 0.105578
0 -0.730517 0.0935406 0 -1.21175 -0.0197785 0 
1 0.982948 -0.116965 0 0.0264156 -0.0794312 0 
2 -0.252432 0.023424 0 1.18533 0.0992097 0 
dMomentum = -3.03577e-18 -5.96311e-18 0
dEnergy = 0.105578
0 -0.786098 0.0918907 0 -1.02322 -0.043588 0 
1 0.983034 -0.120789 0 -0.0232909 -0.0734336 0 
2 -0.196937 0.0288981 0 1.04652 0.117022 0 
dMomentum = -2.71051e-18 -5.9089e-18 0
dEnergy = 0.105578
0 -0.833683 0.0893544 0 -0.886366 -0.0567178 0 
1 0.980584 -0.124296 0 -0.07513 -0.066714 0 
2 -0.146901 0.0349415 0 0.961496 0.123432 0 
dMomentum = -2.60209e-18 -5.77338e-18 0
dEnergy = 0.105578
0 -0.875215 0.0863012 0 -0.778677 -0.0648175 0 
1 0.975478 -0.127445 0 -0.129599 -0.0590706 0 
2 -0.100263 0.0411437 0 0.908275 0.123888 0 
dMomentum = -2.71051e-18 -5.9089e-18 0
dEnergy = 0.105578
0 -0.911858 0.0829178 0 -0.689603 -0.0701738 0 
1 0.96757 -0.130184 0 -0.187303 -0.0502581 0 
2 -0.0557116 0.0472657 0 0.876906 0.120432 0 
dMomentum = -3.36103e-18 -5.96311e-18 0
dEnergy = 0.105578
0 -0.944388 0.0793108 0 -0.613391 -0.0738929 0 
1 0.956681 -0.132446 0 -0.249016 -0.0399584 0 
2 -0.0122926 0.0531351 0 0.862407 0.113851 0 
dMomentum = -4.66207e-18 -6.07153e-18 0
dEnergy = 0.105578
0 -0.973353 0.0755456 0 -0.546568 -0.0765778 0 
1 0.942585 -0.134147 0 -0.315766 -0.0277366 0 
2 0.0307686 0.0586018 0 0.862335 0.104314 0 
dMomentum = -3.79471e-18 -6.15285e-18 0
dEnergy = 0.105578
0 -0.999164 0.0716642 0 -0.486884 -0.0785877 0 
1 0.924997 -0.135177 0 -0.388977 -0.0129676 0 
2 0.0741668 0.0635131 0 0.875862 0.0915553 0 
dMomentum = -4.22839e-18 -6.17995e-18 0
dEnergy = 0.105578
0 -1.02213 0.0676942 0 -0.432796 -0.0801525 0 
1 0.903546 -0.135386 0 -0.470699 0.0052946 0 
2 0.118589 0.067692 0 0.903496 0.0748579 0 
dMomentum = -4.55365e-18 -6.07153e-18 0
dEnergy = 0.105578
0 -1.04252 0.0636538 0 -0.383198 -0.0814283 0 
1 0.877734 -0.134565 0 -0.564048 0.0285725 0 
2 0.164784 0.0709111 0 0.947246 0.0528558 0 
dMomentum = -6.28837e-18 -6.20706e-18 0
dEnergy = 0.105578
0 -1.06052 0.0595543 0 -0.337262 -0.0825275 0 
1 0.846865 -0.132403 0 -0.674085 0.0595157 0 
2 0.213651 0.0728482 0 1.01135 0.0230119 0 
dMomentum = -8.45678e-18 -6.22061e-18 0
dEnergy = 0.105578
0 -1.07629 0.0554025 0 -0.294348 -0.0835358 0 
1 0.809902 -0.128403 0 -0.809818 0.103251 0 
2 0.266393 0.0730006 0 1.10417 -0.0197155 0 
dMomentum = -8.0231e-18 -6.21383e-18 0
dEnergy = 0.105578
0 -1.08999 0.0512011 0 -0.253937 -0.0845223 0 
1 0.765162 -0.12168 0 -0.98959 0.171394 0 
2 0.32483 0.0704791 0 1.24353 -0.0868721 0 
dMomentum = -6.72205e-18 -6.451e-18 0
dEnergy = 0.105578
0 -1.10172 0.0469497 0 -0.215581 -0.085547 0 
1 0.709482 -0.11033 0 -1.25998 0.298226 0 
2 0.39224 0.0633807 0 1.47556 -0.212679 0 
dMomentum = -8.89046e-18 -6.47811e-18 0
dEnergy = 0.105581
0 -1.11158 0.0426449 0 -0.178851 -0.0866647 0 
1 0.63494 -0.0883642 0 -1.80724 0.664729 0 
2 0.476637 0.0457193 0 1.98609 -0.578065 0 
dMomentum = -9.97466e-18 -1.06252e-17 0
dEnergy = 0.105667
0 -1.11963 0.0382811 0 -0.143188 -0.0878962 0 
1 0.579495 0.0169708 0 3.06565 1.57833 0 
2 0.540131 -0.0552518 0 -2.92246 -1.49044 0 
dMomentum = -8.29415e-18 -1.04354e-17 0
dEnergy = 0.105579
0 -1.1259 0.0338542 0 -0.107816 -0.0892022 0 
1 0.688096 0.0469293 0 1.69116 0.256251 0 
2 0.437805 -0.0807835 0 -1.58335 -0.167049 0 
dMomentum = -1.18178e-17 -1.02999e-17 0
dEnergy = 0.105578
0 -1.1304 0.0293587 0 -0.0720923 -0.0906365 0 
1 0.761478 0.0548432 0 1.29101 0.0902507 0 
2 0.368923 -0.0842019 0 -1.21892 0.000385791 0 
dMomentum = -1.01644e-17 -1.01915e-17 0
dEnergy = 0.105578
0 -1.1331 0.0247893 0 -0.0356962 -0.0921493 0 
1 0.819881 0.0574536 0 1.06116 0.0219904 0 
2 0.313218 -0.0822428 0 -1.02546 0.0701589 0 
dMomentum = -1.24683e-17 -1.02728e-17 0
dEnergy = 0.105578
0 -1.13396 0.0201433 0 0.00159929 -0.0936909 0 
1 0.868706 0.0575389 0 0.899734 -0.0153668 0 
2 0.265249 -0.0776822 0 -0.901334 0.109058 0 
dMomentum = -1.15739e-17 -1.03812e-17 0
dEnergy = 0.105578
0 -1.13292 0.0154205 0 0.0399977 -0.0952135 0 
1 0.910451 0.0561454 0 0.774627 -0.0387272 0 
2 0.22247 -0.0715659 0 -0.814624 0.133941 0 
dMomentum = -1.05439e-17 -1.05981e-17 0
dEnergy = 0.105578
0 -1.12993 0.010623 0 0.0797056 -0.0966699 0 
1 0.946537 0.0537915 0 0.671803 -0.0544691 0 
2 0.183397 -0.0644145 0 -0.751509 0.151139 0 
dMomentum = -1.12893e-17 -1.04083e-17 0
dEnergy = 0.105578
0 -1.12492 0.00575542 0 0.120949 -0.098011 0 
1 0.977879 0.0507753 0 0.583947 -0.0655638 0 
2 0.147046 -0.0565307 0 -0.704896 0.163575 0 
dMomentum = -1.19127e-17 -1.0842e-17 0
dEnergy = 0.105578
0 -1.11781 0.000824749 0 0.163985 -0.0991828 0 
1 1.00511 0.0472859 0 0.506784 -0.0735933 0 
2 0.1127 -0.0481106 0 -0.670769 0.172776 0 
dMomentum = -1.16958e-17 -1.07878e-17 0
dEnergy = 0.105578
0 -1.10849 -0.00415902 0 0.20912 -0.100124 0 
1 1.02869 0.0434515 0 0.437607 -0.0794821 0 
2 0.0798012 -0.0392924 0 -0.646727 0.179606 0 
dMomentum = -1.13299e-17 -1.08962e-17 0
dEnergy = 0.105578
0 -1.09686 -0.00918254 0 0.256726 -0.100759 0 
1 1.04897 0.0393636 0 0.3746 -0.0838097 0 
2 0.0478837 -0.030181 0 -0.631326 0.184569 0 
dMomentum = -1.10318e-17 -1.06252e-17 0
dEnergy = 0.105578
0 -1.08277 -0.0142283 0 0.307266 -0.100997 0 
1 1.06623 0.03509 0 0.316483 -0.0869595 0 
2 0.0165384 -0.0208617 0 -0.623749 0.187956 0 
dMomentum = -9.75782e-18 -1.05168e-17 0
dEnergy = 0.105578
0 -1.06607 -0.0192736 0 0.361329 -0.100716 0 
1 1.08069 0.0306828 0 0.262326 -0.0891973 0 
2 -0.0146157 -0.0114092 0 -0.623655 0.189913 0 
dMomentum = -1.072e-17 -1.06523e-17 0
dEnergy = 0.105578
0 -1.04657 -0.0242886 0 0.419685 -0.0997522 0 
1 1.09252 0.0261823 0 0.211428 -0.0907147 0 
2 -0.0459527 -0.00189373 0 -0.631113 0.190467 0 
dMomentum = -1.15603e-17 -1.07878e-17 0
dEnergy = 0.105578
0 -1.02401 -0.0292337 0 0.483367 -0.0978754 0 
1 1.10187 0.0216209 0 0.163248 -0.0916551 0 
2 -0.0778608 0.00761277 0 -0.646615 0.18953 0 
dMomentum = -1.12757e-17 -1.05168e-17 0
dEnergy = 0.105578
0 -0.998116 -0.0340553 0 0.553808 -0.0947455 0 
1 1.10888 0.0170245 0 0.117358 -0.0921294 0 
2 -0.110765 0.0170308 0 -0.671166 0.186875 0 
dMomentum = -1.2116e-17 -1.07065e-17 0
dEnergy = 0.105578
0 -0.968487 -0.0386788 0 0.633073 -0.0898364 0 
1 1.11364 0.0124142 0 0.0734131 -0.0922273 0 
2 -0.145156 0.0262645 0 -0.706486 0.182064 0 
dMomentum = -1.24683e-17 -1.03812e-17 0
dEnergy = 0.105578
0 -0.934611 -0.0429952 0 0.724295 -0.0822827 0 
1 1.11625 0.00780683 0 0.031128 -0.0920239 0 
2 -0.181639 0.0351884 0 -0.755423 0.174307 0 
dMomentum = -1.10589e-17 -1.03541e-17 0
dEnergy = 0.105578
0 -0.895775 -0.0468381 0 0.832539 -0.0705465 0 
1 1.11678 0.00321575 0 -0.00974033 -0.0915851 0 
2 -0.221004 0.0436223 0 -0.822799 0.162132 0 
dMomentum = -1.17907e-17 -1.02457e-17 0
dEnergy = 0.105578
0 -0.850928 -0.0499315 0 0.966767 -0.0515934 0 
1 1.1153 -0.00134877 0 -0.0494063 -0.0909719 0 
2 -0.264368 0.0512803 0 -0.91736 0.142565 0 
dMomentum = -1.14112e-17 -1.01102e-17 0
dEnergy = 0.105578
0 -0.798377 -0.0517666 0 1.14503 -0.018441 0 
1 1.11186 -0.00587952 0 -0.0880699 -0.090244 0 
2 -0.313478 0.0576461 0 -1.05696 0.108685 0 
dMomentum = -1.05168e-17 -1.01915e-17 0
dEnergy = 0.105578
0 -0.734989 -0.0512208 0 1.41224 0.0495982 0 
1 1.1065 -0.0103723 0 -0.125935 -0.089464 0 
2 -0.371513 0.0615931 0 -1.2863 0.0398658 0 
dMomentum = -1.36609e-17 -9.98821e-18 0
dEnergy = 0.10558
0 -0.653157 -0.0447575 0 1.93939 0.256623 0 
1 1.09927 -0.0148262 0 -0.163245 -0.088702 0 
2 -0.446114 0.0595837 0 -1.77614 -0.167921 0 
dMomentum = -1.12757e-17 -1.06252e-17 0
dEnergy = 0.106129
0 -0.542751 0.032071 0 -2.86587 3.58445 0 
1 1.09018 -0.0192441 0 -0.200411 -0.0880301 0 
2 -0.54743 -0.0128269 0 3.06628 -3.49642 0 
dMomentum = -1.45283e-17 -1.44199e-17 0
dEnergy = 0.105579
0 -0.645097 0.090679 0 -1.52683 0.563153 0 
1 1.07919 -0.023639 0 -0.238345 -0.0874447 0 
2 -0.434098 -0.06704 0 1.76517 -0.475708 0 
dMomentum = -1.19262e-17 -1.381e-17 0
dEnergy = 0.105578
0 -0.710247 0.111502 0 -1.12334 0.31229 0 
1 1.06627 -0.0280096 0 -0.277813 -0.0870685 0 
2 -0.356026 -0.083492 0 1.40115 -0.225222 0 
dMomentum = -1.43115e-17 -1.33154e-17 0
dEnergy = 0.105578
0 -0.760415 0.124149 0 -0.895547 0.203872 0 
1 1.05132 -0.0323666 0 -0.319398 -0.0868962 0 
2 -0.290907 -0.0917825 0 1.21495 -0.116976 0 
dMomentum = -1.44199e-17 -1.31934e-17 0
dEnergy = 0.105578
0 -0.801088 0.132649 0 -0.735859 0.140133 0 
1 1.03422 -0.0367197 0 -0.363645 -0.0869084 0 
2 -0.233136 -0.0959295 0 1.0995 -0.0532248 0 
dMomentum = -1.33357e-17 -1.32408e-17 0
dEnergy = 0.105578
0 -0.834733 0.138527 0 -0.611718 0.0969579 0 
1 1.01483 -0.0410776 0 -0.411176 -0.0870829 0 
2 -0.180097 -0.0974496 0 1.02289 -0.00987505 0 
dMomentum = -1.1601e-17 -1.3295e-17 0
dEnergy = 0.105578
0 -0.862739 0.142553 0 -0.509162 0.0652146 0 
1 0.992957 -0.0454477 0 -0.462757 -0.087394 0 
2 -0.130218 -0.0971053 0 0.971919 0.0221793 0 
dMomentum = -1.20346e-17 -1.32544e-17 0
dEnergy = 0.105578
0 -0.88599 0.14518 0 -0.420985 0.0406004 0 
1 0.968378 -0.0498362 0 -0.519392 -0.0878086 0 
2 -0.0823881 -0.0953435 0 0.940377 0.0472082 0 
dMomentum = -1.13841e-17 -1.32544e-17 0
dEnergy = 0.105578
0 -0.905092 0.146701 0 -0.342998 0.0207916 0 
1 0.940807 -0.0542471 0 -0.582453 -0.08828 0 
2 -0.0357157 -0.0924538 0 0.925451 0.0674884 0 
dMomentum = -9.54098e-18 -1.3295e-17 0
dEnergy = 0.105578
0 -0.920484 0.14732 0 -0.272555 0.00440891 0 
1 0.909877 -0.0586816 0 -0.653905 -0.0887338 0 
2 0.0106072 -0.0886384 0 0.926461 0.0843249 0 
dMomentum = -9.97466e-18 -1.32273e-17 0
dEnergy = 0.105578
0 -0.932498 0.147185 0 -0.207883 -0.00942657 0 
1 0.875097 -0.0631358 0 -0.736722 -0.0890408 0 
2 0.0574006 -0.0840492 0 0.944604 0.0984673 0 
dMomentum = -8.23994e-18 -1.3146e-17 0
dEnergy = 0.105578
0 -0.941389 0.146408 0 -0.147725 -0.0213082 0 
1 0.835789 -0.067597 0 -0.835715 -0.0889518 0 
2 0.1056 -0.078811 0 0.98344 0.11026 0 
dMomentum = -7.80626e-18 -1.32544e-17 0
dEnergy = 0.105578
0 -0.94736 0.145075 0 -0.0911563 -0.031658 0 
1 0.79095 -0.0720336 0 -0.959422 -0.0879271 0 
2 0.156409 -0.0730419 0 1.05058 0.119585 0 
dMomentum = -1.12757e-17 -1.33899e-17 0
dEnergy = 0.105578
0 -0.950571 0.143256 0 -0.0374612 -0.0407928 0 
1 0.738965 -0.07637 0 -1.12515 -0.0845909 0 
2 0.211606 -0.0668861 0 1.16262 0.125384 0 
dMomentum = -1.71304e-17 -1.33628e-17 0
dEnergy = 0.105578
0 -0.951151 0.141004 0 0.0139465 -0.0489687 0 
1 0.676824 -0.0804015 0 -1.37657 -0.0743944 0 
2 0.274327 -0.0606025 0 1.36263 0.123363 0 
dMomentum = -1.66967e-17 -1.3417e-17 0
dEnergy = 0.10558
0 -0.949203 0.138362 0 0.0635969 -0.0564185 0 
1 0.597079 -0.0833482 0 -1.8862 -0.0313341 0 
2 0.352123 -0.0550134 0 1.82261 0.0877527 0 
dMomentum = -1.34441e-17 -1.63715e-17 0
dEnergy = 0.103797
0 -0.944798 0.135359 0 0.11212 -0.0634251 0 
1 0.496698 -0.0466797 0 3.44316 1.67465 0 
2 0.4481 -0.0886788 0 -3.55528 -1.61122 0 
dMomentum = -1.55041e-17 -1.85941e-17 0
dEnergy = 0.103414
0 -0.937958 0.132001 0 0.161201 -0.0707399 0 
1 0.60122 -0.00802389 0 1.54343 0.491745 0 
2 0.336738 -0.123977 0 -1.70463 -0.421005 0 
dMomentum = -1.78893e-17 -1.80384e-17 0
dEnergy = 0.103414
0 -0.928612 0.128254 0 0.212292 -0.0790051 0 
1 0.667738 0.0123709 0 1.16004 0.34554 0 
2 0.260874 -0.140625 0 -1.37234 -0.266535 0 
dMomentum = -2.08167e-17 -1.75776e-17 0
dEnergy = 0.103414
0 -0.91664 0.124064 0 0.266193 -0.0885287 0 
1 0.720117 0.0277973 0 0.946392 0.276797 0 
2 0.196523 -0.151861 0 -1.21258 -0.188268 0 
dMomentum = -1.87025e-17 -1.7686e-17 0
dEnergy = 0.103414
0 -0.901879 0.119357 0 0.323754 -0.0996479 0 
1 0.763623 0.0405337 0 0.797765 0.234506 0 
2 0.138255 -0.159891 0 -1.12152 -0.134858 0 
dMomentum = -1.79435e-17 -1.74624e-17 0
dEnergy = 0.103414
0 -0.884121 0.114045 0 0.386027 -0.112804 0 
1 0.80061 0.0515049 0 0.682966 0.20502 0 
2 0.0835114 -0.16555 0 -1.06899 -0.0922156 0 
dMomentum = -1.83772e-17 -1.77132e-17 0
dEnergy = 0.103414
0 -0.863097 0.10801 0 0.454419 -0.128623 0 
1 0.832396 0.0611987 0 0.588689 0.182923 0 
2 0.0307007 -0.169209 0 -1.04311 -0.0543001 0 
dMomentum = -2.17383e-17 -1.78351e-17 0
dEnergy = 0.103414
0 -0.838453 0.101097 0 0.530925 -0.148046 0 
1 0.859823 0.0699125 0 0.508071 0.16558 0 
2 -0.0213696 -0.17101 0 -1.039 -0.017533 0 
dMomentum = -2.19822e-17 -1.82824e-17 0
dEnergy = 0.103414
0 -0.809713 0.0930909 0 0.618562 -0.172584 0 
1 0.883466 0.0778445 0 0.43712 0.151531 0 
2 -0.0737523 -0.170935 0 -1.05568 0.0210531 0 
dMomentum = -1.93801e-17 -1.84043e-17 0
dEnergy = 0.103414
0 -0.776208 0.0836763 0 0.722229 -0.204851 0 
1 0.903741 0.0851361 0 0.3733 0.139897 0 
2 -0.127533 -0.168812 0 -1.09553 0.0649541 0 
dMomentum = -1.92717e-17 -1.84043e-17 0
dEnergy = 0.103414
0 -0.736937 0.0723547 0 0.850684 -0.249881 0 
1 0.92096 0.0918929 0 0.314885 0.130107 0 
2 -0.184024 -0.164248 0 -1.16557 0.119774 0 
dMomentum = -1.79435e-17 -1.89735e-17 0
dEnergy = 0.103414
0 -0.690267 0.058245 0 1.02195 -0.319019 0 
1 0.935362 0.098197 0 0.260624 0.121772 0 
2 -0.245095 -0.156442 0 -1.28257 0.197247 0 
dMomentum = -1.7293e-17 -1.87567e-17 0
dEnergy = 0.103414
0 -0.633093 0.0394724 0 1.28279 -0.445671 0 
1 0.947128 0.104114 0 0.209545 0.114604 0 
2 -0.314035 -0.143586 0 -1.49233 0.331066 0 
dMomentum = -1.52873e-17 -2.01662e-17 0
dEnergy = 0.103417
0 -0.557365 0.0101403 0 1.8325 -0.809735 0 
1 0.956397 0.109696 0 0.160802 0.108367 0 
2 -0.399032 -0.119836 0 -1.9933 0.701368 0 
dMomentum = -1.34441e-17 -1.65341e-17 0
dEnergy = 0.103459
0 -0.523038 -0.0892867 0 -2.96632 -0.729427 0 
1 0.963264 0.114983 0 0.113445 0.102732 0 
2 -0.440225 -0.0256961 0 2.85287 0.626694 0 
dMomentum = -1.14925e-17 -1.57345e-17 0
dEnergy = 0.103414
0 -0.629085 -0.102179 0 -1.66609 -0.0783211 0 
1 0.967762 0.11999 0 0.0659871 0.0971426 0 
2 -0.338677 -0.0178116 0 1.6001 -0.0188215 0 
dMomentum = -1.05168e-17 -1.57006e-17 0
dEnergy = 0.103414
0 -0.702001 -0.103472 0 -1.28874 0.0101703 0 
1 0.969855 0.124711 0 0.0173148 0.0912336 0 
2 -0.267854 -0.0212386 0 1.27143 -0.101404 0 
dMomentum = -1.10589e-17 -1.58361e-17 0
dEnergy = 0.103414
0 -0.76076 -0.101987 0 -1.07224 0.0448674 0 
1 0.969468 0.129122 0 -0.0331089 0.0847534 0 
2 -0.208708 -0.0271356 0 1.10535 -0.129621 0 
dMomentum = -9.86624e-18 -1.62698e-17 0
dEnergy = 0.103414
0 -0.810503 -0.099245 0 -0.921045 0.0628847 0 
1 0.9665 0.13319 0 -0.0857654 0.0774775 0 
2 -0.155997 -0.033945 0 1.00681 -0.140362 0 
dMomentum = -9.1073e-18 -1.62088e-17 0
dEnergy = 0.103414
0 -0.853623 -0.095805 0 -0.804714 0.0736013 0 
1 0.960828 0.136868 0 -0.141185 0.0691622 0 
2 -0.107205 -0.0410632 0 0.945899 -0.142763 0 
dMomentum = -9.6494e-18 -1.63511e-17 0
dEnergy = 0.103414
0 -0.891492 -0.0919328 0 -0.709897 0.0805091 0 
1 0.952297 0.140098 0 -0.200011 0.0595141 0 
2 -0.0608048 -0.0481651 0 0.909908 -0.140023 0 
dMomentum = -1.04083e-17 -1.64799e-17 0
dEnergy = 0.103414
0 -0.924996 -0.0877745 0 -0.629605 0.0852108 0 
1 0.940716 0.142803 0 -0.263063 0.0481525 0 
2 -0.0157206 -0.0550286 0 0.892668 -0.133363 0 
dMomentum = -1.2902e-17 -1.63918e-17 0
dEnergy = 0.103414
0 -0.954752 -0.0834173 0 -0.559744 0.0885483 0 
1 0.925849 0.144886 0 -0.331437 0.0345544 0 
2 0.0289026 -0.0614682 0 0.891181 -0.123103 0 
dMomentum = -1.2902e-17 -1.61851e-17 0
dEnergy = 0.103414
0 -0.981212 -0.0789165 0 -0.497711 0.0910094 0 
1 0.907392 0.146216 0 -0.406654 0.0179627 0 
2 0.0738199 -0.0672992 0 0.904365 -0.108972 0 
dMomentum = -1.40946e-17 -1.61682e-17 0
dEnergy = 0.103414
0 -1.00472 -0.0743076 0 -0.441753 0.092899 0 
1 0.884952 0.146616 0 -0.490924 -0.00278127 0 
2 0.119772 -0.0723088 0 0.932677 -0.0901177 0 
dMomentum = -1.37694e-17 -1.61207e-17 0
dEnergy = 0.103414
0 -1.02556 -0.0696141 0 -0.390624 0.0944206 0 
1 0.857995 0.145837 0 -0.587632 -0.0295695 0 
2 0.167561 -0.0762227 0 0.978256 -0.0648511 0 
dMomentum = -1.44199e-17 -1.60055e-17 0
dEnergy = 0.103414
0 -1.04393 -0.0648504 0 -0.343404 0.0957183 0 
1 0.825773 0.143498 0 -0.702343 -0.0657588 0 
2 0.218156 -0.0786478 0 1.04575 -0.0299595 0 
dMomentum = -1.37694e-17 -1.59513e-17 0
dEnergy = 0.103414
0 -1.06002 -0.060025 0 -0.299382 0.0969002 0 
1 0.787157 0.138984 0 -0.845121 -0.118024 0 
2 0.272862 -0.0789585 0 1.1445 0.0211239 0 
dMomentum = -1.38778e-17 -1.58836e-17 0
dEnergy = 0.103414
0 -1.07397 -0.0551415 0 -0.257982 0.0980532 0 
1 0.740287 0.131155 0 -1.03696 -0.202126 0 
2 0.333683 -0.0760132 0 1.29495 0.104073 0 
dMomentum = -9.75782e-18 -1.58294e-17 0
dEnergy = 0.103414
0 -1.0859 -0.0501994 0 -0.218704 0.099251 0 
1 0.68157 0.117436 0 -1.33341 -0.368141 0 
2 0.404335 -0.0672362 0 1.55211 0.26889 0 
dMomentum = -7.80626e-18 -1.58836e-17 0
dEnergy = 0.103419
0 -1.09591 -0.0451947 0 -0.181049 0.100559 0 
1 0.601453 0.088594 0 -1.97559 -0.939435 0 
2 0.49446 -0.0433993 0 2.15664 0.838876 0 
dMomentum = -8.23994e-18 -1.55041e-17 0
dEnergy = 0.103433
0 -1.10406 -0.0401215 0 -0.144346 0.101959 0 
1 0.585119 -0.030716 0 2.55359 -1.17609 0 
2 0.518942 0.0708375 0 -2.40924 1.07413 0 
dMomentum = -6.9931e-18 -1.52601e-17 0
dEnergy = 0.103414
0 -1.11038 -0.0349772 0 -0.107902 0.103431 0 
1 0.684398 -0.0593737 0 1.618 -0.293574 0 
2 0.425982 0.0943508 0 -1.5101 0.190143 0 
dMomentum = -9.32414e-18 -1.53686e-17 0
dEnergy = 0.103414
0 -1.11487 -0.0297551 0 -0.0711014 0.105058 0 
1 0.755643 -0.0690564 0 1.26294 -0.121084 0 
2 0.359224 0.0988114 0 -1.19183 0.0160261 0 
dMomentum = -9.75782e-18 -1.54499e-17 0
dEnergy = 0.103414
0 -1.11749 -0.0244486 0 -0.0335993 0.106788 0 
1 0.813173 -0.0729988 0 1.0476 -0.0444747 0 
2 0.30432 0.0974475 0 -1.014 -0.0623134 0 
dMomentum = -9.51387e-18 -1.54634e-17 0
dEnergy = 0.103414
0 -1.11822 -0.0190541 0 0.00485694 0.108568 0 
1 0.861601 -0.0740458 0 0.892791 -0.000840509 0 
2 0.256616 0.0930998 0 -0.897648 -0.107727 0 
dMomentum = -1.02186e-17 -1.50331e-17 0
dEnergy = 0.103414
0 -1.11699 -0.0135702 0 0.044497 0.110343 0 
1 0.903179 -0.0733378 0 0.77125 0.027246 0 
2 0.213807 0.0869081 0 -0.815747 -0.137589 0 
dMomentum = -1.01373e-17 -1.52432e-17 0
dEnergy = 0.103414
0 -1.11374 -0.00799871 0 0.0855556 0.112059 0 
1 0.939226 -0.0714588 0 0.670557 0.0466567 0 
2 0.174509 0.0794576 0 -0.756113 -0.158716 0 
dMomentum = -8.94467e-18 -1.5599e-17 0
dEnergy = 0.103414
0 -1.10839 -0.00234385 0 0.12829 0.11366 0 
1 0.970605 -0.068752 0 0.584064 0.0606815 0 
2 0.137781 0.0710959 0 -0.712355 -0.174341 0 
dMomentum = -7.60297e-18 -1.57074e-17 0
dEnergy = 0.103414
0 -1.10085 0.00338697 0 0.172998 0.11508 0 
1 0.99792 -0.0654383 0 0.507821 0.0711063 0 
2 0.102928 0.0620513 0 -0.680819 -0.186186 0 
dMomentum = -6.97955e-18 -1.59174e-17 0
dEnergy = 0.103414
0 -1.09101 0.0091829 0 0.220033 0.116245 0 
1 1.02162 -0.0616694 0 0.439294 0.0789901 0 
2 0.069396 0.0524865 0 -0.659327 -0.195236 0 
dMomentum = -6.85758e-18 -1.56599e-17 0
dEnergy = 0.103414
0 -1.07875 0.015029 0 0.269829 0.117065 0 
1 1.04204 -0.0575546 0 0.376767 0.0850046 0 
2 0.0367174 0.0425256 0 -0.646596 -0.20207 0 
dMomentum = -7.45389e-18 -1.52805e-17 0
dEnergy = 0.103414
0 -1.06392 0.0209052 0 0.322932 0.117424 0 
1 1.05945 -0.0531756 0 0.319026 0.089599 0 
2 0.00447213 0.0322704 0 -0.641958 -0.207023 0 
dMomentum = -6.966e-18 -1.57006e-17 0
dEnergy = 0.103414
0 -1.04633 0.0267846 0 0.380047 0.117165 0 
1 1.07407 -0.0485952 0 0.265179 0.093087 0 
2 -0.0277386 0.0218106 0 -0.645225 -0.210252 0 
dMomentum = -7.07442e-18 -1.54296e-17 0
dEnergy = 0.103414
0 -1.02576 0.0326313 0 0.442107 0.116077 0 
1 1.08607 -0.0438629 0 0.214551 0.095697 0 
2 -0.0603155 0.0112316 0 -0.656658 -0.211774 0 
dMomentum = -7.90112e-18 -1.55651e-17 0
dEnergy = 0.103414
0 -1.00193 0.0383965 0 0.510391 0.113848 0 
1 1.09561 -0.0390181 0 0.166621 0.0976009 0 
2 -0.0936844 0.000621612 0 -0.677012 -0.211448 0 
dMomentum = -4.33681e-18 -1.54702e-17 0
dEnergy = 0.103414
0 -0.974483 0.0440121 0 0.58671 0.110005 0 
1 1.10281 -0.0340928 0 0.120976 0.098933 0 
2 -0.128324 -0.00991924 0 -0.707685 -0.208938 0 
dMomentum = -3.55076e-18 -1.51382e-17 0
dEnergy = 0.103414
0 -0.94296 0.0493797 0 0.673755 0.10379 0 
1 1.10777 -0.0291128 0 0.0772779 0.0998025 0 
2 -0.164805 -0.0202669 0 -0.751033 -0.203592 0 
dMomentum = -3.65918e-18 -1.54838e-17 0
dEnergy = 0.103414
0 -0.906724 0.0543508 0 0.775764 0.0938877 0 
1 1.11058 -0.0240988 0 0.0352472 0.100302 0 
2 -0.203854 -0.030252 0 -0.811012 -0.194189 0 
dMomentum = -4.36391e-18 -1.57955e-17 0
dEnergy = 0.103414
0 -0.864861 0.0586855 0 0.899953 0.0778061 0 
1 1.11132 -0.0190674 0 -0.00535729 0.100512 0 
2 -0.24646 -0.0396181 0 -0.894595 -0.178319 0 
dMomentum = -9.75782e-19 -1.56057e-17 0
dEnergy = 0.103414
0 -0.815957 0.0619577 0 1.06005 0.0501465 0 
1 1.11006 -0.014031 0 -0.0447534 0.100512 0 
2 -0.294104 -0.0479267 0 -1.0153 -0.150658 0 
dMomentum = -2.71051e-19 -1.55244e-17 0
dEnergy = 0.103414
0 -0.757553 0.0632924 0 1.28707 -0.00345951 0 
1 1.10685 -0.00899833 0 -0.0831525 0.100376 0 
2 -0.3493 -0.0542941 0 -1.20392 -0.0969166 0 
dMomentum = -1.84314e-18 -1.5748e-17 0
dEnergy = 0.103414
0 -0.68442 0.060347 0 1.67648 -0.139113 0 
1 1.10174 -0.00397416 0 -0.120787 0.100188 0 
2 -0.417322 -0.0563728 0 -1.55569 0.0389245 0 
dMomentum = -3.90313e-18 -1.4962e-17 0
dEnergy = 0.103453
0 -0.57827 0.0400466 0 2.89341 -1.08288 0 
1 1.09476 0.00104127 0 -0.157984 0.100045 0 
2 -0.516488 -0.0410879 0 -2.73542 0.982839 0 
dMomentum = -2.60209e-18 -1.48536e-17 0
dEnergy = 0.103417
0 -0.605262 -0.0753174 0 -1.80752 -0.939597 0 
1 1.08591 0.00605138 0 -0.195427 0.0999657 0 
2 -0.480645 0.069266 0 2.00295 0.839631 0 
dMomentum = -2.38524e-18 -1.38236e-17 0
dEnergy = 0.103414
0 -0.679833 -0.107207 0 -1.25695 -0.45111 0 
1 1.07516 0.0110613 0 -0.233892 0.100077 0 
2 -0.395327 0.0961458 0 1.49084 0.351033 0 
dMomentum = -4.77049e-18 -1.41488e-17 0
dEnergy = 0.103414
0 -0.735506 -0.1252 0 -0.98802 -0.28741 0 
1 1.06244 0.0160836 0 -0.274023 0.100459 0 
2 -0.326938 0.109116 0 1.26204 0.186951 0 
dMomentum = -7.15573e-18 -1.37152e-17 0
dEnergy = 0.103414
0 -0.780295 -0.137206 0 -0.809723 -0.199152 0 
1 1.04767 0.0211319 0 -0.316333 0.101115 0 
2 -0.267371 0.116074 0 1.12606 0.0980373 0 
dMomentum = -7.80626e-18 -1.35525e-17 0
dEnergy = 0.103414
0 -0.817357 -0.145661 0 -0.675123 -0.141918 0 
1 1.0307 0.0262198 0 -0.361358 0.10204 0 
2 -0.213345 0.119441 0 1.03648 0.0398778 0 
dMomentum = -6.28837e-18 -1.35254e-17 0
dEnergy = 0.103414
0 -0.848362 -0.151693 0 -0.565909 -0.100911 0 
1 1.0114 0.0313607 0 -0.409728 0.103231 0 
2 -0.16304 0.120332 0 0.975637 -0.00231953 0 
dMomentum = -6.61363e-18 -1.36338e-17 0
dEnergy = 0.103414
0 -0.874333 -0.155933 0 -0.473132 -0.0696443 0 
1 0.989578 0.0365679 0 -0.462234 0.104685 0 
2 -0.115245 0.119365 0 0.935366 -0.0350404 0 
dMomentum = -4.87891e-18 -1.36677e-17 0
dEnergy = 0.103414
0 -0.895959 -0.158777 0 -0.391783 -0.044773 0 
1 0.965 0.0418545 0 -0.519916 0.106398 0 
2 -0.0690403 0.116923 0 0.911699 -0.0616254 0 
dMomentum = -3.57787e-18 -1.38168e-17 0
dEnergy = 0.103414
0 -0.913729 -0.160494 0 -0.318778 -0.0243787 0 
1 0.937373 0.0472333 0 -0.584208 0.108366 0 
2 -0.0236437 0.11326 0 0.902986 -0.0839871 0 
dMomentum = -4.33681e-19 -1.37965e-17 0
dEnergy = 0.103414
0 -0.928006 -0.161275 0 -0.252093 -0.00727103 0 
1 0.906318 0.0527167 0 -0.657174 0.110572 0 
2 0.0216884 0.108558 0 0.909267 -0.103301 0 
dMomentum = 7.58942e-19 -1.3932e-17 0
dEnergy = 0.103414
0 -0.93907 -0.161264 0 -0.19032 0.00733472 0 
1 0.871327 0.0583159 0 -0.741966 0.112975 0 
2 0.0677431 0.102948 0 0.932286 -0.12031 0 
dMomentum = 2.27682e-18 -1.40099e-17 0
dEnergy = 0.103414
0 -0.947128 -0.160574 0 -0.132554 0.0199592 0 
1 0.831776 0.0640269 0 -0.84351 0.115463 0 
2 0.115352 0.0965475 0 0.976064 -0.135422 0 
dMomentum = 4.33681e-19 -1.39456e-17 0
dEnergy = 0.103414
0 -0.952378 -0.159294 0 -0.0779011 0.0310275 0 
1 0.786546 0.069859 0 -0.971169 0.11774 0 
2 0.165832 0.089435 0 1.04907 -0.148768 0 
dMomentum = 3.14419e-18 -1.42539e-17 0
dEnergy = 0.103414
0 -0.95496 -0.157493 0 -0.025759 0.040842 0 
1 0.73392 0.075783 0 -1.14399 0.118881 0 
2 0.22104 0.0817095 0 1.16975 -0.159723 0 
dMomentum = 2.60209e-18 -1.41624e-17 0
dEnergy = 0.103414
0 -0.954987 -0.155226 0 0.024378 0.0496527 0 
1 0.67062 0.081673 0 -1.41173 0.115203 0 
2 0.284366 0.0735535 0 1.38735 -0.164855 0 
dMomentum = 1.0842e-18 -1.43725e-17 0
dEnergy = 0.103416
0 -0.952548 -0.15254 0 0.0729806 0.0576951 0 
1 0.588081 0.0868669 0 -1.98948 0.0800279 0 
2 0.364466 0.0656732 0 1.9165 -0.137723 0 
dMomentum = -1.30104e-18 -1.24683e-17 0
dEnergy = 0.114199
0 -0.947705 -0.149465 0 0.120667 0.0652871 0 
1 0.515318 0.0449181 0 2.71752 -1.23704 0 
2 0.432386 0.104547 0 -2.83818 1.17176 0 
dMomentum = -3.68629e-18 -1.23599e-17 0
dEnergy = 0.114138
0 -0.940467 -0.146004 0 0.169088 0.0732917 0 
1 0.609643 0.00817041 0 1.46586 -0.51964 0 
2 0.330824 0.137833 0 -1.63495 0.446349 0 
dMomentum = -4.39102e-18 -1.15468e-17 0
dEnergy = 0.114138
0 -0.930764 -0.142119 0 0.219443 0.0823187 0 
1 0.673267 -0.0137802 0 1.11917 -0.37877 0 
2 0.257497 0.155899 0 -1.33861 0.296452 0 
dMomentum = -7.04731e-19 -1.13841e-17 0
dEnergy = 0.114138
0 -0.918479 -0.13775 0 0.272455 0.0926883 0 
1 0.723857 -0.0308094 0 0.918214 -0.308647 0 
2 0.194622 0.168559 0 -1.19067 0.215959 0 
dMomentum = 1.81604e-18 -1.11673e-17 0
dEnergy = 0.114138
0 -0.903461 -0.132821 0 0.328905 0.104756 0 
1 0.766044 -0.0450626 0 0.776017 -0.264329 0 
2 0.137417 0.177884 0 -1.10492 0.159573 0 
dMomentum = 2.98156e-19 -1.11402e-17 0
dEnergy = 0.114138
0 -0.885515 -0.127238 0 0.389754 0.118986 0 
1 0.801973 -0.0574536 0 0.66509 -0.232896 0 
2 0.0835427 0.184692 0 -1.05484 0.11391 0 
dMomentum = -1.24683e-18 -1.09369e-17 0
dEnergy = 0.114138
0 -0.864391 -0.120876 0 0.456274 0.136029 0 
1 0.83287 -0.0684771 0 0.573371 -0.209038 0 
2 0.0315214 0.189353 0 -1.02965 0.0730089 0 
dMomentum = -1.97867e-18 -1.08014e-17 0
dEnergy = 0.114138
0 -0.839764 -0.113572 0 0.530249 0.156852 0 
1 0.859523 -0.078439 0 0.494535 -0.190113 0 
2 -0.019759 0.192011 0 -1.02478 0.0332614 0 
dMomentum = 2.24972e-18 -1.10724e-17 0
dEnergy = 0.114138
0 -0.811199 -0.105103 0 0.614325 0.182985 0 
1 0.882475 -0.0875457 0 0.424854 -0.17464 0 
2 -0.0712764 0.192649 0 -1.03918 -0.00834458 0 
dMomentum = 3.25261e-19 -1.10318e-17 0
dEnergy = 0.114138
0 -0.778095 -0.0951434 0 0.712705 0.217023 0 
1 0.902121 -0.0959453 0 0.361939 -0.161712 0 
2 -0.124026 0.191089 0 -1.07464 -0.0553111 0 
dMomentum = 3.11708e-18 -1.09911e-17 0
dEnergy = 0.114138
0 -0.739572 -0.0831907 0 0.832664 0.263822 0 
1 0.918754 -0.103749 0 0.304153 -0.150737 0 
2 -0.179182 0.18694 0 -1.13682 -0.113085 0 
dMomentum = 2.76472e-18 -1.08691e-17 0
dEnergy = 0.114138
0 -0.69424 -0.0683821 0 0.988455 0.333837 0 
1 0.932602 -0.111045 0 0.2503 -0.141306 0 
2 -0.238361 0.179427 0 -1.23875 -0.192532 0 
dMomentum = 2.00577e-18 -1.0964e-17 0
dEnergy = 0.114138
0 -0.639596 -0.0489804 0 1.21402 0.45539 0 
1 0.943834 -0.117901 0 0.199443 -0.133117 0 
2 -0.304238 0.166881 0 -1.41346 -0.322273 0 
dMomentum = 3.46945e-18 -1.11131e-17 0
dEnergy = 0.114139
0 -0.569921 -0.0202203 0 1.62675 0.750466 0 
1 0.952582 -0.124373 0 0.150775 -0.125919 0 
2 -0.382661 0.144593 0 -1.77753 -0.624547 0 
dMomentum = 2.1684e-18 -1.17094e-17 0
dEnergy = 0.106205
0 -0.46828 0.0687475 0 -1.51443 6.37422 0 
1 0.958934 -0.130504 0 0.103439 -0.119407 0 
2 -0.490654 0.0617566 0 1.41099 -6.25481 0 
dMomentum = -1.95156e-18 -8.57875e-18 0
dEnergy = 0.114139
0 -0.596319 0.119275 0 -1.85117 0.207351 0 
1 0.962931 -0.136315 0 0.0563324 -0.113019 0 
2 -0.366612 0.0170398 0 1.79484 -0.0943311 0 
dMomentum = -2.81893e-18 -8.49743e-18 0
dEnergy = 0.114138
0 -0.675317 0.124551 0 -1.37548 0.040099 0 
1 0.964549 -0.141802 0 0.00816618 -0.106404 0 
2 -0.289232 0.0172508 0 1.36731 0.0663046 0 
dMomentum = -3.36103e-18 -8.32125e-18 0
dEnergy = 0.114138
0 -0.737392 0.124914 0 -1.12726 -0.0179552 0 
1 0.963719 -0.146946 0 -0.0417111 -0.0992412 0 
2 -0.226327 0.0220324 0 1.16897 0.117196 0 
dMomentum = -4.33681e-19 -8.13152e-18 0
dEnergy = 0.114138
0 -0.789365 0.123216 0 -0.960711 -0.0471556 0 
1 0.960341 -0.151713 0 -0.0938031 -0.0912681 0 
2 -0.170977 0.0284972 0 1.05451 0.138424 0 
dMomentum = 1.0842e-19 -7.91468e-18 0
dEnergy = 0.114138
0 -0.83414 0.120391 0 -0.835417 -0.0644873 0 
1 0.954293 -0.156055 0 -0.148641 -0.0822085 0 
2 -0.120153 0.0356637 0 0.984058 0.146696 0 
dMomentum = 1.0842e-18 -7.96889e-18 0
dEnergy = 0.114138
0 -0.873313 0.116866 0 -0.734756 -0.0758059 0 
1 0.945421 -0.15991 0 -0.206857 -0.0717362 0 
2 -0.0721082 0.0430446 0 0.941613 0.147542 0 
dMomentum = 1.84314e-18 -7.80626e-18 0
dEnergy = 0.114138
0 -0.907885 0.112867 0 -0.650373 -0.0836845 0 
1 0.933538 -0.163198 0 -0.269249 -0.0594343 0 
2 -0.0256528 0.0503308 0 0.919621 0.143119 0 
dMomentum = 1.84314e-18 -7.72494e-18 0
dEnergy = 0.114138
0 -0.938541 0.108532 0 -0.577499 -0.0894382 0 
1 0.918409 -0.165814 0 -0.336872 -0.0447351 0 
2 0.0201318 0.0572816 0 0.914371 0.134173 0 
dMomentum = 2.05998e-18 -7.86047e-18 0
dEnergy = 0.114138
0 -0.965777 0.103946 0 -0.513166 -0.0938137 0 
1 0.899739 -0.167618 0 -0.411185 -0.0268231 0 
2 0.0660373 0.063672 0 0.924351 0.120637 0 
dMomentum = 1.30104e-18 -7.83336e-18 0
dEnergy = 0.114138
0 -0.989967 0.0991661 0 -0.4554 -0.0972707 0 
1 0.877145 -0.168422 0 -0.494287 -0.00445947 0 
2 0.112822 0.0692562 0 0.949687 0.10173 0 
dMomentum = 2.38524e-18 -7.92823e-18 0
dEnergy = 0.114138
0 -1.0114 0.0942295 0 -0.402817 -0.100111 0 
1 0.850112 -0.167957 0 -0.589362 0.0243629 0 
2 0.161291 0.0737279 0 0.992179 0.0757486 0 
dMomentum = 2.27682e-18 -7.98244e-18 0
dEnergy = 0.114138
0 -1.03032 0.0891617 0 -0.354405 -0.102547 0 
1 0.817925 -0.165821 0 -0.701573 0.0631687 0 
2 0.212393 0.0766597 0 1.05598 0.0393786 0 
dMomentum = 3.90313e-18 -7.92823e-18 0
dEnergy = 0.114138
0 -1.0469 0.0839789 0 -0.309388 -0.104734 0 
1 0.779521 -0.161363 0 -0.840071 0.118863 0 
2 0.267378 0.0773844 0 1.14946 -0.0141289 0 
dMomentum = 6.28837e-18 -7.86724e-18 0
dEnergy = 0.114138
0 -1.0613 0.0786903 0 -0.267141 -0.106795 0 
1 0.733184 -0.153402 0 -1.02334 0.207355 0 
2 0.328118 0.0747116 0 1.29048 -0.10056 0 
dMomentum = 1.06252e-17 -7.65718e-18 0
dEnergy = 0.114138
0 -1.07365 0.0732998 0 -0.227125 -0.108832 0 
1 0.67572 -0.139344 0 -1.29741 0.376788 0 
2 0.397931 0.0660439 0 1.52453 -0.267956 0 
dMomentum = 1.01915e-17 -9.48677e-18 0
dEnergy = 0.114141
0 -1.08404 0.067806 0 -0.188814 -0.110936 0 
1 0.599417 -0.110706 0 -1.8308 0.892929 0 
2 0.484627 0.0429003 0 2.01962 -0.781993 0 
dMomentum = 7.80626e-18 -5.09575e-18 0
dEnergy = 0.114183
0 -1.09255 0.0622045 0 -0.151509 -0.113116 0 
1 0.550369 0.010942 0 2.65243 2.15155 0 
2 0.54218 -0.0731464 0 -2.50092 -2.03843 0 
dMomentum = 1.31188e-17 -5.46167e-18 0
dEnergy = 0.114139
0 -1.0992 0.056495 0 -0.114637 -0.115291 0 
1 0.655745 0.0568 0 1.70825 0.43924 0 
2 0.443457 -0.113295 0 -1.59362 -0.323948 0 
dMomentum = 1.44741e-17 -4.51299e-18 0
dEnergy = 0.114138
0 -1.10401 0.0506721 0 -0.0775883 -0.117657 0 
1 0.730458 0.0715201 0 1.32241 0.193075 0 
2 0.373552 -0.122192 0 -1.24482 -0.075418 0 
dMomentum = 1.58294e-17 -4.37747e-18 0
dEnergy = 0.114138
0 -1.10695 0.0447265 0 -0.0399379 -0.12019 0 
1 0.79049 0.0783022 0 1.09431 0.0897365 0 
2 0.316461 -0.123029 0 -1.05437 0.0304538 0 
dMomentum = 1.40675e-17 -4.47233e-18 0
dEnergy = 0.114138
0 -1.10799 0.038651 0 -0.00139172 -0.122847 0 
1 0.840968 0.0812281 0 0.932538 0.0320657 0 
2 0.26702 -0.119879 0 -0.931147 0.0907812 0 
dMomentum = 1.40675e-17 -4.33681e-18 0
dEnergy = 0.114138
0 -1.10707 0.0324406 0 0.0383087 -0.125578 0 
1 0.884333 0.0818488 0 0.806603 -0.00478791 0 
2 0.222738 -0.114289 0 -0.844911 0.130365 0 
dMomentum = 1.43386e-17 -4.17418e-18 0
dEnergy = 0.114138
0 -1.10413 0.0260928 0 0.0794206 -0.128332 0 
1 0.921996 0.0809368 0 0.702879 -0.0302487 0 
2 0.182139 -0.10703 0 -0.782299 0.158581 0 
dMomentum = 1.34441e-17 -3.95734e-18 0
dEnergy = 0.114138
0 -1.0991 0.0196079 0 0.122222 -0.131057 0 
1 0.95487 0.0789393 0 0.614174 -0.0487247 0 
2 0.144231 -0.0985471 0 -0.736396 0.179781 0 
dMomentum = 1.18856e-17 -3.7676e-18 0
dEnergy = 0.114138
0 -1.09188 0.0129887 0 0.16703 -0.133692 0 
1 0.983592 0.076141 0 0.536256 -0.0625707 0 
2 0.108287 -0.0891296 0 -0.703286 0.196263 0 
dMomentum = 1.23735e-17 -3.87602e-18 0
dEnergy = 0.114138
0 -1.08236 0.0062413 0 0.21422 -0.13617 0 
1 1.00863 0.0727361 0 0.46643 -0.0731678 0 
2 0.0737286 -0.0789774 0 -0.680651 0.209337 0 
dMomentum = 1.16281e-17 -3.7676e-18 0
dEnergy = 0.114138
0 -1.07041 -0.000624279 0 0.264252 -0.138405 0 
1 1.03034 0.0688637 0 0.402884 -0.0813839 0 
2 0.0400701 -0.0682394 0 -0.667135 0.219789 0 
dMomentum = 1.11673e-17 -3.36103e-18 0
dEnergy = 0.114138
0 -1.05588 -0.0075934 0 0.317703 -0.140291 0 
1 1.049 0.0646277 0 0.344337 -0.0877953 0 
2 0.00687504 -0.0570343 0 -0.66204 0.228086 0 
dMomentum = 9.94755e-18 -3.57787e-18 0
dEnergy = 0.114138
0 -1.03857 -0.0146451 0 0.375319 -0.141682 0 
1 1.06484 0.0601075 0 0.289858 -0.0928022 0 
2 -0.0262708 -0.0454624 0 -0.665177 0.234484 0 
dMomentum = 1.00424e-17 -3.57787e-18 0
dEnergy = 0.114138
0 -1.01826 -0.02175 0 0.438094 -0.142375 0 
1 1.07804 0.055366 0 0.238743 -0.0966936 0 
2 -0.0597844 -0.033616 0 -0.676837 0.239069 0 
dMomentum = 1.00966e-17 -3.03577e-18 0
dEnergy = 0.114138
0 -0.994652 -0.0288661 0 0.50739 -0.142073 0 
1 1.08876 0.0504531 0 0.190451 -0.0996859 0 
2 -0.0941099 -0.021587 0 -0.697841 0.241759 0 
dMomentum = 1.08285e-17 -2.54788e-18 0
dEnergy = 0.114138
0 -0.967379 -0.0359331 0 0.585154 -0.140312 0 
1 1.09713 0.0454096 0 0.144553 -0.101947 0 
2 -0.129749 -0.00947646 0 -0.729708 0.242259 0 
dMomentum = 1.17907e-17 -2.52077e-18 0
dEnergy = 0.114138
0 -0.935948 -0.0428606 0 0.674301 -0.136331 0 
1 1.10325 0.0402683 0 0.100703 -0.103612 0 
2 -0.167304 0.00259227 0 -0.775004 0.239943 0 
dMomentum = 1.2116e-17 -2.98156e-18 0
dEnergy = 0.114138
0 -0.899684 -0.0495074 0 0.779468 -0.128782 0 
1 1.10723 0.0350564 0 0.0586127 -0.104794 0 
2 -0.207544 0.014451 0 -0.838081 0.233576 0 
dMomentum = 1.26852e-17 -2.90024e-18 0
dEnergy = 0.114138
0 -0.857604 -0.0556369 0 0.908671 -0.115023 0 
1 1.10914 0.0297953 0 0.0180357 -0.105593 0 
2 -0.251534 0.0258416 0 -0.926707 0.220616 0 
dMomentum = 1.44741e-17 -3.25261e-18 0
dEnergy = 0.114138
0 -0.808166 -0.0608118 0 1.07749 -0.0891025 0 
1 1.10905 0.0245019 0 -0.0212502 -0.106101 0 
2 -0.300887 0.0363099 0 -1.05624 0.195204 0 
dMomentum = 1.21431e-17 -3.03577e-18 0
dEnergy = 0.114138
0 -0.748621 -0.0640844 0 1.32235 -0.034229 0 
1 1.10703 0.0191885 0 -0.0594608 -0.10641 0 
2 -0.35841 0.0448959 0 -1.26289 0.140639 0 
dMomentum = 9.92045e-18 -3.07642e-18 0
dEnergy = 0.114139
0 -0.672857 -0.0626911 0 1.76314 0.122633 0 
1 1.10312 0.0138625 0 -0.0968364 -0.10662 0 
2 -0.430264 0.0488285 0 -1.6663 -0.0160129 0 
dMomentum = 9.97466e-18 -3.90313e-18 0
dEnergy = 0.114281
0 -0.556475 -0.0353464 0 3.365 2.03293 0 
1 1.09736 0.00852619 0 -0.133735 -0.106848 0 
2 -0.540881 0.0268202 0 -3.23127 -1.92609 0 
dMomentum = 7.37257e-18 -7.20994e-18 0
dEnergy = 0.11414
0 -0.610841 0.0825702 0 -1.66049 0.96002 0 
1 1.08974 0.00317746 0 -0.170869 -0.107112 0 
2 -0.478902 -0.0857477 0 1.83136 -0.852907 0 
dMomentum = 6.93889e-18 -7.00666e-18 0
dEnergy = 0.114138
0 -0.68107 0.117084 0 -1.20969 0.514316 0 
1 1.08025 -0.00218909 0 -0.208879 -0.107599 0 
2 -0.399184 -0.114895 0 1.41857 -0.406717 0 
dMomentum = 5.85469e-18 -6.73561e-18 0
dEnergy = 0.114138
0 -0.735071 0.138101 0 -0.968698 0.345578 0 
1 1.06883 -0.00758782 0 -0.248339 -0.108405 0 
2 -0.333759 -0.130513 0 1.21704 -0.237173 0 
dMomentum = 6.93889e-18 -6.84403e-18 0
dEnergy = 0.114138
0 -0.779168 0.152818 0 -0.803602 0.250475 0 
1 1.05539 -0.0130353 0 -0.289717 -0.109551 0 
2 -0.27622 -0.139782 0 1.09332 -0.140924 0 
dMomentum = 3.68629e-18 -6.8508e-18 0
dEnergy = 0.114138
0 -0.816059 0.163667 0 -0.676798 0.187188 0 
1 1.03982 -0.0185489 0 -0.333499 -0.111053 0 
2 -0.223759 -0.145118 0 1.0103 -0.0761355 0 
dMomentum = 4.33681e-18 -7.23705e-18 0
dEnergy = 0.114138
0 -0.847224 0.171818 0 -0.572798 0.14101 0 
1 1.02199 -0.0241468 0 -0.380241 -0.112929 0 
2 -0.174765 -0.147671 0 0.953039 -0.0280818 0 
dMomentum = 2.92735e-18 -7.33192e-18 0
dEnergy = 0.114138
0 -0.873587 0.177941 0 -0.483799 0.105289 0 
1 1.00173 -0.0298484 0 -0.430632 -0.115204 0 
2 -0.128147 -0.148092 0 0.91443 0.00991446 0 
dMomentum = 1.73472e-18 -7.2235e-18 0
dEnergy = 0.114138
0 -0.895778 0.182462 0 -0.405337 0.0765274 0 
1 0.97885 -0.0356744 0 -0.485561 -0.117913 0 
2 -0.0830716 -0.146788 0 0.890898 0.0413861 0 
dMomentum = 1.51788e-18 -7.11508e-18 0
dEnergy = 0.114138
0 -0.91425 0.185675 0 -0.334632 0.0526882 0 
1 0.953082 -0.0416478 0 -0.546226 -0.121106 0 
2 -0.0388326 -0.144027 0 0.880859 0.068418 0 
dMomentum = 1.95156e-18 -7.26415e-18 0
dEnergy = 0.114138
0 -0.92934 0.187791 0 -0.269834 0.0324957 0 
1 0.924104 -0.0477942 0 -0.614317 -0.12485 0 
2 0.00523568 -0.139997 0 0.884151 0.0923541 0 
dMomentum = 2.38524e-18 -7.07442e-18 0
dEnergy = 0.114138
0 -0.94131 0.188971 0 -0.209647 0.0151028 0 
1 0.891486 -0.0541435 0 -0.692332 -0.129238 0 
2 0.0498238 -0.134828 0 0.90198 0.114135 0 
dMomentum = 3.03577e-18 -7.20994e-18 0
dEnergy = 0.114138
0 -0.950366 0.189338 0 -0.15313 -7.96324e-05 0 
1 0.854641 -0.0607309 0 -0.784205 -0.134401 0 
2 0.0957242 -0.128607 0 0.937335 0.134481 0 
dMomentum = 1.19262e-18 -7.07442e-18 0
dEnergy = 0.114138
0 -0.956672 0.188993 0 -0.0995696 -0.0134792 0 
1 0.812726 -0.0675994 0 -0.896648 -0.140516 0 
2 0.143946 -0.121393 0 0.996217 0.153996 0 
dMomentum = 1.6263e-18 -7.20994e-18 0
dEnergy = 0.114138
0 -0.960362 0.188015 0 -0.0484044 -0.0254204 0 
1 0.764428 -0.0748019 0 -1.0425 -0.14779 0 
2 0.195935 -0.113213 0 1.0909 0.173211 0 
dMomentum = 1.19262e-18 -6.85758e-18 0
dEnergy = 0.114138
0 -0.961545 0.186471 0 0.000826947 -0.0361643 0 
1 0.707456 -0.0823988 0 -1.2511 -0.156247 0 
2 0.254089 -0.104072 0 1.25027 0.192411 0 
dMomentum = 2.1684e-18 -6.72205e-18 0
dEnergy = 0.114138
0 -0.960305 0.184414 0 0.048534 -0.045941 0 
1 0.636866 -0.0904153 0 -1.61526 -0.163524 0 
2 0.323439 -0.093999 0 1.56673 0.209465 0 
dMomentum = -1.73472e-18 -7.15573e-18 0
dEnergy = 0.114181
0 -0.95671 0.181889 0 0.0951423 -0.0549966 0 
1 0.533936 -0.0979479 0 -2.92423 -0.0864946 0 
2 0.422773 -0.0839407 0 2.82908 0.141491 0 
dMomentum = -4.87891e-19 -8.94467e-18 0
dEnergy = -1.14712
0 -0.950796 0.178918 0 0.141521 -0.0638872 0 
1 0.561359 -0.0325043 0 1.48721 0.755145 0 
2 0.389437 -0.146414 0 -1.62874 -0.691258 0 
dMomentum = 5.96311e-19 -1.02864e-17 0
dEnergy = -1.14712
0 -0.94254 0.175488 0 0.188925 -0.0734456 0 
1 0.618192 -0.00531237 0 0.877254 0.397776 0 
2 0.324348 -0.170176 0 -1.06618 -0.324331 0 
dMomentum = 6.36969e-19 -9.934e-18 0
dEnergy = -1.14712
0 -0.931878 0.17156 0 0.237831 -0.0838287 0 
1 0.653368 0.0101763 0 0.551491 0.235816 0 
2 0.27851 -0.181736 0 -0.789322 -0.151987 0 
dMomentum = 1.35525e-19 -9.50032e-18 0
dEnergy = -1.14712
0 -0.918726 0.167091 0 0.288608 -0.0950577 0 
1 0.674711 0.0191428 0 0.310922 0.1284 0 
2 0.244015 -0.186234 0 -0.59953 -0.033342 0 
dMomentum = -1.68051e-18 -9.56808e-18 0
dEnergy = -1.14712
0 -0.90298 0.16204 0 0.341631 -0.107116 0 
1 0.685054 0.0234053 0 0.106746 0.044824 0 
2 0.217926 -0.185446 0 -0.448377 0.0622924 0 
dMomentum = -1.38236e-18 -9.51387e-18 0
dEnergy = -1.14712
0 -0.884518 0.156366 0 0.397315 -0.119963 0 
1 0.685639 0.0238241 0 -0.0819944 -0.0266583 0 
2 0.19888 -0.18019 0 -0.31532 0.146621 0 
dMomentum = -1.68051e-18 -9.43256e-18 0
dEnergy = -1.14712
0 -0.863196 0.150032 0 0.456132 -0.133525 0 
1 0.676896 0.0208391 0 -0.268241 -0.0921017 0 
2 0.186301 -0.170871 0 -0.187892 0.225627 0 
dMomentum = -1.19262e-18 -9.32414e-18 0
dEnergy = -1.14712
0 -0.838844 0.143004 0 0.518628 -0.147696 0 
1 0.658667 0.0146471 0 -0.46342 -0.155538 0 
2 0.180177 -0.157651 0 -0.0552079 0.303233 0 
dMomentum = -9.21572e-19 -9.70361e-18 0
dEnergy = -1.14712
0 -0.811262 0.135255 0 0.58543 -0.16231 0 
1 0.630169 0.00525956 0 -0.681989 -0.220544 0 
2 0.181093 -0.140515 0 0.096559 0.382854 0 
dMomentum = -1.6263e-19 -1.00831e-17 0
dEnergy = -1.14712
0 -0.780217 0.126769 0 0.657253 -0.17713 0 
1 0.589672 -0.00750489 0 -0.949324 -0.291489 0 
2 0.190545 -0.119264 0 0.29207 0.468619 0 
dMomentum = 2.1684e-19 -1.02999e-17 0
dEnergy = -1.14712
0 -0.74544 0.117544 0 0.734887 -0.191833 0 
1 0.53345 -0.0241032 0 -1.32801 -0.375467 0 
2 0.21199 -0.0934407 0 0.593124 0.567301 0 
dMomentum = -2.1684e-19 -1.00831e-17 0
dEnergy = -1.14712
0 -0.706617 0.107594 0 0.819182 -0.206058 0 
1 0.451097 -0.0454486 0 -2.09396 -0.481506 0 
2 0.255521 -0.0621454 0 1.27478 0.687564 0 
dMomentum = -3.03577e-18 -1.0842e-17 0
dEnergy = -1.14709
0 -0.663392 0.0969456 0 0.911439 -0.219978 0 
1 0.367465 -0.00556013 0 1.76043 1.56161 0 
2 0.295927 -0.0913855 0 -2.67187 -1.34163 0 
dMomentum = -7.31836e-18 -1.15874e-17 0
dEnergy = -1.14712
0 -0.615245 0.0855415 0 1.01738 -0.237089 0 
1 0.421608 0.0400742 0 0.676336 0.592673 0 
2 0.193637 -0.125616 0 -1.69372 -0.355584 0 
dMomentum = -7.48099e-18 -1.05371e-17 0
dEnergy = -1.14712
0 -0.561276 0.0731155 0 1.14615 -0.261538 0 
1 0.443922 0.0626807 0 0.250466 0.341946 0 
2 0.117353 -0.135796 0 -1.39662 -0.0804075 0 
dMomentum = -8.89046e-18 -1.02728e-17 0
dEnergy = -1.14712
0 -0.500011 0.0591718 0 1.31258 -0.299168 0 
1 0.448608 0.0759628 0 -0.0518689 0.199212 0 
2 0.0514032 -0.135135 0 -1.26071 0.0999561 0 
dMomentum = -9.21572e-18 -1.04626e-17 0
dEnergy = -1.14712
0 -0.428872 0.0427575 0 1.54943 -0.364125 0 
1 0.43943 0.0832731 0 -0.311365 0.0978634 0 
2 -0.0105576 -0.126031 0 -1.23807 0.266262 0 
dMomentum = -6.77626e-18 -1.02457e-17 0
dEnergy = -1.14712
0 -0.342323 0.0215275 0 1.96081 -0.508833 0 
1 0.417643 0.0861006 0 -0.56033 0.0179288 0 
2 -0.0753202 -0.107628 0 -1.40048 0.490905 0 
dMomentum = -7.37257e-18 -1.07336e-17 0
dEnergy = -1.14688
0 -0.217701 -0.0177746 0 3.69277 -1.62643 0 
1 0.383171 0.0852771 0 -0.823334 -0.0494046 0 
2 -0.16547 -0.0675025 0 -2.86944 1.67584 0 
dMomentum = -3.03577e-18 -1.03948e-17 0
dEnergy = -1.14713
0 -0.288419 -0.0570309 0 -1.39444 0.10994 0 
1 0.334163 0.0810036 0 -1.1615 -0.129381 0 
2 -0.0457441 -0.0239727 0 2.55594 0.0194415 0 
dMomentum = -6.50521e-18 -1.07336e-17 0
dEnergy = -1.14713
0 -0.341112 -0.0493467 0 -0.795901 0.183501 0 
1 0.261732 0.0700356 0 -1.85353 -0.373953 0 
2 0.0793801 -0.0206889 0 2.64943 0.190451 0 
dMomentum = -3.57787e-18 -1.30104e-17 0
dEnergy = -1.14709
0 -0.37183 -0.0391538 0 -0.448077 0.222727 0 
1 0.207087 -0.0308148 0 2.54423 -2.0785 0 
2 0.164743 0.0699686 0 -2.09615 1.85577 0 
dMomentum = -6.451e-18 -1.67509e-17 0
dEnergy = -1.14713
0 -0.386633 -0.0270208 0 -0.145944 0.265771 0 
1 0.307729 -0.096866 0 1.677 -0.980886 0 
2 0.0789043 0.123887 0 -1.53105 0.715115 0 
dMomentum = -4.60786e-18 -1.69136e-17 0
dEnergy = -1.14713
0 -0.386205 -0.0121015 0 0.169374 0.337669 0 
1 0.38234 -0.139465 0 1.34015 -0.755747 0 
2 0.00386424 0.151566 0 -1.50952 0.418077 0 
dMomentum = 7.04731e-19 -1.65883e-17 0
dEnergy = -1.14713
0 -0.36849 0.00778253 0 0.559886 0.474439 0 
1 0.443731 -0.174197 0 1.12799 -0.643377 0 
2 -0.075241 0.166415 0 -1.68788 0.168939 0 
dMomentum = 1.73472e-18 -1.65747e-17 0
dEnergy = -1.14713
0 -0.326073 0.0389312 0 1.22324 0.855467 0 
1 0.496027 -0.204449 0 0.970217 -0.570945 0 
2 -0.169954 0.165517 0 -2.19346 -0.284522 0 
dMomentum = 8.67362e-18 -1.68187e-17 0
dEnergy = -1.14706
0 -0.30667 0.141457 0 -3.48597 0.683066 0 
1 0.541229 -0.231582 0 0.841482 -0.516118 0 
2 -0.234559 0.0901245 0 2.64449 -0.166948 0 
dMomentum = 1.23599e-17 -1.69678e-17 0
dEnergy = -1.14713
0 -0.424005 0.148945 0 -1.75967 -0.0203317 0 
1 0.580445 -0.256144 0 0.729281 -0.466664 0 
2 -0.15644 0.107199 0 1.03039 0.486996 0 
dMomentum = 8.78204e-18 -1.73472e-17 0
dEnergy = -1.14713
0 -0.497966 0.146077 0 -1.2526 -0.0794748 0 
1 0.614355 -0.27827 0 0.628941 -0.418578 0 
2 -0.116389 0.132193 0 0.623663 0.498053 0 
dMomentum = 9.43256e-18 -1.7293e-17 0
dEnergy = -1.14713
0 -0.552342 0.141711 0 -0.940816 -0.0915949 0 
1 0.643506 -0.298025 0 0.538632 -0.371902 0 
2 -0.0911638 0.156314 0 0.402184 0.463497 0 
dMomentum = 9.32414e-18 -1.7293e-17 0
dEnergy = -1.14713
0 -0.593307 0.137136 0 -0.706547 -0.0900268 0 
1 0.668355 -0.315488 0 0.456575 -0.32689 0 
2 -0.0750481 0.178352 0 0.249972 0.416917 0 
dMomentum = 9.48677e-18 -1.69678e-17 0
dEnergy = -1.14713
0 -0.623646 0.132809 0 -0.511784 -0.082323 0 
1 0.689275 -0.330744 0 0.381178 -0.283649 0 
2 -0.0656287 0.197935 0 0.130606 0.365972 0 
dMomentum = 9.43256e-18 -1.70762e-17 0
dEnergy = -1.14713
0 -0.644849 0.128965 0 -0.339057 -0.07091 0 
1 0.706562 -0.343882 0 0.311089 -0.242158 0 
2 -0.0617123 0.214917 0 0.0279682 0.313068 0 
dMomentum = 1.01915e-17 -1.68864e-17 0
dEnergy = -1.14713
0 -0.65775 0.125766 0 -0.178328 -0.0565703 0 
1 0.720453 -0.354987 0 0.245183 -0.202324 0 
2 -0.0627031 0.229221 0 -0.0668552 0.258894 0 
dMomentum = 1.07878e-17 -1.66425e-17 0
dEnergy = -1.14713
0 -0.662765 0.123356 0 -0.0225862 -0.0393249 0 
1 0.731134 -0.36414 0 0.182522 -0.16402 0 
2 -0.0683692 0.240784 0 -0.159936 0.203345 0 
dMomentum = 1.08691e-17 -1.65883e-17 0
dEnergy = -1.14713
0 -0.659992 0.12189 0 0.134191 -0.0186442 0 
1 0.738746 -0.371413 0 0.122314 -0.127111 0 
2 -0.0787546 0.249522 0 -0.256506 0.145755 0 
dMomentum = 1.11944e-17 -1.66425e-17 0
dEnergy = -1.14713
0 -0.649222 0.121568 0 0.298482 0.00665086 0 
1 0.743395 -0.376872 0 0.0638766 -0.0914643 0 
2 -0.0941733 0.255304 0 -0.362358 0.0848135 0 
dMomentum = 1.14112e-17 -1.6507e-17 0
dEnergy = -1.14713
0 -0.629876 0.122669 0 0.479011 0.0388412 0 
1 0.745153 -0.380578 0 0.00660489 -0.0569608 0 
2 -0.115278 0.257909 0 -0.485616 0.0181195 0 
dMomentum = 1.37423e-17 -1.64257e-17 0
dEnergy = -1.14713
0 -0.600814 0.125642 0 0.690393 0.0825993 0 
1 0.744065 -0.382585 0 -0.050056 -0.0234904 0 
2 -0.143252 0.256944 0 -0.640337 -0.0591089 0 
dMomentum = 1.33899e-17 -1.59988e-17 0
dEnergy = -1.14713
0 -0.55983 0.1313 0 0.963661 0.149218 0 
1 0.740149 -0.382943 0 -0.106639 0.00905169 0 
2 -0.180319 0.251643 0 -0.857021 -0.15827 0 
dMomentum = 1.32815e-17 -1.6385e-17 0
dEnergy = -1.14713
0 -0.50199 0.14152 0 1.39272 0.277016 0 
1 0.733394 -0.381694 0 -0.163689 0.0407893 0 
2 -0.231404 0.240173 0 -1.22903 -0.317805 0 
dMomentum = 1.25767e-17 -1.60462e-17 0
dEnergy = -1.14708
0 -0.408771 0.16445 0 2.74605 0.856955 0 
1 0.723762 -0.378873 0 -0.221817 0.0719505 0 
2 -0.314991 0.214424 0 -2.52423 -0.928906 0 
dMomentum = 1.17094e-17 -1.75641e-17 0
dEnergy = 30.0849
0 -0.538053 0.324008 0 -4.43435 3.24541 0 
1 0.711165 -0.374489 0 -0.283546 0.103998 0 
2 -0.173112 0.0504802 0 4.71789 -3.3494 0 
dMomentum = 1.9082e-17 -1.86483e-17 0
dEnergy = 30.0849
0 -0.756566 0.48398 0 -4.3297 3.17086 0 
1 0.695017 -0.368339 0 -0.369944 0.144339 0 
2 0.0615496 -0.115641 0 4.69964 -3.3152 0 
dMomentum = 8.23994e-18 -2.21177e-17 0
dEnergy = 30.0849
0 -0.97198 0.641787 0 -4.29113 3.14444 0 
1 0.672499 -0.35967 0 -0.567051 0.207567 0 
2 0.299482 -0.282117 0 4.85818 -3.35201 0 
dMomentum = 1.9082e-17 -2.29851e-17 0
dEnergy = 30.0849
0 -1.18594 0.798605 0 -4.26882 3.12938 0 
1 0.624774 -0.351318 0 -1.72129 -0.256684 0 
2 0.561164 -0.447286 0 5.99011 -2.87269 0 
dMomentum = 1.95156e-17 -2.48282e-17 0
dEnergy = 30.0849
0 -1.39898 0.954802 0 -4.25357 3.11904 0 
1 0.547045 -0.424568 0 -1.17121 -1.90306 0 
2 0.851932 -0.530234 0 5.42477 -1.21598 0 
dMomentum = 2.29851e-17 -2.84061e-17 0
dEnergy = 30.0849
0 -1.61136 1.11055 0 -4.24239 3.11124 0 
1 0.495626 -0.521471 0 -0.93579 -1.95271 0 
2 1.11574 -0.58908 0 5.17818 -1.15853 0 
dMomentum = 1.51788e-17 -3.05745e-17 0
dEnergy = 30.0849
0 -1.82326 1.26595 0 -4.23387 3.10509 0 
1 0.451153 -0.619202 0 -0.854054 -1.95475 0 
2 1.37211 -0.646751 0 5.08792 -1.15034 0 
dMomentum = 1.30104e-17 -3.93565e-17 0
dEnergy = 30.0849
0 -2.03478 1.42108 0 -4.22716 3.1001 0 
1 0.409566 -0.716872 0 -0.813409 -1.9518 0 
2 1.62521 -0.704207 0 5.04057 -1.1483 0 
dMomentum = 1.95156e-17 -3.92481e-17 0
dEnergy = 30.0849
0 -2.246 1.57598 0 -4.22176 3.09596 0 
1 0.369542 -0.814374 0 -0.789386 -1.94828 0 
2 1.87646 -0.761603 0 5.01115 -1.14768 0 
dMomentum = 3.16587e-17 -4.00071e-17 0
dEnergy = 30.0849
0 -2.45697 1.73069 0 -4.21732 3.09247 0 
1 0.330491 -0.911704 0 -0.773656 -1.94498 0 
2 2.12648 -0.818981 0 4.99098 -1.14749 0 
dMomentum = 3.46945e-17 -3.91397e-17 0
dEnergy = 30.0849
0 -2.66774 1.88523 0 -4.2136 3.08949 0 
1 0.292099 -1.00888 0 -0.762628 -1.94204 0 
2 2.37564 -0.876354 0 4.97623 -1.14745 0 
dMomentum = 3.38271e-17 -4.25007e-17 0
dEnergy = 30.0849
0 -2.87834 2.03964 0 -4.21045 3.08691 0 
1 0.25418 -1.10591 0 -0.754506 -1.93944 0 
2 2.62416 -0.933727 0 4.96495 -1.14747 0 
dMomentum = 2.77556e-17 -4.31512e-17 0
dEnergy = 30.0849
0 -3.08879 2.19393 0 -4.20774 3.08466 0 
1 0.216617 -1.20283 0 -0.748298 -1.93714 0 
2 2.87218 -0.991102 0 4.95604 -1.14751 0 
dMomentum = 1.64799e-17 -4.66207e-17 0
dEnergy = 30.0849
0 -3.29912 2.34811 0 -4.20539 3.08267 0 
1 0.179329 -1.29963 0 -0.743412 -1.93511 0 
2 3.11979 -1.04848 0 4.9488 -1.14756 0 
dMomentum = 2.86229e-17 -4.78133e-17 0
dEnergy = 30.0849
0 -3.50934 2.5022 0 -4.20333 3.08091 0 
1 0.14226 -1.39634 0 -0.739475 -1.9333 0 
2 3.36708 -1.10586 0 4.9428 -1.1476 0 
dMomentum = 3.16587e-17 -4.38018e-17 0
dEnergy = 30.0849
0 -3.71946 2.6562 0 -4.20151 3.07933 0 
1 0.10537 -1.49297 0 -0.736241 -1.93169 0 
2 3.61409 -1.16324 0 4.93775 -1.14764 0 
dMomentum = 3.33934e-17 -4.6946e-17 0
dEnergy = 30.0849
0 -3.92949 2.81014 0 -4.19989 3.07791 0 
1 0.068627 -1.58951 0 -0.73354 -1.93023 0 
2 3.86086 -1.22062 0 4.93343 -1.14768 0 
dMomentum = 2.38524e-17 -4.31512e-17 0
dEnergy = 30.0849
0 -4.13945 2.964 0 -4.19844 3.07663 0 
1 0.0320086 -1.68599 0 -0.731254 -1.92892 0 
2 4.10744 -1.27801 0 4.9297 -1.14771 0 
dMomentum = 3.03577e-17 -4.29344e-17 0
dEnergy = 30.0849
0 -4.34934 3.1178 0 -4.19714 3.07547 0 
1 -0.00450388 -1.78241 0 -0.729295 -1.92773 0 
2 4.35384 -1.33539 0 4.92643 -1.14774 0 
dMomentum = 2.94903e-17 -4.26091e-17 0
dEnergy = 30.0849
0 -4.55917 3.27155 0 -4.19596 3.07441 0 
1 -0.0409253 -1.87877 0 -0.7276 -1.92664 0 
2 4.60009 -1.39278 0 4.92356 -1.14777 0 
dMomentum = 3.46945e-17 -4.53197e-17 0
dEnergy = 30.0849
0 -4.76894 3.42524 0 -4.19488 3.07343 0 
1 -0.0772674 -1.97507 0 -0.726119 -1.92564 0 
2 4.8462 -1.45017 0 4.921 -1.14779 0 
dMomentum = 3.29597e-17 -4.2067e-17 0
dEnergy = 30.0849
0 -4.97866 3.57889 0 -4.1939 3.07254 0 
1 -0.11354 -2.07133 0 -0.724815 -1.92473 0 
2 5.0922 -1.50756 0 4.91872 -1.14781 0 
dMomentum = 3.38271e-17 -4.31512e-17 0
dEnergy = 30.0849
0 -5.18833 3.7325 0 -4.19301 3.07171 0 
1 -0.149751 -2.16755 0 -0.723658 -1.92388 0 
2 5.33808 -1.56495 0 4.91666 -1.14783 0 
dMomentum = 4.38018e-17 -4.19586e-17 0
dEnergy = 30.0849
0 -5.39796 3.88606 0 -4.19218 3.07095 0 
1 -0.185908 -2.26372 0 -0.722625 -1.9231 0 
2 5.58386 -1.62234 0 4.9148 -1.14785 0 
dMomentum = 2.29851e-17 -4.74881e-17 0
dEnergy = 30.0849
0 -5.60755 4.03959 0 -4.19142 3.07024 0 
1 -0.222016 -2.35986 0 -0.721698 -1.92238 0 
2 5.82956 -1.67974 0 4.91311 -1.14786 0 
dMomentum = 1.86483e-17 -4.70544e-17 0
dEnergy = 30.0849
0 -5.8171 4.19309 0 -4.19071 3.06958 0 
1 -0.258079 -2.45596 0 -0.720861 -1.92171 0 
2 6.07518 -1.73713 0 4.91157 -1.14787 0 
dMomentum = 9.54098e-18 -4.78133e-17 0
dEnergy = 30.0849
0 -6.02662 4.34655 0 -4.19005 3.06897 0 
1 -0.294103 -2.55203 0 -0.720103 -1.92108 0 
2 6.32072 -1.79452 0 4.91016 -1.14789 0 
dMomentum = 1.47451e-17 -4.4127e-17 0
dEnergy = 30.0849
0 -6.23611 4.49999 0 -4.18944 3.06839 0 
1 -0.330091 -2.64807 0 -0.719411 -1.92049 0 
2 6.5662 -1.85192 0 4.90885 -1.1479 0 
dMomentum = 1.12757e-17 -3.98986e-17 0
dEnergy = 30.0849
0 -6.44556 4.65339 0 -4.18887 3.06785 0 
1 -0.366045 -2.74408 0 -0.718779 -1.91994 0 
2 6.81161 -1.90931 0 4.90765 -1.14791 0 
dMomentum = 1.86483e-17 -3.4586e-17 0
dEnergy = 30.0849
0 -6.65499 4.80677 0 -4.18834 3.06734 0 
1 -0.401969 -2.84006 0 -0.718199 -1.91943 0 
2 7.05696 -1.96671 0 4.90654 -1.14792 0 
dMomentum = 1.82146e-17 -3.55618e-17 0
dEnergy = 30.0849
0 -6.8644 4.96013 0 -4.18784 3.06687 0 
1 -0.437866 -2.93602 0 -0.717665 -1.91894 0 
2 7.30226 -2.0241 0 4.90551 -1.14792 0 
dMomentum = 1.69136e-17 -4.45607e-17 0
dEnergy = 30.0849
0 -7.07378 5.11346 0 -4.18737 3.06642 0 
1 -0.473737 -3.03196 0 -0.717172 -1.91849 0 
2 7.54751 -2.0815 0 4.90454 -1.14793 0 
dMomentum = 1.73472e-17 -4.00071e-17 0
dEnergy = 30.0849
0 -7.28314 5.26677 0 -4.18693 3.06599 0 
1 -0.509584 -3.12787 0 -0.716715 -1.91806 0 
2 7.79272 -2.1389 0 4.90364 -1.14794 0 
dMomentum = 8.67362e-19 -4.23923e-17 0
dEnergy = 30.0849
0 -7.49247 5.42006 0 -4.18651 3.06559 0 
1 -0.545409 -3.22376 0 -0.71629 -1.91765 0 
2 8.03788 -2.1963 0 4.9028 -1.14794 0 
dMomentum = -9.54098e-18 -4.47775e-17 0
dEnergy = 30.0849
0 -7.70179 5.57333 0 -4.18612 3.06521 0 
1 -0.581213 -3.31964 0 -0.715894 -1.91726 0 
2 8.283 -2.25369 0 4.90201 -1.14795 0 
dMomentum = -4.33681e-18 -4.33681e-17 0
dEnergy = 30.0849
0 -7.91108 5.72658 0 -4.18575 3.06485 0 
1 -0.616999 -3.41549 0 -0.715525 -1.9169 0 
2 8.52808 -2.31109 0 4.90127 -1.14795 0 
dMomentum = 1.21431e-17 -4.29344e-17 0
dEnergy = 30.0849
0 -8.12036 5.87981 0 -4.18539 3.06451 0 
1 -0.652766 -3.51133 0 -0.71518 -1.91655 0 
2 8.77313 -2.36849 0 4.90057 -1.14796 0 
dMomentum = 3.1225e-17 -4.45607e-17 0
dEnergy = 30.0849
0 -8.32962 6.03303 0 -4.18506 3.06418 0 
1 -0.688517 -3.60715 0 -0.714856 -1.91622 0 
2 9.01814 -2.42589 0 4.89991 -1.14796 0 
dMomentum = 2.77556e-17 -4.01155e-17 0
dEnergy = 30.0849
0 -8.53887 6.18623 0 -4.18474 3.06387 0 
1 -0.724252 -3.70295 0 -0.714551 -1.9159 0 
2 9.26312 -2.48328 0 4.89929 -1.14797 0 
dMomentum = 2.51535e-17 -3.27429e-17 0
dEnergy = 30.0849
0 -8.7481 6.33942 0 -4.18444 3.06358 0 
1 -0.759972 -3.79874 0 -0.714265 -1.9156 0 
2 9.50807 -2.54068 0 4.8987 -1.14797 0 
dMomentum = 1.64799e-17 -2.54788e-17 0
dEnergy = 30.0849
0 -8.95731 6.49259 0 -4.18415 3.06329 0 
1 -0.795679 -3.89451 0 -0.713995 -1.91532 0 
2 9.75299 -2.59808 0 4.89815 -1.14798 0 
dMomentum = 1.9082e-17 -2.67798e-17 0
dEnergy = 30.0849
0 -9.16651 6.64575 0 -4.18388 3.06302 0 
1 -0.831372 -3.99027 0 -0.71374 -1.91505 0 
2 9.99789 -2.65548 0 4.89762 -1.14798 0 
dMomentum = 1.86483e-17 -2.68882e-17 0
dEnergy = 30.0849
0 -9.37612 6.7992 0 -4.18361 3.06277 0 
1 -0.867124 -4.08621 0 -0.713498 -1.91478 0 
2 10.2432 -2.71299 0 4.89711 -1.14798 0 
dMomentum = 1.56125e-17 -2.5804e-17 0
dEnergy = 30.0849
0 -9.58571 6.95264 0 -4.18336 3.06252 0 
1 -0.902865 -4.18213 0 -0.713269 -1.91453 0 
2 10.4886 -2.77051 0 4.89663 -1.14799 0 
dMomentum = 8.67362e-18 -2.40693e-17 0
dEnergy = 30.0849
0 -9.79529 7.10606 0 -4.18312 3.06228 0 
1 -0.938594 -4.27804 0 -0.713052 -1.91429 0 
2 10.7339 -2.82802 0 4.89618 -1.14799 0 
dMomentum = 5.20417e-18 -2.68882e-17 0
dEnergy = 30.0849
0 -10.0049 7.25948 0 -4.18289 3.06205 0 
1 -0.974313 -4.37394 0 -0.712846 -1.91406 0 
2 10.9792 -2.88554 0 4.89574 -1.14799 0 
dMomentum = 1.12757e-17 -2.67798e-17 0
dEnergy = 30.0849
0 -10.2144 7.41288 0 -4.18267 3.06184 0 
1 -1.01002 -4.46983 0 -0.71265 -1.91384 0 
2 11.2244 -2.94305 0 4.89532 -1.14799 0 
dMomentum = 1.30104e-17 -2.72135e-17 0
dEnergy = 30.0849
0 -10.424 7.56627 0 -4.18246 3.06163 0 
1 -1.04572 -4.56571 0 -0.712463 -1.91363 0 
2 11.4697 -3.00057 0 4.89493 -1.148 0 
dMomentum = 1.86483e-17 -3.06829e-17 0
dEnergy = 30.0849
0 -10.6335 7.71966 0 -4.18226 3.06143 0 
1 -1.08141 -4.66158 0 -0.712285 -1.91343 0 
2 11.7149 -3.05808 0 4.89455 -1.148 0 
dMomentum = 8.67362e-19 -3.4586e-17 0
dEnergy = 30.0849
0 -10.843 7.87303 0 -4.18207 3.06123 0 
1 -1.11709 -4.75743 0 -0.712115 -1.91323 0 
2 11.9601 -3.11559 0 4.89418 -1.148 0 
dMomentum = 4.33681e-18 -3.57787e-17 0
dEnergy = 30.0849
0 -11.0525 8.02639 0 -4.18188 3.06105 0 
1 -1.15276 -4.85328 0 -0.711953 -1.91304 0 
2 12.2053 -3.17311 0 4.89383 -1.148 0 
dMomentum = 1.25767e-17 -4.40186e-17 0
dEnergy = 30.0849
0 -11.2621 8.17975 0 -4.1817 3.06087 0 
1 -1.18843 -4.94912 0 -0.711798 -1.91286 0 
2 12.4505 -3.23062 0 4.8935 -1.148 0 
dMomentum = 2.55872e-17 -3.77302e-17 0
dEnergy = 30.0849
0 -11.4716 8.33309 0 -4.18153 3.06069 0 
1 -1.22409 -5.04495 0 -0.71165 -1.91269 0 
2 12.6956 -3.28814 0 4.89318 -1.14801 0 
dMomentum = 2.38524e-17 -3.71881e-17 0
dEnergy = 30.0849
0 -11.681 8.48643 0 -4.18136 3.06052 0 
1 -1.25974 -5.14077 0 -0.711508 -1.91252 0 
2 12.9408 -3.34565 0 4.89287 -1.14801 0 
dMomentum = 2.21177e-17 -3.48029e-17 0
dEnergy = 30.0849
0 -11.8905 8.63976 0 -4.1812 3.06036 0 
1 -1.29538 -5.23659 0 -0.711371 -1.91235 0 
2 13.1859 -3.40317 0 4.89257 -1.14801 0 
dMomentum = 1.30104e-17 -3.85976e-17 0
dEnergy = 30.0849
0 -12.1 8.79308 0 -4.18104 3.06021 0 
1 -1.33102 -5.33239 0 -0.71124 -1.9122 0 
2 13.431 -3.46069 0 4.89228 -1.14801 0 
dMomentum = 0 -4.06576e-17 0
dEnergy = 30.0849
0 -12.3095 8.94639 0 -4.18089 3.06006 0 
1 -1.36665 -5.42819 0 -0.711115 -1.91205 0 
2 13.6761 -3.5182 0 4.89201 -1.14801 0 
dMomentum = -9.97466e-18 -3.4586e-17 0
dEnergy = 30.0849
0 -12.5189 9.09969 0 -4.18075 3.05991 0 
1 -1.40227 -5.52398 0 -0.710994 -1.9119 0 
2 13.9212 -3.57572 0 4.89174 -1.14801 0 
dMomentum = 4.33681e-19 -3.01408e-17 0
dEnergy = 30.0849
0 -12.7284 9.25299 0 -4.18061 3.05977 0 
1 -1.43789 -5.61976 0 -0.710878 -1.91176 0 
2 14.1663 -3.63323 0 4.89149 -1.14801 0 
dMomentum = -4.33681e-19 -2.66714e-17 0
dEnergy = 30.0849
0 -12.9378 9.40628 0 -4.18047 3.05963 0 
1 -1.4735 -5.71554 0 -0.710766 -1.91162 0 
2 14.4113 -3.69075 0 4.89124 -1.14802 0 
dMomentum = 1.0842e-17 -2.3744e-17 0
dEnergy = 30.0849
0 -13.1473 9.55957 0 -4.18034 3.0595 0 
1 -1.50911 -5.81131 0 -0.710658 -1.91148 0 
2 14.6564 -3.74826 0 4.891 -1.14802 0 
dMomentum = 1.56125e-17 -2.17925e-17 0
dEnergy = 30.0849
0 -13.3567 9.71285 0 -4.18021 3.05937 0 
1 -1.54471 -5.90707 0 -0.710554 -1.91136 0 
2 14.9014 -3.80578 0 4.89077 -1.14802 0 
dMomentum = 2.25514e-17 -2.15756e-17 0
dEnergy = 30.0849
0 -13.5661 9.86612 0 -4.18009 3.05925 0 
1 -1.5803 -6.00282 0 -0.710454 -1.91123 0 
2 15.1464 -3.86329 0 4.89055 -1.14802 0 
dMomentum = 1.38778e-17 -1.53957e-17 0
dEnergy = 30.0849
0 -13.7755 10.0194 0 -4.17997 3.05913 0 
1 -1.6159 -6.09857 0 -0.710358 -1.91111 0 
2 15.3914 -3.92081 0 4.89033 -1.14802 0 
dMomentum = 1.30104e-18 -1.65883e-17 0
dEnergy = 30.0849
0 -13.9849 10.1726 0 -4.17986 3.05901 0 
1 -1.65148 -6.19432 0 -0.710264 -1.91099 0 
2 15.6364 -3.97833 0 4.89012 -1.14802 0 
dMomentum = -1.38778e-17 -1.84314e-17 0
dEnergy = 30.0849
0 -14.1944 10.3259 0 -4.17975 3.0589 0 
1 -1.68706 -6.29005 0 -0.710174 -1.91088 0 
2 15.8814 -4.03584 0 4.88992 -1.14802 0 
dMomentum = -1.34441e-17 -1.84314e-17 0
dEnergy = 30.0849
0 -14.4038 10.4791 0 -4.17964 3.05879 0 
1 -1.72264 -6.38579 0 -0.710087 -1.91076 0 
2 16.1264 -4.09336 0 4.88972 -1.14802 0 
dMomentum = -1.43115e-17 -1.58294e-17 0
dEnergy = 30.0849
0 -14.6132 10.6324 0 -4.17953 3.05868 0 
1 -1.75821 -6.48151 0 -0.710002 -1.91066 0 
2 16.3714 -4.15087 0 4.88953 -1.14802 0 
dMomentum = -1.9082e-17 -1.74557e-17 0
dEnergy = 30.0849
0 -14.8225 10.7856 0 -4.17943 3.05858 0 
1 -1.79378 -6.57723 0 -0.70992 -1.91055 0 
2 16.6163 -4.20839 0 4.88935 -1.14802 0 
dMomentum = -1.56125e-17 -2.20093e-17 0
dEnergy = 30.0849
0 -15.0319 10.9389 0 -4.17933 3.05847 0 
1 -1.82935 -6.67295 0 -0.709841 -1.91045 0 
2 16.8613 -4.2659 0 4.88917 -1.14802 0 
dMomentum = 4.33681e-18 -1.71304e-17 0
dEnergy = 30.0849
0 -15.2413 11.0921 0 -4.17923 3.05838 0 
1 -1.86491 -6.76866 0 -0.709765 -1.91035 0 
2 17.1062 -4.32342 0 4.889 -1.14803 0 
dMomentum = -3.03577e-18 -2.29851e-17 0
dEnergy = 30.0849
0 -15.4507 11.2453 0 -4.17914 3.05828 0 
1 -1.90047 -6.86437 0 -0.70969 -1.91025 0 
2 17.3512 -4.38094 0 4.88883 -1.14803 0 
dMomentum = 9.1073e-18 -1.91904e-17 0
dEnergy = 30.0849
0 -15.6601 11.3985 0 -4.17905 3.05819 0 
1 -1.93602 -6.96007 0 -0.709618 -1.91016 0 
2 17.5961 -4.43845 0 4.88866 -1.14803 0 
dMomentum = 1.64799e-17 -2.27682e-17 0
dEnergy = 30.0849
0 -15.8694 11.5517 0 -4.17896 3.05809 0 
1 -1.97157 -7.05576 0 -0.709548 -1.91007 0 
2 17.841 -4.49597 0 4.8885 -1.14803 0 
dMomentum = 2.21177e-17 -2.21177e-17 0
dEnergy = 30.0849
0 -16.0788 11.7049 0 -4.17887 3.05801 0 
1 -2.00712 -7.15146 0 -0.70948 -1.90998 0 
2 18.0859 -4.55349 0 4.88835 -1.14803 0 
dMomentum = 3.25261e-17 -2.34188e-17 0
dEnergy = 30.0849
0 -16.2882 11.8581 0 -4.17879 3.05792 0 
1 -2.04266 -7.24714 0 -0.709414 -1.90989 0 
2 18.3308 -4.611 0 4.8882 -1.14803 0 
dMomentum = 3.72966e-17 -2.11419e-17 0
dEnergy = 30.0849
0 -16.4975 12.0113 0 -4.1787 3.05784 0 
1 -2.0782 -7.34283 0 -0.70935 -1.90981 0 
2 18.5757 -4.66852 0 4.88805 -1.14803 0 
dMomentum = 4.2067e-17 -2.23346e-17 0
dEnergy = 30.0849
0 -16.7069 12.1645 0 -4.17862 3.05775 0 
1 -2.11374 -7.43851 0 -0.709288 -1.90972 0 
2 18.8206 -4.72603 0 4.88791 -1.14803 0 
dMomentum = 4.77049e-17 -2.11419e-17 0
dEnergy = 30.0849
0 -16.9162 12.3177 0 -4.17854 3.05767 0 
1 -2.14927 -7.53418 0 -0.709227 -1.90964 0 
2 19.0655 -4.78355 0 4.88777 -1.14803 0 
dMomentum = 5.1608e-17 -2.01662e-17 0
dEnergy = 30.0849
0 -17.1256 12.4709 0 -4.17847 3.05759 0 
1 -2.1848 -7.62985 0 -0.709169 -1.90956 0 
2 19.3104 -4.84107 0 4.88764 -1.14803 0 
dMomentum = 6.93889e-17 -2.26598e-17 0
dEnergy = 30.0849
0 -17.3349 12.6241 0 -4.17839 3.05752 0 
1 -2.22033 -7.72552 0 -0.709111 -1.90949 0 
2 19.5552 -4.89858 0 4.8875 -1.14803 0 
dMomentum = 6.67869e-17 -1.85399e-17 0
dEnergy = 30.0849
0 -17.5442 12.7773 0 -4.17832 3.05744 0 
1 -2.25586 -7.82118 0 -0.709055 -1.90941 0 
2 19.8001 -4.9561 0 4.88738 -1.14803 0 
dMomentum = 7.41594e-17 -1.78893e-17 0
dEnergy = 30.0849
0 -17.7536 12.9305 0 -4.17825 3.05737 0 
1 -2.29138 -7.91684 0 -0.709001 -1.90934 0 
2 20.0449 -5.01362 0 4.88725 -1.14803 0 
dMomentum = 6.76542e-17 -1.77809e-17 0
dEnergy = 30.0849
0 -17.9629 13.0836 0 -4.17818 3.0573 0 
1 -2.3269 -8.0125 0 -0.708948 -1.90927 0 
2 20.2898 -5.07113 0 4.88713 -1.14803 0 
dMomentum = 5.20417e-17 -2.47198e-17 0
dEnergy = 30.0849
0 -18.1722 13.2368 0 -4.17811 3.05723 0 
1 -2.36241 -8.10815 0 -0.708897 -1.9092 0 
2 20.5346 -5.12865 0 4.88701 -1.14803 0 
dMomentum = 5.11743e-17 -2.56956e-17 0
dEnergy = 30.0849
0 -18.3815 13.39 0 -4.17805 3.05716 0 
1 -2.39793 -8.2038 0 -0.708846 -1.90913 0 
2 20.7795 -5.18617 0 4.88689 -1.14803 0 
dMomentum = 3.64292e-17 -2.55872e-17 0
dEnergy = 30.0849
0 -18.5909 13.5431 0 -4.17798 3.0571 0 
1 -2.43344 -8.29945 0 -0.708797 -1.90906 0 
2 21.0243 -5.24368 0 4.88678 -1.14803 0 
dMomentum = 2.47198e-17 -2.60209e-17 0
dEnergy = 30.0849
0 -18.8002 13.6963 0 -4.17792 3.05703 0 
1 -2.46895 -8.39509 0 -0.708749 -1.909 0 
2 21.2691 -5.3012 0 4.88667 -1.14803 0 
dMomentum = 2.34188e-17 -2.04914e-17 0
dEnergy = 30.0849
0 -19.0095 13.8494 0 -4.17786 3.05697 0 
1 -2.50446 -8.49073 0 -0.708703 -1.90893 0 
2 21.5139 -5.35871 0 4.88656 -1.14803 0 
dMomentum = 2.42861e-17 -2.02746e-17 0
dEnergy = 30.0849
0 -19.2188 14.0026 0 -4.1778 3.0569 0 
1 -2.53996 -8.58636 0 -0.708657 -1.90887 0 
2 21.7588 -5.41623 0 4.88645 -1.14803 0 
dMomentum = 2.64545e-17 -2.5804e-17 0
dEnergy = 30.0849
0 -19.4281 14.1557 0 -4.17774 3.05684 0 
1 -2.57547 -8.682 0 -0.708613 -1.90881 0 
2 22.0036 -5.47375 0 4.88635 -1.14804 0 
dMomentum = 3.85976e-17 -2.77556e-17 0
dEnergy = 30.0849
0 -19.6374 14.3089 0 -4.17768 3.05678 0 
1 -2.61097 -8.77763 0 -0.708569 -1.90875 0 
2 22.2484 -5.53126 0 4.88625 -1.14804 0 
dMomentum = 3.1225e-17 -3.06829e-17 0
dEnergy = 30.0849
0 -19.8467 14.462 0 -4.17762 3.05673 0 
1 -2.64646 -8.87325 0 -0.708527 -1.90869 0 
2 22.4932 -5.58878 0 4.88615 -1.14804 0 
dMomentum = 1.73472e-17 -3.40439e-17 0
dEnergy = 30.0849
0 -20.056 14.6152 0 -4.17757 3.05667 0 
1 -2.68196 -8.96888 0 -0.708486 -1.90863 0 
2 22.738 -5.6463 0 4.88605 -1.14804 0 
dMomentum = 1.30104e-17 -3.52366e-17 0
dEnergy = 30.0849
0 -20.2653 14.7683 0 -4.17751 3.05661 0 
1 -2.71745 -9.0645 0 -0.708445 -1.90858 0 
2 22.9827 -5.70381 0 4.88596 -1.14804 0 
dMomentum = 2.38524e-17 -3.81639e-17 0
dEnergy = 30.0849
0 -20.4746 14.9214 0 -4.17746 3.05656 0 
1 -2.75295 -9.16012 0 -0.708406 -1.90852 0 
2 23.2275 -5.76133 0 4.88587 -1.14804 0 
dMomentum = 2.9924e-17 -3.92481e-17 0
dEnergy = 30.0849
0 -20.6839 15.0746 0 -4.17741 3.0565 0 
1 -2.78844 -9.25573 0 -0.708367 -1.90847 0 
2 23.4723 -5.81885 0 4.88577 -1.14804 0 
dMomentum = 3.51282e-17 -3.4586e-17 0
dEnergy = 30.0849
0 -20.8932 15.2277 0 -4.17736 3.05645 0 
1 -2.82392 -9.35135 0 -0.708329 -1.90841 0 
2 23.7171 -5.87636 0 4.88569 -1.14804 0 
dMomentum = 3.29597e-17 -2.9165e-17 0
dEnergy = 30.0849
0 -21.1024 15.3808 0 -4.17731 3.0564 0 
1 -2.85941 -9.44696 0 -0.708292 -1.90836 0 
2 23.9619 -5.93388 0 4.8856 -1.14804 0 
dMomentum = 4.0766e-17 -3.27429e-17 0
dEnergy = 30.0849
0 -21.3117 15.534 0 -4.17726 3.05635 0 
1 -2.8949 -9.54256 0 -0.708256 -1.90831 0 
2 24.2066 -5.9914 0 4.88551 -1.14804 0 
dMomentum = 5.07407e-17 -3.54534e-17 0
dEnergy = 30.0849
0 -21.521 15.6871 0 -4.17721 3.0563 0 
1 -2.93038 -9.63817 0 -0.70822 -1.90826 0 
2 24.4514 -6.04891 0 4.88543 -1.14804 0 
dMomentum = 4.59702e-17 -4.05492e-17 0
dEnergy = 30.0849
0 -21.7303 15.8402 0 -4.17716 3.05625 0 
1 -2.96586 -9.73377 0 -0.708185 -1.90821 0 
2 24.6961 -6.10643 0 4.88535 -1.14804 0 
dMomentum = 4.0766e-17 -3.49113e-17 0
dEnergy = 30.0849
0 -21.9396 15.9933 0 -4.17712 3.0562 0 
1 -3.00134 -9.82937 0 -0.708151 -1.90816 0 
2 24.9409 -6.16395 0 4.88527 -1.14804 0 
dMomentum = 3.03577e-17 -3.84892e-17 0
dEnergy = 30.0849
0 -22.1488 16.1464 0 -4.17707 3.05616 0 
1 -3.03682 -9.92497 0 -0.708118 -1.90812 0 
2 25.1856 -6.22146 0 4.88519 -1.14804 0 
dMomentum = 3.20924e-17 -4.32597e-17 0
dEnergy = 30.0849
0 -22.3581 16.2995 0 -4.17703 3.05611 0 
1 -3.07229 -10.0206 0 -0.708086 -1.90807 0 
2 25.4304 -6.27898 0 4.88511 -1.14804 0 
dMomentum = 3.68629e-17 -4.08744e-17 0
dEnergy = 30.0849
0 -22.5674 16.4527 0 -4.17698 3.05606 0 
1 -3.10777 -10.1162 0 -0.708054 -1.90803 0 
2 25.6751 -6.3365 0 4.88504 -1.14804 0 
dMomentum = 4.90059e-17 -3.96818e-17 0
dEnergy = 30.0849
0 -22.7766 16.6058 0 -4.17694 3.05602 0 
1 -3.14324 -10.2117 0 -0.708022 -1.90798 0 
2 25.9199 -6.39401 0 4.88496 -1.14804 0 
dMomentum = 3.68629e-17 -3.97902e-17 0
dEnergy = 30.0849
0 -22.9859 16.7589 0 -4.1769 3.05598 0 
1 -3.17871 -10.3073 0 -0.707992 -1.90794 0 
2 26.1646 -6.45153 0 4.88489 -1.14804 0 
dMomentum = 2.64545e-17 -3.7405e-17 0
dEnergy = 30.0849
0 -23.1952 16.912 0 -4.17686 3.05593 0 
1 -3.21418 -10.4029 0 -0.707961 -1.90789 0 
2 26.4093 -6.50905 0 4.88482 -1.14804 0 
dMomentum = 2.73219e-17 -3.51282e-17 0
dEnergy = 30.0849
0 -23.4044 17.0651 0 -4.17682 3.05589 0 
1 -3.24965 -10.4985 0 -0.707932 -1.90785 0 
2 26.6541 -6.56657 0 4.88475 -1.14804 0 
dMomentum = 3.1225e-17 -3.1984e-17 0
dEnergy = 30.0849
0 -23.6137 17.2182 0 -4.17678 3.05585 0 
1 -3.28511 -10.5941 0 -0.707903 -1.90781 0 
2 26.8988 -6.62408 0 4.88468 -1.14804 0 
dMomentum = 3.29597e-17 -2.64545e-17 0
dEnergy = 30.0849
0 -23.8229 17.3713 0 -4.17674 3.05581 0 
1 -3.32058 -10.6897 0 -0.707875 -1.90777 0 
2 27.1435 -6.6816 0 4.88461 -1.14804 0 
dMomentum = 3.59955e-17 -3.28513e-17 0
dEnergy = 30.0849
0 -24.0322 17.5244 0 -4.1767 3.05577 0 
1 -3.35604 -10.7852 0 -0.707847 -1.90773 0 
2 27.3882 -6.73912 0 4.88455 -1.14804 0 
dMomentum = 4.46691e-17 -3.26345e-17 0
dEnergy = 30.0849
0 -24.2414 17.6775 0 -4.17666 3.05573 0 
1 -3.39151 -10.8808 0 -0.707819 -1.90769 0 
2 27.6329 -6.79663 0 4.88448 -1.14804 0 
dMomentum = 4.59702e-17 -3.10082e-17 0
dEnergy = 30.0849
0 -24.4507 17.8305 0 -4.17662 3.05569 0 
1 -3.42697 -10.9764 0 -0.707792 -1.90765 0 
2 27.8777 -6.85415 0 4.88442 -1.14804 0 
dMomentum = 4.42354e-17 -3.52366e-17 0
dEnergy = 30.0849
0 -24.6599 17.9836 0 -4.17659 3.05565 0 
1 -3.46243 -11.072 0 -0.707766 -1.90761 0 
2 28.1224 -6.91167 0 4.88435 -1.14804 0 
dMomentum = 4.42354e-17 -3.48029e-17 0
dEnergy = 30.0849
0 -24.8692 18.1367 0 -4.17655 3.05562 0 
1 -3.49789 -11.1675 0 -0.70774 -1.90758 0 
2 28.3671 -6.96918 0 4.88429 -1.14804 0 
dMomentum = 3.46945e-17 -3.5345e-17 0
dEnergy = 30.0849
0 -25.0784 18.2898 0 -4.17652 3.05558 0 
1 -3.53334 -11.2631 0 -0.707715 -1.90754 0 
2 28.6118 -7.0267 0 4.88423 -1.14804 0 
dMomentum = 3.03577e-17 -3.75134e-17 0
dEnergy = 30.0849
0 -25.2877 18.4429 0 -4.17648 3.05554 0 
1 -3.5688 -11.3587 0 -0.70769 -1.9075 0 
2 28.8565 -7.08422 0 4.88417 -1.14804 0 
dMomentum = 2.34188e-17 -3.55618e-17 0
dEnergy = 30.0849
0 -25.4969 18.596 0 -4.17645 3.05551 0 
1 -3.60425 -11.4542 0 -0.707665 -1.90747 0 
2 29.1012 -7.14173 0 4.88411 -1.14804 0 
dMomentum = 2.29851e-17 -3.49113e-17 0
dEnergy = 30.0849
0 -25.7061 18.7491 0 -4.17641 3.05547 0 
1 -3.63971 -11.5498 0 -0.707641 -1.90743 0 
2 29.3459 -7.19925 0 4.88406 -1.14804 0 
dMomentum = 1.99493e-17 -3.39355e-17 0
dEnergy = 30.0849
0 -25.9154 18.9021 0 -4.17638 3.05544 0 
1 -3.67516 -11.6454 0 -0.707618 -1.9074 0 
2 29.5905 -7.25677 0 4.884 -1.14804 0 
dMomentum = 1.9082e-17 -3.50197e-17 0
dEnergy = 30.0849
0 -26.1246 19.0552 0 -4.17635 3.05541 0 
1 -3.71061 -11.7409 0 -0.707594 -1.90736 0 
2 29.8352 -7.31428 0 4.88394 -1.14804 0 
dMomentum = 1.34441e-17 -3.41524e-17 0
dEnergy = 30.0849
0 -26.3339 19.2083 0 -4.17632 3.05537 0 
1 -3.74606 -11.8365 0 -0.707571 -1.90733 0 
2 30.0799 -7.3718 0 4.88389 -1.14804 0 
dMomentum = 0 -3.83808e-17 0
dEnergy = 30.0849
0 -26.5431 19.3614 0 -4.17629 3.05534 0 
1 -3.78151 -11.932 0 -0.707549 -1.9073 0 
2 30.3246 -7.42932 0 4.88383 -1.14804 0 
dMomentum = -8.23994e-18 -4.06576e-17 0
dEnergy = 30.0849
0 -26.7523 19.5144 0 -4.17626 3.05531 0 
1 -3.81696 -12.0276 0 -0.707527 -1.90726 0 
2 30.5693 -7.48684 0 4.88378 -1.14804 0 
dMomentum = 5.63785e-18 -3.8706e-17 0
dEnergy = 30.0849
0 -26.9615 19.6675 0 -4.17622 3.05528 0 
1 -3.8524 -12.1232 0 -0.707505 -1.90723 0 
2 30.814 -7.54435 0 4.88373 -1.14804 0 
dMomentum = -9.1073e-18 -4.10913e-17 0
dEnergy = 30.0849
0 -27.1708 19.8206 0 -4.17619 3.05524 0 
1 -3.88785 -12.2187 0 -0.707484 -1.9072 0 
2 31.0586 -7.60187 0 4.88368 -1.14804 0 
dMomentum = -2.68882e-17 -4.42354e-17 0
dEnergy = 30.0849
0 -27.38 19.9736 0 -4.17617 3.05521 0 
1 -3.92329 -12.3143 0 -0.707463 -1.90717 0 
2 31.3033 -7.65939 0 4.88363 -1.14804 0 
dMomentum = -2.42861e-17 -4.75965e-17 0
dEnergy = 30.0849
0 -27.5892 20.1267 0 -4.17614 3.05518 0 
1 -3.95874 -12.4098 0 -0.707442 -1.90714 0 
2 31.548 -7.7169 0 4.88358 -1.14804 0 
dMomentum = -2.68882e-17 -4.74881e-17 0
dEnergy = 30.0849
0 -27.7985 20.2798 0 -4.17611 3.05515 0 
1 -3.99418 -12.5053 0 -0.707422 -1.90711 0 
2 31.7926 -7.77442 0 4.88353 -1.14804 0 
dMomentum = -3.90313e-17 -4.92228e-17 0
dEnergy = 30.0849
0 -28.0077 20.4328 0 -4.17608 3.05512 0 
1 -4.02962 -12.6009 0 -0.707402 -1.90708 0 
2 32.0373 -7.83194 0 4.88348 -1.14804 0 
dMomentum = -3.20924e-17 -4.67291e-17 0
dEnergy = 30.0849
0 -28.2169 20.5859 0 -4.17605 3.0551 0 
1 -4.06506 -12.6964 0 -0.707382 -1.90705 0 
2 32.282 -7.88945 0 4.88343 -1.14804 0 
dMomentum = -2.94903e-17 -4.26091e-17 0
dEnergy = 30.0849
0 -28.4261 20.739 0 -4.17602 3.05507 0 
1 -4.1005 -12.792 0 -0.707363 -1.90702 0 
2 32.5266 -7.94697 0 4.88339 -1.14804 0 
dMomentum = -2.21177e-17 -4.15249e-17 0
dEnergy = 30.0849
0 -28.6353 20.892 0 -4.176 3.05504 0 
1 -4.13594 -12.8875 0 -0.707343 -1.907 0 
2 32.7713 -8.00449 0 4.88334 -1.14804 0 
dMomentum = -3.1225e-17 -4.38018e-17 0
dEnergy = 30.0849
0 -28.8446 21.0451 0 -4.17597 3.05501 0 
1 -4.17137 -12.9831 0 -0.707325 -1.90697 0 
2 33.0159 -8.06201 0 4.8833 -1.14804 0 
dMomentum = -3.38271e-17 -4.64039e-17 0
dEnergy = 30.0849
0 -29.0538 21.1981 0 -4.17594 3.05498 0 
1 -4.20681 -13.0786 0 -0.707306 -1.90694 0 
2 33.2606 -8.11952 0 4.88325 -1.14804 0 
dMomentum = -2.68882e-17 -4.43439e-17 0
dEnergy = 30.0849
0 -29.263 21.3512 0 -4.17592 3.05496 0 
1 -4.24225 -13.1741 0 -0.707288 -1.90691 0 
2 33.5052 -8.17704 0 4.88321 -1.14804 0 
dMomentum = -4.11997e-17 -4.19586e-17 0
dEnergy = 30.0849
0 -29.4722 21.5042 0 -4.17589 3.05493 0 
1 -4.27768 -13.2697 0 -0.70727 -1.90689 0 
2 33.7499 -8.23456 0 4.88316 -1.14804 0 
dMomentum = -4.51028e-17 -4.6946e-17 0
dEnergy = 30.0849
0 -29.6814 21.6573 0 -4.17587 3.0549 0 
1 -4.31312 -13.3652 0 -0.707252 -1.90686 0 
2 33.9945 -8.29207 0 4.88312 -1.14804 0 
dMomentum = -5.85469e-17 -4.33681e-17 0
dEnergy = 30.0849
0 -29.8906 21.8103 0 -4.17584 3.05488 0 
1 -4.34855 -13.4607 0 -0.707235 -1.90683 0 
2 34.2392 -8.34959 0 4.88308 -1.14804 0 
dMomentum = -5.59448e-17 -4.62954e-17 0
dEnergy = 30.0849
0 -30.0998 21.9634 0 -4.17582 3.05485 0 
1 -4.38398 -13.5563 0 -0.707218 -1.90681 0 
2 34.4838 -8.40711 0 4.88304 -1.14804 0 
dMomentum = -6.54858e-17 -5.22585e-17 0
dEnergy = 30.0849
0 -30.309 22.1164 0 -4.1758 3.05483 0 
1 -4.41941 -13.6518 0 -0.707201 -1.90678 0 
2 34.7284 -8.46462 0 4.883 -1.14804 0 
dMomentum = -6.89553e-17 -5.50775e-17 0
dEnergy = 30.0849
0 -30.5182 22.2695 0 -4.17577 3.0548 0 
1 -4.45484 -13.7473 0 -0.707184 -1.90676 0 
2 34.9731 -8.52214 0 4.88296 -1.14804 0 
dMomentum = -7.37257e-17 -5.54027e-17 0
dEnergy = 30.0849
0 -30.7274 22.4225 0 -4.17575 3.05478 0 
1 -4.49027 -13.8429 0 -0.707168 -1.90673 0 
2 35.2177 -8.57966 0 4.88292 -1.14804 0 
dMomentum = -8.0231e-17 -5.39933e-17 0
dEnergy = 30.0849
0 -30.9366 22.5756 0 -4.17573 3.05475 0 
1 -4.5257 -13.9384 0 -0.707152 -1.90671 0 
2 35.4623 -8.63718 0 4.88288 -1.14805 0 
dMomentum = -8.1532e-17 -5.63785e-17 0
dEnergy = 30.0849
0 -31.1459 22.7286 0 -4.1757 3.05473 0 
1 -4.56113 -14.0339 0 -0.707136 -1.90669 0 
2 35.707 -8.69469 0 4.88284 -1.14805 0 
dMomentum = -9.45424e-17 -5.89806e-17 0
dEnergy = 30.0849
0 -31.3551 22.8816 0 -4.17568 3.05471 0 
1 -4.59656 -14.1294 0 -0.70712 -1.90666 0 
2 35.9516 -8.75221 0 4.8828 -1.14805 0 
dMomentum = -9.75782e-17 -6.25585e-17 0
dEnergy = 30.0849
0 -31.5643 23.0347 0 -4.17566 3.05468 0 
1 -4.63198 -14.225 0 -0.707104 -1.90664 0 
2 36.1962 -8.80973 0 4.88276 -1.14805 0 
dMomentum = -1.08854e-16 -5.9089e-17 0
dEnergy = 30.0849
0 -31.7735 23.1877 0 -4.17564 3.05466 0 
1 -4.66741 -14.3205 0 -0.707089 -1.90662 0 
2 36.4409 -8.86724 0 4.88273 -1.14805 0 
dMomentum = -1.25334e-16 -5.86553e-17 0
dEnergy = 30.0849
0 -31.9827 23.3408 0 -4.17561 3.05464 0 
1 -4.70283 -14.416 0 -0.707074 -1.90659 0 
2 36.6855 -8.92476 0 4.88269 -1.14805 0 
dMomentum = -1.28803e-16 -6.21248e-17 0
dEnergy = 30.0849
0 -32.1919 23.4938 0 -4.17559 3.05462 0 
1 -4.73826 -14.5115 0 -0.707059 -1.90657 0 
2 36.9301 -8.98228 0 4.88265 -1.14805 0 
dMomentum = -1.23165e-16 -6.76542e-17 0
dEnergy = 30.0849
0 -32.401 23.6468 0 -4.17557 3.05459 0 
1 -4.77368 -14.607 0 -0.707045 -1.90655 0 
2 37.1747 -9.0398 0 4.88262 -1.14805 0 
dMomentum = -1.31405e-16 -6.47269e-17 0
dEnergy = 30.0849
0 -32.6102 23.7999 0 -4.17555 3.05457 0 
1 -4.8091 -14.7026 0 -0.70703 -1.90653 0 
2 37.4193 -9.09731 0 4.88258 -1.14805 0 
dMomentum = -1.32706e-16 -6.64616e-17 0
dEnergy = 30.0849
0 -32.8194 23.9529 0 -4.17553 3.05455 0 
1 -4.84452 -14.7981 0 -0.707016 -1.90651 0 
2 37.664 -9.15483 0 4.88255 -1.14805 0 
dMomentum = -1.44416e-16 -6.47269e-17 0
dEnergy = 30.0849
0 -33.0286 24.1059 0 -4.17551 3.05453 0 
1 -4.87994 -14.8936 0 -0.707002 -1.90648 0 
2 37.9086 -9.21235 0 4.88251 -1.14805 0 
dMomentum = -1.37477e-16 -6.47269e-17 0
dEnergy = 30.0849
0 -33.2378 24.259 0 -4.17549 3.05451 0 
1 -4.91536 -14.9891 0 -0.706988 -1.90646 0 
2 38.1532 -9.26986 0 4.88248 -1.14805 0 
dMomentum = -1.26201e-16 -6.38595e-17 0
dEnergy = 30.0849
0 -33.447 24.412 0 -4.17547 3.05449 0 
1 -4.95078 -15.0846 0 -0.706974 -1.90644 0 
2 38.3978 -9.32738 0 4.88245 -1.14805 0 
dMomentum = -1.42247e-16 -6.863e-17 0
dEnergy = 30.0849
0 -33.6562 24.565 0 -4.17545 3.05447 0 
1 -4.9862 -15.1801 0 -0.706961 -1.90642 0 
2 38.6424 -9.3849 0 4.88241 -1.14805 0 
dMomentum = -1.29237e-16 -7.14489e-17 0
dEnergy = 30.0849
0 -33.8654 24.7181 0 -4.17543 3.05445 0 
1 -5.02162 -15.2756 0 -0.706947 -1.9064 0 
2 38.887 -9.44241 0 4.88238 -1.14805 0 
dMomentum = -1.25334e-16 -7.49184e-17 0
dEnergy = 30.0849
0 -34.0746 24.8711 0 -4.17541 3.05443 0 
1 -5.05704 -15.3711 0 -0.706934 -1.90638 0 
2 39.1316 -9.49993 0 4.88235 -1.14805 0 
dMomentum = -1.17094e-16 -6.96058e-17 0
dEnergy = 30.0849
0 -34.2838 25.0241 0 -4.1754 3.05441 0 
1 -5.09246 -15.4667 0 -0.706921 -1.90636 0 
2 39.3762 -9.55745 0 4.88232 -1.14805 0 
dMomentum = -1.16226e-16 -7.30752e-17 0
dEnergy = 30.0849
0 -34.493 25.1771 0 -4.17538 3.05439 0 
1 -5.12787 -15.5622 0 -0.706908 -1.90634 0 
2 39.6208 -9.61497 0 4.88228 -1.14805 0 
dMomentum = -1.16226e-16 -7.39426e-17 0
dEnergy = 30.0849
0 -34.7021 25.3302 0 -4.17536 3.05437 0 
1 -5.16329 -15.6577 0 -0.706896 -1.90632 0 
2 39.8654 -9.67248 0 4.88225 -1.14805 0 
dMomentum = -1.34007e-16 -7.6111e-17 0
dEnergy = 30.0849
0 -34.9113 25.4832 0 -4.17534 3.05435 0 
1 -5.1987 -15.7532 0 -0.706883 -1.9063 0 
2 40.11 -9.73 0 4.88222 -1.14805 0 
dMomentum = -1.249e-16 -7.23163e-17 0
dEnergy = 30.0849
0 -35.1205 25.6362 0 -4.17532 3.05433 0 
1 -5.23412 -15.8487 0 -0.706871 -1.90629 0 
2 40.3546 -9.78752 0 4.88219 -1.14805 0 
dMomentum = -1.23599e-16 -7.01479e-17 0
dEnergy = 30.0849
0 -35.3297 25.7892 0 -4.1753 3.05431 0 
1 -5.26953 -15.9442 0 -0.706858 -1.90627 0 
2 40.5992 -9.84503 0 4.88216 -1.14805 0 
dMomentum = -1.17961e-16 -6.88468e-17 0
dEnergy = 30.0849
0 -35.5389 25.9422 0 -4.17529 3.0543 0 
1 -5.30495 -16.0397 0 -0.706846 -1.90625 0 
2 40.8438 -9.90255 0 4.88213 -1.14805 0 
dMomentum = -1.249e-16 -7.41594e-17 0
dEnergy = 30.0849
0 -35.7481 26.0953 0 -4.17527 3.05428 0 
1 -5.34036 -16.1352 0 -0.706835 -1.90623 0 
2 41.0884 -9.96007 0 4.8821 -1.14805 0 
dMomentum = -1.28803e-16 -7.52436e-17 0
dEnergy = 30.0849
0 -35.9572 26.2483 0 -4.17525 3.05426 0 
1 -5.37577 -16.2307 0 -0.706823 -1.90621 0 
2 41.333 -10.0176 0 4.88208 -1.14805 0 
dMomentum = -1.36176e-16 -7.09068e-17 0
dEnergy = 30.0849
0 -36.1664 26.4013 0 -4.17524 3.05424 0 
1 -5.41118 -16.3262 0 -0.706811 -1.9062 0 
2 41.5776 -10.0751 0 4.88205 -1.14805 0 
dMomentum = -1.4138e-16 -7.15573e-17 0
dEnergy = 30.0849
0 -36.3756 26.5543 0 -4.17522 3.05422 0 
1 -5.44659 -16.4217 0 -0.7068 -1.90618 0 
2 41.8222 -10.1326 0 4.88202 -1.14805 0 
dMomentum = -1.44416e-16 -7.02563e-17 0
dEnergy = 30.0849
0 -36.5848 26.7073 0 -4.1752 3.05421 0 
1 -5.482 -16.5172 0 -0.706788 -1.90616 0 
2 42.0668 -10.1901 0 4.88199 -1.14805 0 
dMomentum = -1.37043e-16 -7.6111e-17 0
dEnergy = 30.0849
0 -36.794 26.8604 0 -4.17519 3.05419 0 
1 -5.51741 -16.6127 0 -0.706777 -1.90614 0 
2 42.3114 -10.2477 0 4.88196 -1.14805 0 
dMomentum = -1.45717e-16 -7.60026e-17 0
dEnergy = 30.0849
0 -37.0031 27.0134 0 -4.17517 3.05417 0 
1 -5.55282 -16.7082 0 -0.706766 -1.90613 0 
2 42.556 -10.3052 0 4.88194 -1.14805 0 
dMomentum = -1.47885e-16 -7.35089e-17 0
dEnergy = 30.0849
0 -37.2123 27.1664 0 -4.17516 3.05416 0 
1 -5.58823 -16.8037 0 -0.706755 -1.90611 0 
2 42.8005 -10.3627 0 4.88191 -1.14805 0 
dMomentum = -1.36609e-16 -7.10152e-17 0
dEnergy = 30.0849
0 -37.4215 27.3194 0 -4.17514 3.05414 0 
1 -5.62364 -16.8992 0 -0.706744 -1.90609 0 
2 43.0451 -10.4202 0 4.88188 -1.14805 0 
dMomentum = -1.37911e-16 -7.22079e-17 0
dEnergy = 30.0849
0 -37.6307 27.4724 0 -4.17512 3.05412 0 
1 -5.65905 -16.9947 0 -0.706734 -1.90608 0 
2 43.2897 -10.4777 0 4.88186 -1.14805 0 
dMomentum = -1.5439e-16 -7.31836e-17 0
dEnergy = 30.0849
0 -37.8398 27.6254 0 -4.17511 3.05411 0 
1 -5.69445 -17.0902 0 -0.706723 -1.90606 0 
2 43.5343 -10.5352 0 4.88183 -1.14805 0 
dMomentum = -1.48753e-16 -7.43763e-17 0
dEnergy = 30.0849
0 -38.049 27.7784 0 -4.17509 3.05409 0 
1 -5.72986 -17.1857 0 -0.706713 -1.90604 0 
2 43.7789 -10.5928 0 4.88181 -1.14805 0 
dMomentum = -1.56559e-16 -6.71121e-17 0
dEnergy = 30.0849
0 -38.2582 27.9314 0 -4.17508 3.05408 0 
1 -5.76527 -17.2812 0 -0.706702 -1.90603 0 
2 44.0234 -10.6503 0 4.88178 -1.14805 0 
dMomentum = -1.65232e-16 -7.14489e-17 0
dEnergy = 30.0849
0 -38.4673 28.0844 0 -4.17506 3.05406 0 
1 -5.80067 -17.3767 0 -0.706692 -1.90601 0 
2 44.268 -10.7078 0 4.88176 -1.14805 0 
dMomentum = -1.58294e-16 -7.11237e-17 0
dEnergy = 30.0849
0 -38.6765 28.2375 0 -4.17505 3.05404 0 
1 -5.83608 -17.4721 0 -0.706682 -1.906 0 
2 44.5126 -10.7653 0 4.88173 -1.14805 0 
dMomentum = -1.52656e-16 -7.62194e-17 0
dEnergy = 30.0849
0 -38.8857 28.3905 0 -4.17503 3.05403 0 
1 -5.87148 -17.5676 0 -0.706672 -1.90598 0 
2 44.7572 -10.8228 0 4.88171 -1.14805 0 
dMomentum = -1.45283e-16 -7.79541e-17 0
dEnergy = 30.0849
0 -39.0949 28.5435 0 -4.17502 3.05401 0 
1 -5.90689 -17.6631 0 -0.706662 -1.90597 0 
2 45.0017 -10.8803 0 4.88168 -1.14805 0 
dMomentum = -1.34441e-16 -8.29415e-17 0
dEnergy = 30.0849
0 -39.304 28.6965 0 -4.17501 3.054 0 
1 -5.94229 -17.7586 0 -0.706653 -1.90595 0 
2 45.2463 -10.9379 0 4.88166 -1.14805 0 
dMomentum = -1.42247e-16 -8.19657e-17 0
dEnergy = 30.0849
0 -39.5132 28.8495 0 -4.17499 3.05398 0 
1 -5.97769 -17.8541 0 -0.706643 -1.90594 0 
2 45.4909 -10.9954 0 4.88163 -1.14805 0 
dMomentum = -1.51355e-16 -8.14236e-17 0
dEnergy = 30.0849
0 -39.7224 29.0025 0 -4.17498 3.05397 0 
1 -6.0131 -17.9496 0 -0.706633 -1.90592 0 
2 45.7355 -11.0529 0 4.88161 -1.14805 0 
dMomentum = -1.4615e-16 -8.21825e-17 0
dEnergy = 30.0849
0 -39.9315 29.1555 0 -4.17496 3.05396 0 
1 -6.0485 -18.0451 0 -0.706624 -1.90591 0 
2 45.98 -11.1104 0 4.88159 -1.14805 0 
dMomentum = -1.52222e-16 -8.47846e-17 0
dEnergy = 30.0849
0 -40.1407 29.3085 0 -4.17495 3.05394 0 
1 -6.0839 -18.1406 0 -0.706615 -1.90589 0 
2 46.2246 -11.1679 0 4.88157 -1.14805 0 
dMomentum = -1.55258e-16 -8.30499e-17 0
dEnergy = 30.0849
0 -40.3499 29.4615 0 -4.17494 3.05393 0 
1 -6.1193 -18.236 0 -0.706605 -1.90588 0 
2 46.4692 -11.2254 0 4.88154 -1.14805 0 
dMomentum = -1.56125e-16 -8.37004e-17 0
dEnergy = 30.0849
0 -40.559 29.6145 0 -4.17492 3.05391 0 
1 -6.1547 -18.3315 0 -0.706596 -1.90587 0 
2 46.7137 -11.283 0 4.88152 -1.14805 0 
dMomentum = -1.72171e-16 -8.07731e-17 0
dEnergy = 30.0849
0 -40.7682 29.7675 0 -4.17491 3.0539 0 
1 -6.1901 -18.427 0 -0.706587 -1.90585 0 
2 46.9583 -11.3405 0 4.8815 -1.14805 0 
dMomentum = -1.77809e-16 -7.66531e-17 0
dEnergy = 30.0849
0 -40.9773 29.9205 0 -4.1749 3.05389 0 
1 -6.2255 -18.5225 0 -0.706578 -1.90584 0 
2 47.2028 -11.398 0 4.88148 -1.14805 0 
dMomentum = -1.84748e-16 -7.58942e-17 0
dEnergy = 30.0849
0 -41.1865 30.0735 0 -4.17488 3.05387 0 
1 -6.2609 -18.618 0 -0.70657 -1.90582 0 
2 47.4474 -11.4555 0 4.88145 -1.14805 0 
dMomentum = -1.70437e-16 -7.67615e-17 0
dEnergy = 30.0849
0 -41.3957 30.2265 0 -4.17487 3.05386 0 
1 -6.2963 -18.7135 0 -0.706561 -1.90581 0 
2 47.692 -11.513 0 4.88143 -1.14805 0 
dMomentum = -1.67834e-16 -7.32921e-17 0
dEnergy = 30.0849
0 -41.6048 30.3795 0 -4.17486 3.05384 0 
1 -6.3317 -18.8089 0 -0.706552 -1.9058 0 
2 47.9365 -11.5705 0 4.88141 -1.14805 0 
dMomentum = -1.69569e-16 -7.02563e-17 0
dEnergy = 30.0849
0 -41.814 30.5325 0 -4.17485 3.05383 0 
1 -6.3671 -18.9044 0 -0.706544 -1.90578 0 
2 48.1811 -11.6281 0 4.88139 -1.14805 0 
dMomentum = -1.75207e-16 -7.26415e-17 0
dEnergy = 30.0849
0 -42.0231 30.6855 0 -4.17483 3.05382 0 
1 -6.40249 -18.9999 0 -0.706535 -1.90577 0 
2 48.4256 -11.6856 0 4.88137 -1.14805 0 
