dMomentum = 0 0 0
dEnergy = 0
0 -1 0 0 0.392955 0.0975792 0 
1 1 0 0 0.392955 0.0975792 0 
2 0 0 0 -0.78591 -0.195158 0 
dMomentum = -1.02999e-18 3.38813e-20 0
dEnergy = 3.45582e-10
0 -0.978692 0.00488199 0 0.458796 0.0971635 0 
1 1.01816 0.00488309 0 0.333073 0.0972513 0 
2 -0.0394733 -0.00976508 0 -0.791869 -0.194415 0 
dMomentum = -1.21973e-18 6.77626e-20 0
dEnergy = 1.49793e-09
0 -0.953901 0.00971793 0 0.532313 0.0956724 0 
1 1.03345 0.00973585 0 0.277933 0.0963988 0 
2 -0.079552 -0.0194538 0 -0.810246 -0.192071 0 
dMomentum = -3.17129e-18 3.72694e-19 0
dEnergy = 3.88407e-09
0 -0.925184 0.0144417 0 0.616048 0.0925734 0 
1 1.04608 0.0145361 0 0.226644 0.0951749 0 
2 -0.120894 -0.0289778 0 -0.842691 -0.187748 0 
dMomentum = -4.14707e-18 5.35325e-19 0
dEnergy = 8.58483e-09
0 -0.891937 0.018952 0 0.713986 0.0869472 0 
1 1.05622 0.0192681 0 0.178524 0.0936924 0 
2 -0.164278 -0.0382201 0 -0.89251 -0.18064 0 
dMomentum = -4.63496e-18 3.93023e-19 0
dEnergy = 1.84694e-08
0 -0.853296 0.0230835 0 0.832878 0.077054 0 
1 1.06401 0.0239212 0 0.13304 0.092039 0 
2 -0.210714 -0.0470047 0 -0.965918 -0.169093 0 
dMomentum = -4.22839e-18 7.11508e-19 0
dEnergy = 4.26215e-08
0 -0.807927 0.0265418 0 0.98547 0.059149 0 
1 1.06958 0.0284888 0 0.089754 0.0902879 0 
2 -0.261655 -0.0550305 0 -1.07522 -0.149437 0 
dMomentum = -4.49944e-18 1.10453e-18 0
dEnergy = 1.20324e-07
0 -0.753537 0.0287227 0 1.20022 0.0234053 0 
1 1.07303 0.0329675 0 0.0482878 0.0885042 0 
2 -0.319497 -0.0616903 0 -1.2485 -0.11191 0 
dMomentum = -4.71628e-18 1.17907e-18 0
dEnergy = 5.64437e-07
0 -0.685318 0.0280377 0 1.56276 -0.0671787 0 
1 1.07445 0.0373574 0 0.0082855 0.0867513 0 
2 -0.389128 -0.0653951 0 -1.57105 -0.0195726 0 
dMomentum = -4.77049e-18 1.51788e-18 0
dEnergy = 2.17522e-05
0 -0.587098 0.0164559 0 2.64304 -0.610425 0 
1 1.07388 0.0416616 0 -0.0306565 0.0850965 0 
2 -0.486784 -0.0581175 0 -2.61238 0.525329 0 
dMomentum = -1.51788e-18 2.87314e-18 0
dEnergy = 4.85033e-06
0 -0.602292 -0.0860401 0 -1.95708 -0.884814 0 
1 1.07138 0.045886 0 -0.0692784 0.0835548 0 
2 -0.469087 0.0401541 0 2.02636 0.801259 0 
dMomentum = 1.0842e-18 3.08998e-18 0
dEnergy = 3.44866e-07
0 -0.682216 -0.115975 0 -1.3439 -0.426554 0 
1 1.06693 0.0500369 0 -0.10861 0.0821824 0 
2 -0.384712 0.0659385 0 1.45251 0.344371 0 
dMomentum = 0 2.71051e-18 0
dEnergy = 8.88082e-08
0 -0.741963 -0.133197 0 -1.06602 -0.279404 0 
1 1.06047 0.0541238 0 -0.149292 0.0809985 0 
2 -0.318511 0.0790736 0 1.21531 0.198405 0 
dMomentum = 1.0842e-18 2.46656e-18 0
dEnergy = 3.39176e-08
0 -0.790612 -0.145054 0 -0.886398 -0.200446 0 
1 1.05194 0.0581555 0 -0.191769 0.0799696 0 
2 -0.261327 0.0868986 0 1.07817 0.120476 0 
dMomentum = 1.51788e-18 2.19551e-18 0
dEnergy = 1.53055e-08
0 -0.831535 -0.153733 0 -0.752803 -0.149153 0 
1 1.04122 0.0621388 0 -0.236486 0.0790607 0 
2 -0.209687 0.0915939 0 0.989289 0.0700927 0 
dMomentum = 1.40946e-18 2.22261e-18 0
dEnergy = 7.3777e-09
0 -0.866479 -0.160236 0 -0.645598 -0.11226 0 
1 1.0282 0.0660788 0 -0.283942 0.0782347 0 
2 -0.161719 0.0941574 0 0.92954 0.0340248 0 
dMomentum = 1.73472e-18 2.12775e-18 0
dEnergy = 3.60608e-09
0 -0.896505 -0.165124 0 -0.555375 -0.0839881 0 
1 1.01271 0.0699786 0 -0.334746 0.0774504 0 
2 -0.11621 0.0951451 0 0.890121 0.00653763 0 
dMomentum = 1.51788e-18 1.91091e-18 0
dEnergy = 1.82965e-09
0 -0.922323 -0.168746 0 -0.476931 -0.0613724 0 
1 0.994587 0.0738392 0 -0.389673 0.0766582 0 
2 -0.0722642 0.0949064 0 0.866604 -0.0152857 0 
dMomentum = 1.73472e-18 1.93801e-18 0
dEnergy = 1.2508e-09
0 -0.944437 -0.171339 0 -0.407097 -0.0427124 0 
1 0.973584 0.0776586 0 -0.449754 0.0757934 0 
2 -0.0291468 0.0936804 0 0.856851 -0.033081 0 
dMomentum = 1.51788e-18 1.84314e-18 0
dEnergy = 1.63998e-09
0 -0.963223 -0.173074 0 -0.343808 -0.0269535 0 
1 0.949412 0.081431 0 -0.516413 0.0747652 0 
2 0.0138107 0.0916426 0 0.86022 -0.0478117 0 
dMomentum = 1.0842e-18 1.84314e-18 0
dEnergy = 3.14584e-09
0 -0.978972 -0.174076 0 -0.285638 -0.0134008 0 
1 0.921695 0.085145 0 -0.591708 0.0734352 0 
2 0.0572762 0.0889314 0 0.877346 -0.0600344 0 
dMomentum = 1.40946e-18 2.08709e-18 0
dEnergy = 6.40785e-09
0 -0.991889 -0.174445 0 -0.23167 -0.00159534 0 
1 0.889995 0.0887733 0 -0.678593 0.0715789 0 
2 0.101894 0.0856717 0 0.910263 -0.0699836 0 
dMomentum = 1.19262e-18 1.76183e-18 0
dEnergy = 1.31825e-08
0 -1.00219 -0.174259 0 -0.181024 0.00883791 0 
1 0.853558 0.0922874 0 -0.78231 0.0687799 0 
2 0.148636 0.0819713 0 0.963335 -0.0776178 0 
dMomentum = 7.58942e-19 1.72795e-18 0
dEnergy = 2.86007e-08
0 -1.01004 -0.17358 0 -0.133115 0.0181603 0 
1 0.811336 0.095622 0 -0.912018 0.064189 0 
2 0.198701 0.0779577 0 1.04513 -0.0823494 0 
dMomentum = 2.49366e-18 1.82281e-18 0
dEnergy = 7.15997e-08
0 -1.01554 -0.172458 0 -0.087472 0.0265793 0 
1 0.761621 0.098644 0 -1.0866 0.0557469 0 
2 0.253922 0.0738137 0 1.17407 -0.0823263 0 
dMomentum = 3.90313e-18 1.94479e-18 0
dEnergy = 2.50765e-07
0 -1.01882 -0.170934 0 -0.0436938 0.0342712 0 
1 0.701164 0.101032 0 -1.35516 0.0368667 0 
2 0.317652 0.0699018 0 1.39886 -0.0711379 0 
dMomentum = 3.03577e-18 2.04643e-18 0
dEnergy = 2.40235e-06
0 -1.01994 -0.16904 0 -0.00140496 0.0414046 0 
1 0.621527 0.10163 0 -1.92728 -0.0308862 0 
2 0.39841 0.0674105 0 1.92868 -0.0105184 0 
dMomentum = -5.20417e-18 1.0842e-18 0
dEnergy = -0.0260078
0 -1.01897 -0.166799 0 0.0398823 0.0482034 0 
1 0.55163 0.0572015 0 2.85522 -1.05568 0 
2 0.467343 0.109598 0 -2.8951 1.00748 0 
dMomentum = -3.30682e-18 4.87891e-19 0
dEnergy = -0.0260752
0 -1.01594 -0.164215 0 0.0814589 0.0552586 0 
1 0.64961 0.0275889 0 1.51422 -0.399714 0 
2 0.366333 0.136626 0 -1.59568 0.344455 0 
dMomentum = -4.33681e-19 -2.1684e-19 0
dEnergy = -0.0260757
0 -1.01081 -0.161262 0 0.124216 0.0629599 0 
1 0.715207 0.0110988 0 1.15187 -0.27792 0 
2 0.295601 0.150164 0 -1.27608 0.214961 0 
dMomentum = 2.54788e-18 5.42101e-20 0
dEnergy = -0.0260758
0 -1.00349 -0.157905 0 0.168602 0.0714663 0 
1 0.767207 -0.00117008 0 0.942562 -0.218268 0 
2 0.236288 0.159076 0 -1.11116 0.146801 0 
dMomentum = 1.19262e-18 -1.89735e-19 0
dEnergy = -0.0260758
0 -0.993913 -0.1541 0 0.215054 0.0809308 0 
1 0.810461 -0.0110894 0 0.794673 -0.180959 0 
2 0.183452 0.165189 0 -1.00973 0.100028 0 
dMomentum = -2.71051e-19 -1.6263e-19 0
dEnergy = -0.0260758
0 -0.981947 -0.149793 0 0.264063 0.0915323 0 
1 0.84721 -0.0194473 0 0.679412 -0.154714 0 
2 0.134736 0.169241 0 -0.943475 0.0631816 0 
dMomentum = -5.42101e-19 -8.13152e-20 0
dEnergy = -0.0260758
0 -0.967454 -0.144924 0 0.316227 0.103498 0 
1 0.878733 -0.0266674 0 0.584194 -0.134935 0 
2 0.0887206 0.171591 0 -0.900421 0.0314369 0 
dMomentum = -2.57498e-18 -1.35525e-19 0
dEnergy = -0.0260758
0 -0.950259 -0.139416 0 0.372308 0.117131 0 
1 0.905853 -0.0330102 0 0.502438 -0.119351 0 
2 0.0444063 0.172426 0 -0.874746 0.00222026 0 
dMomentum = -2.19551e-18 -3.11708e-19 0
dEnergy = -0.0260759
0 -0.930141 -0.133176 0 0.433318 0.13285 0 
1 0.929137 -0.038651 0 0.430288 -0.106695 0 
2 0.0010047 0.171827 0 -0.863606 -0.0261554 0 
dMomentum = -2.95445e-18 -3.65918e-19 0
dEnergy = -0.0260759
0 -0.906822 -0.126086 0 0.500661 0.151261 0 
1 0.949 -0.0437155 0 0.365291 -0.0961971 0 
2 -0.0421783 0.169802 0 -0.865952 -0.0550642 0 
dMomentum = -4.52654e-18 -4.06576e-20 0
dEnergy = -0.0260758
0 -0.879936 -0.11799 0 0.576375 0.173277 0 
1 0.965757 -0.0482984 0 0.305788 -0.0873617 0 
2 -0.0858207 0.166289 0 -0.882163 -0.0859152 0 
dMomentum = -4.41812e-18 -2.37169e-19 0
dEnergy = -0.0260758
0 -0.848994 -0.108675 0 0.663581 0.200356 0 
1 0.979651 -0.0524737 0 0.250603 -0.0798528 0 
2 -0.130657 0.161148 0 -0.914184 -0.120503 0 
dMomentum = -6.17995e-18 0 0
dEnergy = -0.0260758
0 -0.813303 -0.0978296 0 0.767429 0.235012 0 
1 0.990875 -0.0563018 0 0.19886 -0.0734346 0 
2 -0.177572 0.154131 0 -0.966289 -0.161577 0 
dMomentum = -7.10152e-18 1.49078e-19 0
dEnergy = -0.0260758
0 -0.771823 -0.0849698 0 0.897285 0.282067 0 
1 0.999583 -0.0598325 0 0.149884 -0.0679358 0 
2 -0.22776 0.144802 0 -1.04717 -0.214131 0 
dMomentum = -5.71917e-18 0 0
dEnergy = -0.0260758
0 -0.722826 -0.0692443 0 1.07294 0.352383 0 
1 1.0059 -0.0631085 0 0.103123 -0.0632263 0 
2 -0.283074 0.132353 0 -1.17606 -0.289157 0 
dMomentum = -6.07153e-18 -6.77626e-19 0
dEnergy = -0.0260755
0 -0.662931 -0.0488475 0 1.34832 0.478366 0 
1 1.00992 -0.0661665 0 0.0580988 -0.0592008 0 
2 -0.346993 0.115014 0 -1.40642 -0.419166 0 
dMomentum = -6.07153e-18 -4.33681e-19 0
dEnergy = -0.0260706
0 -0.582641 -0.0179239 0 1.98846 0.849624 0 
1 1.01173 -0.0690383 0 0.0143385 -0.0557581 0 
2 -0.42909 0.0869622 0 -2.0028 -0.793866 0 
dMomentum = -1.12757e-17 2.35814e-18 0
dEnergy = -0.0260619
0 -0.577238 0.0499123 0 -2.46128 -0.0683432 0 
1 1.01137 -0.0717492 0 -0.0288508 -0.0527029 0 
2 -0.43413 0.0218369 0 2.49013 0.121046 0 
dMomentum = -9.97466e-18 2.35814e-18 0
dEnergy = -0.0260754
0 -0.669286 0.042375 0 -1.47456 -0.179274 0 
1 1.00883 -0.074306 0 -0.0729475 -0.0495153 0 
2 -0.339543 0.031931 0 1.54751 0.228789 0 
dMomentum = -8.45678e-18 2.60209e-18 0
dEnergy = -0.0260758
0 -0.733602 0.0332673 0 -1.13462 -0.181969 0 
1 1.00404 -0.0766934 0 -0.118765 -0.0458918 0 
2 -0.270442 0.0434261 0 1.25339 0.227861 0 
dMomentum = -6.72205e-18 2.73761e-18 0
dEnergy = -0.0260759
0 -0.784923 0.0243073 0 -0.931654 -0.17595 0 
1 0.996916 -0.0788849 0 -0.166776 -0.0416466 0 
2 -0.211994 0.0545776 0 1.09843 0.217596 0 
dMomentum = -3.46945e-18 2.49366e-18 0
dEnergy = -0.0260759
0 -0.827716 0.0156925 0 -0.786863 -0.168591 0 
1 0.987323 -0.0808446 0 -0.21747 -0.0365929 0 
2 -0.159607 0.0651521 0 1.00433 0.205184 0 
dMomentum = -5.42101e-18 2.81893e-18 0
dEnergy = -0.0260759
0 -0.864131 0.00744644 0 -0.673782 -0.161307 0 
1 0.975115 -0.082527 0 -0.271424 -0.0305114 0 
2 -0.110984 0.0750806 0 0.945206 0.191818 0 
dMomentum = -5.63785e-18 3.03577e-18 0
dEnergy = -0.0260759
0 -0.895421 -0.000445191 0 -0.580473 -0.154438 0 
1 0.960114 -0.083874 0 -0.329364 -0.0231219 0 
2 -0.0646932 0.0843192 0 0.909837 0.17756 0 
dMomentum = -5.85469e-18 3.25261e-18 0
dEnergy = -0.0260759
0 -0.9224 -0.0080055 0 -0.500583 -0.148057 0 
1 0.942097 -0.0848112 0 -0.392242 -0.0140448 0 
2 -0.0196963 0.0928167 0 0.892826 0.162101 0 
dMomentum = -4.77049e-18 3.46945e-18 0
dEnergy = -0.0260759
0 -0.945639 -0.0152589 0 -0.430345 -0.14216 0 
1 0.920786 -0.0852415 0 -0.461365 -0.00273861 0 
2 0.0248533 0.1005 0 0.891709 0.144898 0 
dMomentum = -5.42101e-18 3.30682e-18 0
dEnergy = -0.0260759
0 -0.965555 -0.0222291 0 -0.36734 -0.136723 0 
1 0.895826 -0.0850346 0 -0.538589 0.011609 0 
2 0.0697293 0.107264 0 0.905928 0.125114 0 
dMomentum = -4.66207e-18 3.30682e-18 0
dEnergy = -0.0260759
0 -0.982466 -0.0289385 0 -0.309923 -0.131723 0 
1 0.866746 -0.0840088 0 -0.626696 0.0302911 0 
2 0.11572 0.112947 0 0.936619 0.101431 0 
dMomentum = -5.85469e-18 3.33392e-18 0
dEnergy = -0.0260759
0 -0.996621 -0.0354083 0 -0.256916 -0.127137 0 
1 0.832903 -0.0818974 0 -0.730114 0.0555214 0 
2 0.163718 0.117306 0 0.98703 0.0716153 0 
dMomentum = -3.90313e-18 3.42879e-18 0
dEnergy = -0.0260759
0 -1.00822 -0.0416588 0 -0.207434 -0.12295 0 
1 0.793356 -0.0782803 0 -0.856508 0.0914782 0 
2 0.214861 0.119939 0 1.06394 0.0314722 0 
dMomentum = -4.55365e-18 3.483e-18 0
dEnergy = -0.0260758
0 -1.01741 -0.0477098 0 -0.160779 -0.119154 0 
1 0.746629 -0.0724264 0 -1.02082 0.147241 0 
2 0.270782 0.120136 0 1.1816 -0.0280865 0 
dMomentum = -1.30104e-18 3.21195e-18 0
dEnergy = -0.0260757
0 -1.02433 -0.0535807 0 -0.116365 -0.115743 0 
1 0.690088 -0.062842 0 -1.25823 0.247558 0 
2 0.334244 0.116423 0 1.37459 -0.131814 0 
dMomentum = -1.51788e-18 3.25261e-18 0
dEnergy = -0.0260747
0 -1.02908 -0.0592905 0 -0.0736414 -0.112712 0 
1 0.617815 -0.0453948 0 -1.68674 0.498071 0 
2 0.41126 0.104685 0 1.76038 -0.385359 0 
dMomentum = 1.30104e-17 1.30104e-18 0
dEnergy = -0.0260221
0 -1.03171 -0.0648577 0 -0.0319546 -0.110021 0 
1 0.506769 0.0152264 0 -2.59229 4.31439 0 
2 0.524945 0.0496313 0 2.62425 -4.20437 0 
dMomentum = 1.53957e-17 -1.93801e-18 0
dEnergy = -0.0260741
0 -1.03227 -0.0702933 0 0.00960142 -0.107427 0 
1 0.609418 0.104701 0 1.82045 0.517662 0 
2 0.422855 -0.0344076 0 -1.83005 -0.410236 0 
dMomentum = 1.75099e-17 -1.80249e-18 0
dEnergy = -0.0260757
0 -1.03074 -0.0756022 0 0.0519975 -0.104937 0 
1 0.686591 0.121856 0 1.33457 0.229385 0 
2 0.344147 -0.0462534 0 -1.38657 -0.124449 0 
dMomentum = 1.72388e-17 -2.05998e-18 0
dEnergy = -0.0260758
0 -1.02705 -0.0807868 0 0.0958774 -0.102434 0 
1 0.74646 0.13035 0 1.08015 0.123196 0 
2 0.280589 -0.0495629 0 -1.17603 -0.0207626 0 
dMomentum = 1.5477e-17 -1.91091e-18 0
dEnergy = -0.0260759
0 -1.02112 -0.0858433 0 0.14171 -0.099795 0 
1 0.795943 0.134955 0 0.908308 0.0658954 0 
2 0.225176 -0.0491121 0 -1.05002 0.0338997 0 
dMomentum = 1.48129e-17 -2.1413e-18 0
dEnergy = -0.0260759
0 -1.01284 -0.090762 0 0.189968 -0.0968949 0 
1 0.837972 0.137279 0 0.778028 0.0294224 0 
2 0.174865 -0.0465166 0 -0.967996 0.0674725 0 
dMomentum = 1.38642e-17 -1.95156e-18 0
dEnergy = -0.0260759
0 -1.00207 -0.0955261 0 0.241189 -0.0935921 0 
1 0.874154 0.138078 0 0.672523 0.00394411 0 
2 0.127918 -0.0425522 0 -0.913712 0.089648 0 
dMomentum = 1.61546e-17 -2.05998e-18 0
dEnergy = -0.0260759
0 -0.988658 -0.100112 0 0.296032 -0.0897153 0 
1 0.905495 0.137782 0 0.583363 -0.0149472 0 
2 0.0831633 -0.03767 0 -0.879394 0.104662 0 
dMomentum = 1.56667e-17 -2.1684e-18 0
dEnergy = -0.0260759
0 -0.972395 -0.104484 0 0.355342 -0.0850422 0 
1 0.932682 0.136655 0 0.505748 -0.0295479 0 
2 0.0397128 -0.0321702 0 -0.86109 0.11459 0 
dMomentum = 1.60191e-17 -2.08709e-18 0
dEnergy = -0.0260759
0 -0.953031 -0.108598 0 0.420253 -0.0792681 0 
1 0.956212 0.134876 0 0.436695 -0.0411848 0 
2 -0.00318096 -0.0262784 0 -0.856948 0.120453 0 
dMomentum = 1.5748e-17 -1.87025e-18 0
dEnergy = -0.0260759
0 -0.93025 -0.112386 0 0.492344 -0.0719505 0 
1 0.976461 0.132572 0 0.374227 -0.0506858 0 
2 -0.0462107 -0.020186 0 -0.866571 0.122636 0 
dMomentum = 1.5992e-17 -2.00577e-18 0
dEnergy = -0.0260759
0 -0.903639 -0.115756 0 0.573917 -0.0624075 0 
1 0.993721 0.129834 0 0.316968 -0.0586003 0 
2 -0.0900821 -0.014078 0 -0.890885 0.121008 0 
dMomentum = 1.49891e-17 -1.87025e-18 0
dEnergy = -0.0260759
0 -0.872642 -0.118571 0 0.668524 -0.0495129 0 
1 1.00823 0.126732 0 0.263917 -0.0653127 0 
2 -0.135585 -0.00816056 0 -0.932441 0.114826 0 
dMomentum = 1.54092e-17 -1.95156e-18 0
dEnergy = -0.0260759
0 -0.836474 -0.120618 0 0.782056 -0.0312366 0 
1 1.02017 0.123318 0 0.21432 -0.0711057 0 
2 -0.183697 -0.00269938 0 -0.996376 0.102342 0 
dMomentum = 1.68051e-17 -1.76183e-18 0
dEnergy = -0.0260759
0 -0.793947 -0.121539 0 0.925301 -0.00346003 0 
1 1.02971 0.119633 0 0.167587 -0.0761982 0 
2 -0.23576 0.00190641 0 -1.09289 0.0796582 0 
dMomentum = 1.90277e-17 -1.89735e-18 0
dEnergy = -0.0260758
0 -0.743083 -0.120649 0 1.12122 0.0437956 0 
1 1.03697 0.115707 0 0.123231 -0.0807704 0 
2 -0.293886 0.00494242 0 -1.24445 0.0369747 0 
dMomentum = 1.81604e-17 -1.96512e-18 0
dEnergy = -0.0260755
0 -0.679972 -0.116337 0 1.43293 0.143401 0 
1 1.04206 0.111562 0 0.0808269 -0.0849832 0 
2 -0.362091 0.00477526 0 -1.51376 -0.0584179 0 
dMomentum = 1.47451e-17 -1.89735e-18 0
dEnergy = -0.0260698
0 -0.593519 -0.102443 0 2.17165 0.524393 0 
1 1.04508 0.107212 0 0.0399364 -0.0890004 0 
2 -0.451558 -0.00476816 0 -2.21159 -0.435392 0 
dMomentum = 1.79978e-17 -3.95734e-18 0
dEnergy = -0.0260598
0 -0.566752 -0.000391316 0 -2.35131 1.11766 0 
1 1.04607 0.102662 0 -0.000134679 -0.0929962 0 
2 -0.479318 -0.10227 0 2.35144 -1.02466 0 
dMomentum = 1.82146e-17 -4.93312e-18 0
dEnergy = -0.0260754
0 -0.657822 0.0317575 0 -1.48924 0.407935 0 
1 1.04506 0.0979084 0 -0.0404302 -0.0971996 0 
2 -0.387238 -0.129666 0 1.52967 -0.310735 0 
dMomentum = 1.84314e-17 -4.67562e-18 0
dEnergy = -0.0260758
0 -0.723286 0.0474636 0 -1.16249 0.244458 0 
1 1.04201 0.0929348 0 -0.081675 -0.101818 0 
2 -0.318726 -0.140398 0 1.24417 -0.14264 0 
dMomentum = 1.96241e-17 -4.40457e-18 0
dEnergy = -0.0260759
0 -0.776177 0.0575421 0 -0.961636 0.165414 0 
1 1.03686 0.0877081 0 -0.124428 -0.106917 0 
2 -0.260678 -0.14525 0 1.08606 -0.0584969 0 
dMomentum = 2.01662e-17 -4.25549e-18 0
dEnergy = -0.0260759
0 -0.820545 0.0645403 0 -0.816054 0.11735 0 
1 1.02951 0.0822132 0 -0.169041 -0.112528 0 
2 -0.208968 -0.146753 0 0.985095 -0.00482209 0 
dMomentum = 2.10335e-17 -4.29615e-18 0
dEnergy = -0.0260759
0 -0.85845 0.0695503 0 -0.701013 0.0845035 0 
1 1.01988 0.0764235 0 -0.215979 -0.118697 0 
2 -0.161429 -0.145974 0 0.916993 0.0341937 0 
dMomentum = 1.97325e-17 -4.60786e-18 0
dEnergy = -0.0260759
0 -0.891105 0.0731525 0 -0.605184 0.0604317 0 
1 1.00782 0.0703095 0 -0.265789 -0.125484 0 
2 -0.116719 -0.143462 0 0.870973 0.0650522 0 
dMomentum = 1.98409e-17 -4.11997e-18 0
dEnergy = -0.0260759
0 -0.919307 0.0756984 0 -0.522477 0.0419635 0 
1 0.993188 0.0638384 0 -0.319147 -0.132967 0 
2 -0.073881 -0.139537 0 0.841624 0.0910036 0 
dMomentum = 2.07083e-17 -4.03865e-18 0
dEnergy = -0.0260759
0 -0.943615 0.077421 0 -0.449258 0.0273385 0 
1 0.975772 0.0569728 0 -0.376931 -0.141254 0 
2 -0.0321569 -0.134394 0 0.82619 0.113915 0 
dMomentum = 2.2443e-17 -3.95734e-18 0
dEnergy = -0.0260759
0 -0.964442 0.078484 0 -0.383191 0.0154934 0 
1 0.955326 0.0496689 0 -0.440329 -0.150493 0 
2 0.00911572 -0.128153 0 0.82352 0.134999 0 
dMomentum = 2.23346e-17 -4.06576e-18 0
dEnergy = -0.0260759
0 -0.982103 0.0790083 0 -0.322685 0.00574321 0 
1 0.93153 0.041874 0 -0.511011 -0.160895 0 
2 0.0505736 -0.120882 0 0.833696 0.155151 0 
dMomentum = 2.42861e-17 -3.79471e-18 0
dEnergy = -0.0260759
0 -0.996848 0.0790866 0 -0.266609 -0.00237617 0 
1 0.90396 0.0335227 0 -0.591451 -0.172768 0 
2 0.0928881 -0.112609 0 0.85806 0.175144 0 
dMomentum = 2.49366e-17 -3.44234e-18 0
dEnergy = -0.0260759
0 -1.00888 0.0787919 0 -0.214129 -0.00919312 0 
1 0.87204 0.0245304 0 -0.685537 -0.186583 0 
2 0.136838 -0.103322 0 0.899666 0.195776 0 
dMomentum = 2.43945e-17 -3.2255e-18 0
dEnergy = -0.0260759
0 -1.01835 0.0781832 0 -0.164606 -0.0149496 0 
1 0.834934 0.0147822 0 -0.799895 -0.203103 0 
2 0.18342 -0.0929654 0 0.964501 0.218053 0 
dMomentum = 2.42861e-17 -3.27971e-18 0
dEnergy = -0.0260759
0 -1.02541 0.0773086 0 -0.117536 -0.0198317 0 
1 0.791348 0.0041125 0 -0.94716 -0.22367 0 
2 0.234064 -0.0814211 0 1.0647 0.243502 0 
dMomentum = 2.4503e-17 -3.25261e-18 0
dEnergy = -0.0260758
0 -1.03016 0.0762081 0 -0.0725026 -0.0239911 0 
1 0.739024 -0.00773989 0 -1.15607 -0.250947 0 
2 0.291141 -0.0684682 0 1.22857 0.274938 0 
dMomentum = 2.40693e-17 -3.41524e-18 0
dEnergy = -0.0260753
0 -1.0327 0.0749145 0 -0.029136 -0.0275626 0 
1 0.673112 -0.021244 0 -1.51666 -0.291216 0 
2 0.359592 -0.0536705 0 1.5458 0.318778 0 
dMomentum = 2.23346e-17 -3.46945e-18 0
dEnergy = -0.0260414
0 -1.03311 0.0734538 0 0.0129415 -0.03069 0 
1 0.575659 -0.0373235 0 -2.75996 -0.347116 0 
2 0.457447 -0.0361302 0 2.74702 0.377806 0 
dMomentum = 1.53957e-17 5.20417e-18 0
dEnergy = 14.9738
0 -1.03142 0.0718409 0 0.054425 -0.0338013 0 
1 0.627419 0.0939437 0 2.7764 3.06832 0 
2 0.403999 -0.165785 0 -2.83083 -3.03452 0 
dMomentum = 1.64799e-17 4.11997e-18 0
dEnergy = 14.9738
0 -1.02765 0.0700381 0 0.0961227 -0.0386203 0 
1 0.76206 0.243033 0 2.63115 2.92075 0 
2 0.265588 -0.313071 0 -2.72727 -2.88213 0 
dMomentum = 1.98409e-17 -1.95156e-18 0
dEnergy = 14.9738
0 -1.02178 0.0679107 0 0.137926 -0.047047 0 
1 0.892389 0.388064 0 2.57748 2.87498 0 
2 0.129395 -0.455975 0 -2.71541 -2.82793 0 
dMomentum = 2.01662e-17 2.1684e-19 0
dEnergy = 14.9738
0 -1.01384 0.0652384 0 0.17891 -0.060569 0 
1 1.02068 0.531454 0 2.54596 2.85121 0 
2 -0.00683559 -0.596692 0 -2.72487 -2.79064 0 
dMomentum = 1.96241e-17 -2.81893e-18 0
dEnergy = 14.9738
0 -1.0039 0.0617452 0 0.217289 -0.0798251 0 
1 1.14765 0.673892 0 2.52399 2.83586 0 
2 -0.14375 -0.735637 0 -2.74128 -2.75604 0 
dMomentum = 2.21177e-17 -5.20417e-18 0
dEnergy = 14.9738
0 -0.992149 0.0571547 0 0.250871 -0.104141 0 
1 1.27367 0.815676 0 2.50731 2.82469 0 
2 -0.281519 -0.872831 0 -2.75818 -2.72054 0 
dMomentum = 1.92988e-17 -1.32273e-17 0
dEnergy = 14.9738
0 -0.978873 0.0512581 0 0.27794 -0.131563 0 
1 1.39894 0.956965 0 2.49402 2.81592 0 
2 -0.420067 -1.00822 0 -2.77196 -2.68436 0 
dMomentum = 1.31188e-17 -1.45283e-17 0
dEnergy = 14.9738
0 -0.964418 0.0439626 0 0.297959 -0.15957 0 
1 1.52361 1.09786 0 2.4831 2.80872 0 
2 -0.55919 -1.14182 0 -2.78106 -2.64915 0 
dMomentum = 1.78893e-17 -1.82146e-17 0
dEnergy = 14.9738
0 -0.949125 0.035296 0 0.311586 -0.186001 0 
1 1.64778 1.23842 0 2.47393 2.80261 0 
2 -0.698651 -1.27371 0 -2.78552 -2.61661 0 
dMomentum = 1.45283e-17 -2.27682e-17 0
dEnergy = 14.9738
0 -0.933282 0.0253738 0 0.320149 -0.209556 0 
1 1.77152 1.37869 0 2.46611 2.79731 0 
2 -0.838237 -1.40407 0 -2.78625 -2.58775 0 
dMomentum = 1.25767e-17 -2.29851e-17 0
dEnergy = 14.9738
0 -0.917107 0.0143545 0 0.32507 -0.229774 0 
1 1.8949 1.51872 0 2.45935 2.79264 0 
2 -0.977791 -1.53307 0 -2.78442 -2.56286 0 
dMomentum = 8.99888e-18 -2.29851e-17 0
dEnergy = 14.9738
0 -0.90075 0.0024047 0 0.327545 -0.246749 0 
1 2.01796 1.65852 0 2.45345 2.78847 0 
2 -1.11721 -1.66093 0 -2.781 -2.54172 0 
dMomentum = 9.21572e-18 -2.55872e-17 0
dEnergy = 14.9738
0 -0.884312 -0.0103216 0 0.328456 -0.260843 0 
1 2.14074 1.79813 0 2.44826 2.78473 0 
2 -1.25643 -1.78781 0 -2.77672 -2.52389 0 
dMomentum = 1.86483e-17 -2.88398e-17 0
dEnergy = 14.9738
0 -0.867855 -0.023691 0 0.328404 -0.272497 0 
1 2.26329 1.93756 0 2.44367 2.78133 0 
2 -1.39543 -1.91387 0 -2.77207 -2.50884 0 
dMomentum = 1.81062e-17 -2.88398e-17 0
dEnergy = 14.9738
0 -0.851416 -0.0375923 0 0.327785 -0.282142 0 
1 2.38561 2.07682 0 2.43957 2.77824 0 
2 -1.53419 -2.03923 0 -2.76736 -2.4961 0 
dMomentum = 1.8323e-17 -2.68882e-17 0
dEnergy = 14.9738
0 -0.835016 -0.0519343 0 0.326849 -0.290148 0 
1 2.50774 2.21594 0 2.4359 2.77541 0 
2 -1.67272 -2.16401 0 -2.76274 -2.48526 0 
dMomentum = 1.94072e-17 -3.1225e-17 0
dEnergy = 14.9738
0 -0.818668 -0.066643 0 0.325751 -0.296829 0 
1 2.62969 2.35492 0 2.43258 2.77281 0 
2 -1.81102 -2.28828 0 -2.75833 -2.47598 0 
dMomentum = 1.87567e-17 -2.29851e-17 0
dEnergy = 14.9738
0 -0.802377 -0.0816586 0 0.324589 -0.302433 0 
1 2.75149 2.49378 0 2.42958 2.7704 0 
2 -1.94911 -2.41212 0 -2.75417 -2.46797 0 
dMomentum = 1.74557e-17 -1.95156e-17 0
dEnergy = 14.9738
0 -0.786144 -0.0969322 0 0.32342 -0.307163 0 
1 2.87314 2.63252 0 2.42686 2.76818 0 
2 -2.087 -2.53559 0 -2.75028 -2.46102 0 
dMomentum = 1.53957e-17 -2.64545e-17 0
dEnergy = 14.9738
0 -0.76997 -0.112424 0 0.322278 -0.311179 0 
1 2.99466 2.77116 0 2.42437 2.76612 0 
2 -2.22469 -2.65873 0 -2.74665 -2.45494 0 
dMomentum = 1.66967e-17 -2.36356e-17 0
dEnergy = 14.9738
0 -0.753851 -0.128103 0 0.321182 -0.314608 0 
1 3.11607 2.90969 0 2.42209 2.76419 0 
2 -2.36221 -2.78159 0 -2.74327 -2.44958 0 
dMomentum = 1.34441e-17 -1.9082e-17 0
dEnergy = 14.9738
0 -0.737787 -0.14394 0 0.320142 -0.317553 0 
1 3.23736 3.04813 0 2.41999 2.7624 0 
2 -2.49957 -2.90419 0 -2.74013 -2.44485 0 
dMomentum = 1.82146e-17 -1.30104e-17 0
dEnergy = 14.9738
0 -0.721772 -0.159915 0 0.319161 -0.320095 0 
1 3.35855 3.18648 0 2.41806 2.76072 0 
2 -2.63678 -3.02657 0 -2.73722 -2.44062 0 
dMomentum = 1.56125e-17 -1.25767e-17 0
dEnergy = 14.9738
0 -0.705806 -0.176008 0 0.318241 -0.322301 0 
1 3.47965 3.32476 0 2.41627 2.75915 0 
2 -2.77385 -3.14875 0 -2.73451 -2.43684 0 
dMomentum = 1.79978e-17 -2.14672e-17 0
dEnergy = 14.9738
0 -0.689884 -0.192205 0 0.317379 -0.324224 0 
1 3.60066 3.46295 0 2.41461 2.75767 0 
2 -2.91078 -3.27075 0 -2.73199 -2.43344 0 
dMomentum = 1.9082e-17 -1.9082e-17 0
dEnergy = 14.9738
0 -0.674003 -0.208491 0 0.316572 -0.325908 0 
1 3.7216 3.60108 0 2.41307 2.75628 0 
2 -3.04759 -3.39258 0 -2.72964 -2.43037 0 
dMomentum = 1.26852e-17 -1.86483e-17 0
dEnergy = 14.9738
0 -0.658162 -0.224857 0 0.315818 -0.327389 0 
1 3.84245 3.73913 0 2.41163 2.75497 0 
2 -3.18429 -3.51427 0 -2.72745 -2.42758 0 
dMomentum = 9.21572e-18 -2.0383e-17 0
dEnergy = 14.9738
0 -0.642357 -0.241293 0 0.315114 -0.328696 0 
1 3.96324 3.87712 0 2.41029 2.75373 0 
2 -3.32089 -3.63583 0 -2.72541 -2.42503 0 
dMomentum = 6.28837e-18 -1.71304e-17 0
dEnergy = 14.9738
0 -0.626587 -0.25779 0 0.314454 -0.329854 0 
1 4.08397 4.01506 0 2.40904 2.75256 0 
2 -3.45738 -3.75727 0 -2.72349 -2.4227 0 
dMomentum = 4.87891e-18 -1.88651e-17 0
dEnergy = 14.9738
0 -0.610848 -0.274342 0 0.313837 -0.330883 0 
1 4.20463 4.15293 0 2.40786 2.75145 0 
2 -3.59378 -3.87859 0 -2.7217 -2.42057 0 
dMomentum = 5.74627e-18 -1.47451e-17 0
dEnergy = 14.9738
0 -0.59514 -0.290943 0 0.313258 -0.331801 0 
1 4.32524 4.29075 0 2.40675 2.7504 0 
2 -3.7301 -3.99981 0 -2.72001 -2.4186 0 
dMomentum = 4.33681e-18 -1.82146e-17 0
dEnergy = 14.9738
0 -0.579459 -0.307587 0 0.312716 -0.332622 0 
1 4.44579 4.42852 0 2.40571 2.7494 0 
2 -3.86633 -4.12094 0 -2.71843 -2.41678 0 
dMomentum = 5.74627e-18 -2.25514e-17 0
dEnergy = 14.9738
0 -0.563805 -0.32427 0 0.312206 -0.333358 0 
1 4.56629 4.56624 0 2.40473 2.74845 0 
2 -4.00248 -4.24197 0 -2.71694 -2.41509 0 
dMomentum = 1.38778e-17 -3.10082e-17 0
dEnergy = 14.9738
0 -0.548176 -0.340988 0 0.311726 -0.33402 0 
1 4.68674 4.70392 0 2.40381 2.74755 0 
2 -4.13857 -4.36293 0 -2.71553 -2.41353 0 
dMomentum = 8.89046e-18 -3.1225e-17 0
dEnergy = 14.9738
0 -0.53257 -0.357738 0 0.311274 -0.334617 0 
1 4.80715 4.84155 0 2.40293 2.74668 0 
2 -4.27458 -4.48381 0 -2.7142 -2.41207 0 
dMomentum = 8.67362e-18 -2.49366e-17 0
dEnergy = 14.9738
0 -0.516986 -0.374516 0 0.310848 -0.335156 0 
1 4.92752 4.97914 0 2.4021 2.74586 0 
2 -4.41053 -4.60462 0 -2.71295 -2.41071 0 
dMomentum = 1.73472e-18 -2.01662e-17 0
dEnergy = 14.9738
0 -0.501422 -0.391319 0 0.310446 -0.335644 0 
1 5.04784 5.11668 0 2.40131 2.74508 0 
2 -4.54642 -4.72536 0 -2.71176 -2.40943 0 
dMomentum = -5.42101e-19 -2.47198e-17 0
dEnergy = 14.9738
0 -0.485879 -0.408146 0 0.310066 -0.336087 0 
1 5.16813 5.25419 0 2.40057 2.74433 0 
2 -4.68225 -4.84605 0 -2.71063 -2.40824 0 
dMomentum = 4.77049e-18 -3.16587e-17 0
dEnergy = 14.9738
0 -0.470353 -0.424995 0 0.309706 -0.33649 0 
1 5.28838 5.39167 0 2.39985 2.74361 0 
2 -4.81803 -4.96667 0 -2.70956 -2.40712 0 
dMomentum = 4.01155e-18 -3.05745e-17 0
dEnergy = 14.9738
0 -0.454846 -0.441862 0 0.309365 -0.336857 0 
1 5.4086 5.5291 0 2.39918 2.74292 0 
2 -4.95375 -5.08724 0 -2.70854 -2.40606 0 
dMomentum = 3.57787e-18 -2.68882e-17 0
dEnergy = 14.9738
0 -0.439355 -0.458747 0 0.309041 -0.337192 0 
1 5.52878 5.66651 0 2.39853 2.74226 0 
2 -5.08942 -5.20776 0 -2.70757 -2.40507 0 
dMomentum = 7.91468e-18 -2.90566e-17 0
dEnergy = 14.9738
0 -0.42388 -0.475648 0 0.308733 -0.337497 0 
1 5.64893 5.80388 0 2.39792 2.74163 0 
2 -5.22505 -5.32823 0 -2.70665 -2.40413 0 
dMomentum = 2.60209e-18 -2.71051e-17 0
dEnergy = 14.9738
0 -0.40842 -0.492564 0 0.308441 -0.337777 0 
1 5.76905 5.94122 0 2.39733 2.74102 0 
2 -5.36063 -5.44866 0 -2.70577 -2.40324 0 
dMomentum = 1.25767e-17 -2.40693e-17 0
dEnergy = 14.9738
0 -0.392974 -0.509493 0 0.308163 -0.338034 0 
1 5.88914 6.07853 0 2.39677 2.74044 0 
2 -5.49617 -5.56904 0 -2.70493 -2.4024 0 
dMomentum = 1.26852e-17 -2.05998e-17 0
dEnergy = 14.9738
0 -0.377541 -0.526435 0 0.307897 -0.338269 0 
1 6.00921 6.21581 0 2.39623 2.73988 0 
2 -5.63167 -5.68938 0 -2.70413 -2.40161 0 
dMomentum = 6.39679e-18 -3.07913e-17 0
dEnergy = 14.9738
0 -0.362122 -0.543387 0 0.307644 -0.338485 0 
1 6.12925 6.35307 0 2.39572 2.73934 0 
2 -5.76712 -5.80968 0 -2.70336 -2.40085 0 
dMomentum = 1.19262e-17 -3.38271e-17 0
dEnergy = 14.9738
0 -0.346715 -0.560351 0 0.307402 -0.338684 0 
1 6.24926 6.49029 0 2.39522 2.73881 0 
2 -5.90254 -5.92994 0 -2.70263 -2.40013 0 
dMomentum = 8.5652e-18 -3.5345e-17 0
dEnergy = 14.9738
0 -0.33132 -0.577323 0 0.307171 -0.338867 0 
1 6.36925 6.6275 0 2.39475 2.73831 0 
2 -6.03793 -6.05017 0 -2.70192 -2.39945 0 
dMomentum = 1.25767e-17 -3.31766e-17 0
dEnergy = 14.9738
0 -0.315937 -0.594305 0 0.30695 -0.339036 0 
1 6.48921 6.76467 0 2.3943 2.73783 0 
2 -6.17328 -6.17037 0 -2.70125 -2.39879 0 
dMomentum = 1.9082e-17 -3.33934e-17 0
dEnergy = 14.9738
0 -0.300564 -0.611295 0 0.306739 -0.339192 0 
1 6.60916 6.90183 0 2.39386 2.73736 0 
2 -6.30859 -6.29053 0 -2.7006 -2.39817 0 
dMomentum = 1.75641e-17 -3.72966e-17 0
dEnergy = 14.9738
0 -0.285201 -0.628292 0 0.306536 -0.339335 0 
1 6.72908 7.03896 0 2.39344 2.73691 0 
2 -6.44388 -6.41066 0 -2.69997 -2.39758 0 
dMomentum = 2.00577e-17 -3.49113e-17 0
dEnergy = 14.9738
0 -0.269849 -0.645296 0 0.306341 -0.339468 0 
1 6.84898 7.17606 0 2.39303 2.73648 0 
2 -6.57913 -6.53077 0 -2.69938 -2.39701 0 
dMomentum = 2.00577e-17 -3.14419e-17 0
dEnergy = 14.9738
0 -0.254506 -0.662306 0 0.306154 -0.339591 0 
1 6.96886 7.31315 0 2.39264 2.73605 0 
2 -6.71435 -6.65085 0 -2.6988 -2.39646 0 
dMomentum = 1.66967e-17 -3.23092e-17 0
dEnergy = 14.9738
0 -0.239172 -0.679323 0 0.305975 -0.339705 0 
1 7.08872 7.45022 0 2.39227 2.73565 0 
2 -6.84955 -6.77089 0 -2.69824 -2.39594 0 
dMomentum = 2.29851e-17 -3.5345e-17 0
dEnergy = 14.9738
0 -0.223847 -0.696345 0 0.305802 -0.339811 0 
1 7.20857 7.58726 0 2.39191 2.73525 0 
2 -6.98472 -6.89092 0 -2.69771 -2.39544 0 
dMomentum = 3.20924e-17 -3.90313e-17 0
dEnergy = 14.9738
0 -0.20853 -0.713372 0 0.305637 -0.339908 0 
1 7.32839 7.72429 0 2.39156 2.73487 0 
2 -7.11986 -7.01092 0 -2.69719 -2.39496 0 
dMomentum = 2.67798e-17 -3.38271e-17 0
dEnergy = 14.9738
0 -0.193222 -0.730403 0 0.305477 -0.339999 0 
1 7.4482 7.8613 0 2.39122 2.7345 0 
2 -7.25498 -7.13089 0 -2.6967 -2.3945 0 
dMomentum = 2.69966e-17 -2.97071e-17 0
dEnergy = 14.9738
0 -0.177921 -0.747439 0 0.305323 -0.340083 0 
1 7.56799 7.99829 0 2.3909 2.73414 0 
2 -7.39007 -7.25085 0 -2.69622 -2.39406 0 
dMomentum = 2.89482e-17 -2.62377e-17 0
dEnergy = 14.9738
0 -0.162629 -0.764479 0 0.305174 -0.340161 0 
1 7.68777 8.13526 0 2.39058 2.73379 0 
2 -7.52514 -7.37078 0 -2.69575 -2.39363 0 
dMomentum = 3.38271e-17 -3.33934e-17 0
dEnergy = 14.9738
0 -0.147343 -0.781523 0 0.305031 -0.340233 0 
1 7.80753 8.27221 0 2.39028 2.73346 0 
2 -7.66019 -7.49069 0 -2.69531 -2.39322 0 
dMomentum = 3.65376e-17 -3.64292e-17 0
dEnergy = 14.9738
0 -0.132064 -0.798571 0 0.304893 -0.340301 0 
1 7.92727 8.40915 0 2.38998 2.73313 0 
2 -7.79521 -7.61058 0 -2.69487 -2.39283 0 
dMomentum = 3.22008e-17 -2.73219e-17 0
dEnergy = 14.9738
0 -0.116793 -0.815621 0 0.304759 -0.340363 0 
1 8.047 8.54607 0 2.3897 2.73281 0 
2 -7.93021 -7.73045 0 -2.69446 -2.39245 0 
dMomentum = 3.33934e-17 -2.68882e-17 0
dEnergy = 14.9738
0 -0.101527 -0.832675 0 0.30463 -0.340421 0 
1 8.16672 8.68298 0 2.38942 2.7325 0 
2 -8.06519 -7.8503 0 -2.69405 -2.39208 0 
dMomentum = 3.71881e-17 -2.62377e-17 0
dEnergy = 14.9738
0 -0.0862685 -0.849732 0 0.304506 -0.340475 0 
1 8.28642 8.81987 0 2.38915 2.7322 0 
2 -8.20016 -7.97014 0 -2.69366 -2.39173 0 
dMomentum = 3.03577e-17 -2.79724e-17 0
dEnergy = 14.9738
0 -0.0710158 -0.866791 0 0.304385 -0.340526 0 
1 8.40611 8.95675 0 2.38889 2.73191 0 
2 -8.3351 -8.08995 0 -2.69328 -2.39138 0 
dMomentum = 3.1225e-17 -3.23092e-17 0
dEnergy = 14.9738
0 -0.0557995 -0.883818 0 0.304268 -0.340572 0 
1 8.52555 9.09333 0 2.38864 2.73163 0 
2 -8.46975 -8.20952 0 -2.69291 -2.39105 0 
dMomentum = 3.29597e-17 -3.5345e-17 0
dEnergy = 14.9738
0 -0.0405889 -0.900848 0 0.304155 -0.340615 0 
1 8.64498 9.22991 0 2.3884 2.73135 0 
2 -8.60439 -8.32906 0 -2.69255 -2.39073 0 
dMomentum = 3.39355e-17 -3.33934e-17 0
dEnergy = 14.9738
0 -0.0253839 -0.91788 0 0.304046 -0.340656 0 
1 8.76439 9.36647 0 2.38816 2.73108 0 
2 -8.73901 -8.44859 0 -2.6922 -2.39043 0 
dMomentum = 3.77302e-17 -3.16587e-17 0
dEnergy = 14.9738
0 -0.0101843 -0.934913 0 0.30394 -0.340693 0 
1 8.88379 9.50302 0 2.38793 2.73082 0 
2 -8.87361 -8.5681 0 -2.69187 -2.39013 0 
dMomentum = 3.64292e-17 -3.40439e-17 0
dEnergy = 14.9738
0 0.00501016 -0.951949 0 0.303837 -0.340728 0 
1 9.00319 9.63955 0 2.3877 2.73057 0 
2 -9.0082 -8.6876 0 -2.69154 -2.38984 0 
dMomentum = 3.68629e-17 -2.94903e-17 0
dEnergy = 14.9738
0 0.0201995 -0.968986 0 0.303737 -0.34076 0 
1 9.12256 9.77607 0 2.38749 2.73032 0 
2 -9.14276 -8.80709 0 -2.69122 -2.38956 0 
dMomentum = 3.89229e-17 -2.53703e-17 0
dEnergy = 14.9738
0 0.0353839 -0.986025 0 0.30364 -0.34079 0 
1 9.24193 9.91258 0 2.38728 2.73008 0 
2 -9.27732 -8.92656 0 -2.69092 -2.38929 0 
dMomentum = 3.46945e-17 -2.55872e-17 0
dEnergy = 14.9738
0 0.0505636 -1.00307 0 0.303546 -0.340818 0 
1 9.36129 10.0491 0 2.38707 2.72984 0 
2 -9.41186 -9.04602 0 -2.69062 -2.38902 0 
dMomentum = 3.22008e-17 -1.4962e-17 0
dEnergy = 14.9738
0 0.0657386 -1.02011 0 0.303455 -0.340844 0 
1 9.48064 10.1856 0 2.38687 2.72961 0 
2 -9.54638 -9.16546 0 -2.69032 -2.38877 0 
dMomentum = 3.27429e-17 -1.4962e-17 0
dEnergy = 14.9738
0 0.0809091 -1.03715 0 0.303366 -0.340868 0 
1 9.59998 10.322 0 2.38667 2.72939 0 
2 -9.68089 -9.28489 0 -2.69004 -2.38852 0 
dMomentum = 3.5345e-17 -1.75641e-17 0
dEnergy = 14.9738
0 0.0960752 -1.05419 0 0.303279 -0.34089 0 
1 9.71931 10.4585 0 2.38648 2.72917 0 
2 -9.81538 -9.40431 0 -2.68976 -2.38828 0 
dMomentum = 3.77302e-17 -1.97325e-17 0
dEnergy = 14.9738
0 0.111237 -1.07124 0 0.303195 -0.340911 0 
1 9.83863 10.595 0 2.3863 2.72895 0 
2 -9.94987 -9.52372 0 -2.68949 -2.38804 0 
dMomentum = 4.22839e-17 -2.40693e-17 0
dEnergy = 14.9738
0 0.126395 -1.08828 0 0.303114 -0.34093 0 
1 9.95794 10.7314 0 2.38612 2.72874 0 
2 -10.0843 -9.64312 0 -2.68923 -2.38781 0 
dMomentum = 4.58618e-17 -2.47198e-17 0
dEnergy = 14.9738
0 0.141548 -1.10533 0 0.303034 -0.340948 0 
1 10.0772 10.8678 0 2.38594 2.72854 0 
2 -10.2188 -9.7625 0 -2.68898 -2.38759 0 
dMomentum = 4.57533e-17 -2.42861e-17 0
dEnergy = 14.9738
0 0.156698 -1.12238 0 0.302956 -0.340964 0 
1 10.1965 11.0043 0 2.38577 2.72834 0 
2 -10.3532 -9.88188 0 -2.68873 -2.38738 0 
dMomentum = 5.31259e-17 -2.92735e-17 0
dEnergy = 14.9738
0 0.171844 -1.13943 0 0.302881 -0.340979 0 
1 10.3158 11.1407 0 2.3856 2.72815 0 
2 -10.4877 -10.0012 0 -2.68848 -2.38717 0 
dMomentum = 5.59448e-17 -1.99493e-17 0
dEnergy = 14.9738
0 0.186986 -1.15648 0 0.302807 -0.340993 0 
1 10.4351 11.2771 0 2.38544 2.72796 0 
2 -10.6221 -10.1206 0 -2.68825 -2.38696 0 
dMomentum = 5.94143e-17 -2.51535e-17 0
dEnergy = 14.9738
0 0.202125 -1.17353 0 0.302735 -0.341005 0 
1 10.5544 11.4135 0 2.38528 2.72777 0 
2 -10.7565 -10.2399 0 -2.68802 -2.38676 0 
dMomentum = 5.97395e-17 -2.5804e-17 0
dEnergy = 14.9738
0 0.21726 -1.19058 0 0.302665 -0.341017 0 
1 10.6736 11.5498 0 2.38512 2.72759 0 
2 -10.8909 -10.3593 0 -2.68779 -2.38657 0 
dMomentum = 5.89806e-17 -2.77556e-17 0
dEnergy = 14.9738
0 0.232391 -1.20763 0 0.302597 -0.341028 0 
1 10.7929 11.6862 0 2.38497 2.72741 0 
2 -11.0253 -10.4786 0 -2.68757 -2.38638 0 
dMomentum = 6.09322e-17 -2.75387e-17 0
dEnergy = 14.9738
0 0.24752 -1.22468 0 0.302531 -0.341038 0 
1 10.9121 11.8226 0 2.38482 2.72724 0 
2 -11.1596 -10.5979 0 -2.68735 -2.3862 0 
dMomentum = 6.31006e-17 -2.66714e-17 0
dEnergy = 14.9738
0 0.262645 -1.24173 0 0.302466 -0.341046 0 
1 11.0314 11.9589 0 2.38468 2.72707 0 
2 -11.294 -10.7172 0 -2.68714 -2.38602 0 
dMomentum = 5.62701e-17 -2.71051e-17 0
dEnergy = 14.9738
0 0.277766 -1.25879 0 0.302402 -0.341054 0 
1 11.1506 12.0953 0 2.38454 2.7269 0 
2 -11.4284 -10.8365 0 -2.68694 -2.38584 0 
dMomentum = 5.64869e-17 -3.36103e-17 0
dEnergy = 14.9738
0 0.292885 -1.27584 0 0.30234 -0.341062 0 
1 11.2698 12.2316 0 2.3844 2.72673 0 
2 -11.5627 -10.9558 0 -2.68674 -2.38567 0 
dMomentum = 6.08237e-17 -3.51282e-17 0
dEnergy = 14.9738
0 0.308 -1.29289 0 0.30228 -0.341068 0 
1 11.389 12.368 0 2.38426 2.72657 0 
2 -11.697 -11.0751 0 -2.68654 -2.38551 0 
dMomentum = 6.77626e-17 -3.92481e-17 0
dEnergy = 14.9738
0 0.323113 -1.30994 0 0.30222 -0.341074 0 
1 11.5082 12.5043 0 2.38413 2.72642 0 
2 -11.8313 -11.1943 0 -2.68635 -2.38534 0 
dMomentum = 7.14489e-17 -4.01155e-17 0
dEnergy = 14.9738
0 0.338222 -1.327 0 0.302163 -0.341079 0 
1 11.6274 12.6406 0 2.384 2.72626 0 
2 -11.9657 -11.3136 0 -2.68616 -2.38519 0 
dMomentum = 7.43763e-17 -4.53197e-17 0
dEnergy = 14.9738
0 0.353329 -1.34405 0 0.302106 -0.341084 0 
1 11.7466 12.7769 0 2.38387 2.72611 0 
2 -12.1 -11.4329 0 -2.68598 -2.38503 0 
dMomentum = 7.23163e-17 -4.46691e-17 0
dEnergy = 14.9738
0 0.368433 -1.36111 0 0.302051 -0.341088 0 
1 11.8658 12.9132 0 2.38375 2.72597 0 
2 -12.2343 -11.5521 0 -2.6858 -2.38488 0 
dMomentum = 7.6111e-17 -4.66207e-17 0
dEnergy = 14.9738
0 0.383534 -1.37816 0 0.301997 -0.341092 0 
1 11.985 13.0495 0 2.38363 2.72582 0 
2 -12.3685 -11.6714 0 -2.68562 -2.38473 0 
dMomentum = 7.67615e-17 -5.00901e-17 0
dEnergy = 14.9738
0 0.398633 -1.39522 0 0.301944 -0.341095 0 
1 12.1042 13.1858 0 2.38351 2.72568 0 
2 -12.5028 -11.7906 0 -2.68545 -2.38459 0 
dMomentum = 7.87131e-17 -5.11743e-17 0
dEnergy = 14.9738
0 0.413729 -1.41227 0 0.301892 -0.341097 0 
1 12.2234 13.3221 0 2.38339 2.72554 0 
2 -12.6371 -11.9098 0 -2.68528 -2.38444 0 
dMomentum = 7.71952e-17 -4.64039e-17 0
dEnergy = 14.9738
0 0.428822 -1.42933 0 0.301842 -0.341099 0 
1 12.3425 13.4584 0 2.38328 2.7254 0 
2 -12.7713 -12.029 0 -2.68512 -2.3843 0 
dMomentum = 7.7412e-17 -5.31259e-17 0
dEnergy = 14.9738
0 0.443913 -1.44638 0 0.301792 -0.341101 0 
1 12.4617 13.5946 0 2.38316 2.72527 0 
2 -12.9056 -12.1482 0 -2.68496 -2.38417 0 
dMomentum = 7.87131e-17 -5.44269e-17 0
dEnergy = 14.9738
0 0.459001 -1.46344 0 0.301743 -0.341102 0 
1 12.5808 13.7309 0 2.38305 2.72514 0 
2 -13.0398 -12.2674 0 -2.6848 -2.38404 0 
dMomentum = 8.32667e-17 -5.52943e-17 0
dEnergy = 14.9738
0 0.474087 -1.48049 0 0.301696 -0.341103 0 
1 12.7 13.8671 0 2.38295 2.72501 0 
2 -13.1741 -12.3866 0 -2.68464 -2.38391 0 
dMomentum = 8.91214e-17 -5.29091e-17 0
dEnergy = 14.9738
0 0.489171 -1.49755 0 0.301649 -0.341103 0 
1 12.8191 14.0034 0 2.38284 2.72488 0 
2 -13.3083 -12.5058 0 -2.68449 -2.38378 0 
dMomentum = 8.76035e-17 -5.1608e-17 0
dEnergy = 14.9738
0 0.504252 -1.5146 0 0.301604 -0.341104 0 
1 12.9383 14.1396 0 2.38274 2.72476 0 
2 -13.4425 -12.625 0 -2.68434 -2.38366 0 
dMomentum = 8.86877e-17 -5.13912e-17 0
dEnergy = 14.9738
0 0.519331 -1.53166 0 0.301559 -0.341103 0 
1 13.0574 14.2759 0 2.38263 2.72464 0 
2 -13.5767 -12.7442 0 -2.68419 -2.38353 0 
dMomentum = 8.71699e-17 -5.22585e-17 0
dEnergy = 14.9738
0 0.534408 -1.54871 0 0.301515 -0.341103 0 
1 13.1765 14.4121 0 2.38253 2.72452 0 
2 -13.7109 -12.8634 0 -2.68405 -2.38341 0 
dMomentum = 8.7712e-17 -5.0307e-17 0
dEnergy = 14.9738
0 0.549483 -1.56577 0 0.301472 -0.341102 0 
1 13.2957 14.5483 0 2.38244 2.7244 0 
2 -13.8451 -12.9825 0 -2.68391 -2.3833 0 
dMomentum = 8.54351e-17 -5.39933e-17 0
dEnergy = 14.9738
0 0.564555 -1.58282 0 0.30143 -0.341101 0 
1 13.4148 14.6845 0 2.38234 2.72428 0 
2 -13.9793 -13.1017 0 -2.68377 -2.38318 0 
dMomentum = 8.40257e-17 -4.33681e-17 0
dEnergy = 14.9738
0 0.579626 -1.59988 0 0.301389 -0.3411 0 
1 13.5339 14.8207 0 2.38225 2.72417 0 
2 -14.1135 -13.2209 0 -2.68363 -2.38307 0 
dMomentum = 8.66278e-17 -3.68629e-17 0
dEnergy = 14.9738
0 0.594694 -1.61693 0 0.301348 -0.341099 0 
1 13.653 14.9569 0 2.38215 2.72406 0 
2 -14.2477 -13.34 0 -2.6835 -2.38296 0 
dMomentum = 8.17488e-17 -4.27176e-17 0
dEnergy = 14.9738
0 0.609761 -1.63399 0 0.301308 -0.341097 0 
1 13.7721 15.0931 0 2.38206 2.72395 0 
2 -14.3819 -13.4592 0 -2.68337 -2.38285 0 
dMomentum = 8.31583e-17 -4.66207e-17 0
dEnergy = 14.9738
0 0.624825 -1.65104 0 0.301269 -0.341095 0 
1 13.8912 15.2293 0 2.38197 2.72384 0 
2 -14.516 -13.5783 0 -2.68324 -2.38275 0 
dMomentum = 8.00141e-17 -5.00901e-17 0
dEnergy = 14.9738
0 0.639887 -1.6681 0 0.301231 -0.341093 0 
1 14.0103 15.3655 0 2.38189 2.72373 0 
2 -14.6502 -13.6974 0 -2.68312 -2.38264 0 
dMomentum = 7.51352e-17 -5.24754e-17 0
dEnergy = 14.9738
0 0.654948 -1.68515 0 0.301193 -0.341091 0 
1 14.1294 15.5017 0 2.3818 2.72363 0 
2 -14.7844 -13.8166 0 -2.68299 -2.38254 0 
dMomentum = 6.76542e-17 -5.09575e-17 0
dEnergy = 14.9738
0 0.670007 -1.70221 0 0.301156 -0.341088 0 
1 14.2485 15.6379 0 2.38172 2.72353 0 
2 -14.9185 -13.9357 0 -2.68287 -2.38244 0 
dMomentum = 6.09322e-17 -5.05238e-17 0
dEnergy = 14.9738
0 0.685064 -1.71926 0 0.30112 -0.341086 0 
1 14.3676 15.7741 0 2.38163 2.72343 0 
2 -15.0526 -14.0548 0 -2.68275 -2.38234 0 
dMomentum = 5.71375e-17 -5.11743e-17 0
dEnergy = 14.9738
0 0.700119 -1.73631 0 0.301084 -0.341083 0 
1 14.4867 15.9102 0 2.38155 2.72333 0 
2 -15.1868 -14.1739 0 -2.68263 -2.38224 0 
dMomentum = 5.55112e-17 -4.81386e-17 0
dEnergy = 14.9738
0 0.715172 -1.75337 0 0.301049 -0.34108 0 
1 14.6057 16.0464 0 2.38147 2.72323 0 
2 -15.3209 -14.293 0 -2.68252 -2.38215 0 
dMomentum = 6.08237e-17 -4.25007e-17 0
dEnergy = 14.9738
0 0.730224 -1.77042 0 0.301015 -0.341077 0 
1 14.7248 16.1826 0 2.38139 2.72313 0 
2 -15.455 -14.4121 0 -2.68241 -2.38206 0 
dMomentum = 6.96058e-17 -4.27176e-17 0
dEnergy = 14.9738
0 0.745274 -1.78748 0 0.300981 -0.341074 0 
1 14.8439 16.3187 0 2.38131 2.72304 0 
2 -15.5891 -14.5312 0 -2.68229 -2.38196 0 
dMomentum = 7.14489e-17 -3.42608e-17 0
dEnergy = 14.9738
0 0.760322 -1.80453 0 0.300948 -0.34107 0 
1 14.9629 16.4549 0 2.38124 2.72295 0 
2 -15.7233 -14.6503 0 -2.68218 -2.38187 0 
dMomentum = 7.05816e-17 -4.0766e-17 0
dEnergy = 14.9738
0 0.775368 -1.82158 0 0.300915 -0.341067 0 
1 15.082 16.591 0 2.38116 2.72285 0 
2 -15.8574 -14.7694 0 -2.68208 -2.38179 0 
dMomentum = 7.23163e-17 -4.4886e-17 0
dEnergy = 14.9738
0 0.790413 -1.83864 0 0.300883 -0.341063 0 
1 15.2011 16.7271 0 2.38109 2.72276 0 
2 -15.9915 -14.8885 0 -2.68197 -2.3817 0 
dMomentum = 7.10152e-17 -4.64039e-17 0
dEnergy = 14.9738
0 0.805457 -1.85569 0 0.300852 -0.34106 0 
1 15.3201 16.8633 0 2.38101 2.72267 0 
2 -16.1256 -15.0076 0 -2.68187 -2.38161 0 
dMomentum = 7.66531e-17 -4.16334e-17 0
dEnergy = 14.9738
0 0.820499 -1.87274 0 0.30082 -0.341056 0 
1 15.4392 16.9994 0 2.38094 2.72259 0 
2 -16.2597 -15.1267 0 -2.68176 -2.38153 0 
dMomentum = 7.65447e-17 -3.92481e-17 0
dEnergy = 14.9738
0 0.835539 -1.88979 0 0.30079 -0.341052 0 
1 15.5582 17.1355 0 2.38087 2.7225 0 
2 -16.3937 -15.2457 0 -2.68166 -2.38145 0 
dMomentum = 7.34005e-17 -4.74881e-17 0
dEnergy = 14.9738
0 0.850578 -1.90685 0 0.30076 -0.341048 0 
1 15.6772 17.2717 0 2.3808 2.72242 0 
2 -16.5278 -15.3648 0 -2.68156 -2.38137 0 
dMomentum = 6.57027e-17 -4.87891e-17 0
dEnergy = 14.9738
0 0.865615 -1.9239 0 0.30073 -0.341044 0 
1 15.7963 17.4078 0 2.38074 2.72233 0 
2 -16.6619 -15.4839 0 -2.68147 -2.38129 0 
dMomentum = 6.51606e-17 -5.50775e-17 0
dEnergy = 14.9738
0 0.880651 -1.94095 0 0.300701 -0.34104 0 
1 15.9153 17.5439 0 2.38067 2.72225 0 
2 -16.796 -15.6029 0 -2.68137 -2.38121 0 
dMomentum = 6.97142e-17 -5.18249e-17 0
dEnergy = 14.9738
0 0.895685 -1.958 0 0.300673 -0.341036 0 
1 16.0343 17.68 0 2.3806 2.72217 0 
2 -16.93 -15.722 0 -2.68127 -2.38113 0 
dMomentum = 6.76542e-17 -4.44523e-17 0
dEnergy = 14.9738
0 0.910718 -1.97506 0 0.300645 -0.341032 0 
1 16.1534 17.8161 0 2.38054 2.72209 0 
2 -17.0641 -15.8411 0 -2.68118 -2.38106 0 
dMomentum = 7.28584e-17 -3.92481e-17 0
dEnergy = 14.9738
0 0.925749 -1.99211 0 0.300617 -0.341028 0 
1 16.2724 17.9522 0 2.38047 2.72201 0 
2 -17.1981 -15.9601 0 -2.68109 -2.38098 0 
dMomentum = 8.14236e-17 -3.33934e-17 0
dEnergy = 14.9738
0 0.94078 -2.00916 0 0.30059 -0.341023 0 
1 16.3914 18.0883 0 2.38041 2.72193 0 
2 -17.3322 -16.0792 0 -2.681 -2.38091 0 
dMomentum = 8.44593e-17 -2.9924e-17 0
dEnergy = 14.9738
0 0.955808 -2.02621 0 0.300563 -0.341019 0 
1 16.5104 18.2244 0 2.38035 2.72186 0 
2 -17.4662 -16.1982 0 -2.68091 -2.38084 0 
dMomentum = 8.5652e-17 -3.36103e-17 0
dEnergy = 14.9738
0 0.970836 -2.04326 0 0.300536 -0.341015 0 
1 16.6295 18.3605 0 2.38029 2.72178 0 
2 -17.6003 -16.3172 0 -2.68082 -2.38077 0 
dMomentum = 8.76035e-17 -2.90566e-17 0
dEnergy = 14.9738
0 0.985862 -2.06031 0 0.30051 -0.34101 0 
1 16.7485 18.4966 0 2.38023 2.72171 0 
2 -17.7343 -16.4363 0 -2.68074 -2.3807 0 
dMomentum = 8.86877e-17 -2.64545e-17 0
dEnergy = 14.9738
0 1.00089 -2.07736 0 0.300485 -0.341006 0 
1 16.8675 18.6327 0 2.38017 2.72163 0 
2 -17.8684 -16.5553 0 -2.68065 -2.38063 0 
dMomentum = 8.65193e-17 -3.03577e-17 0
dEnergy = 14.9738
0 1.01591 -2.09441 0 0.300459 -0.341001 0 
1 16.9865 18.7688 0 2.38011 2.72156 0 
2 -18.0024 -16.6743 0 -2.68057 -2.38056 0 
dMomentum = 8.08815e-17 -2.25514e-17 0
dEnergy = 14.9738
0 1.03093 -2.11146 0 0.300434 -0.340997 0 
1 17.1055 18.9048 0 2.38005 2.72149 0 
2 -18.1364 -16.7934 0 -2.68048 -2.38049 0 
dMomentum = 8.13152e-17 -1.9082e-17 0
dEnergy = 14.9738
0 1.04595 -2.12851 0 0.30041 -0.340992 0 
1 17.2245 19.0409 0 2.37999 2.72142 0 
2 -18.2704 -16.9124 0 -2.6804 -2.38043 0 
dMomentum = 7.60026e-17 -2.40693e-17 0
dEnergy = 14.9738
0 1.06097 -2.14556 0 0.300386 -0.340987 0 
1 17.3435 19.177 0 2.37994 2.72135 0 
2 -18.4045 -17.0314 0 -2.68032 -2.38036 0 
dMomentum = 7.73036e-17 -3.10082e-17 0
dEnergy = 14.9738
0 1.07599 -2.16261 0 0.300362 -0.340983 0 
1 17.4625 19.313 0 2.37988 2.72128 0 
2 -18.5385 -17.1504 0 -2.68024 -2.3803 0 
dMomentum = 8.22909e-17 -3.27429e-17 0
dEnergy = 14.9738
0 1.09101 -2.17966 0 0.300338 -0.340978 0 
1 17.5815 19.4491 0 2.37983 2.72121 0 
2 -18.6725 -17.2694 0 -2.68017 -2.38023 0 
dMomentum = 8.86877e-17 -3.42608e-17 0
dEnergy = 14.9738
0 1.10603 -2.19671 0 0.300315 -0.340973 0 
1 17.7005 19.5852 0 2.37977 2.72115 0 
2 -18.8065 -17.3885 0 -2.68009 -2.38017 0 
dMomentum = 9.88792e-17 -3.62124e-17 0
dEnergy = 14.9738
0 1.12104 -2.21376 0 0.300293 -0.340969 0 
1 17.8195 19.7212 0 2.37972 2.72108 0 
2 -18.9405 -17.5075 0 -2.68001 -2.38011 0 
dMomentum = 9.84456e-17 -3.85976e-17 0
dEnergy = 14.9738
0 1.13606 -2.2308 0 0.30027 -0.340964 0 
1 17.9384 19.8573 0 2.37967 2.72102 0 
2 -19.0745 -17.6265 0 -2.67994 -2.38005 0 
dMomentum = 9.55182e-17 -3.90313e-17 0
dEnergy = 14.9738
0 1.15107 -2.24785 0 0.300248 -0.340959 0 
1 18.0574 19.9933 0 2.37962 2.72095 0 
2 -19.2085 -17.7455 0 -2.67986 -2.37999 0 
dMomentum = 9.21572e-17 -3.55618e-17 0
dEnergy = 14.9738
0 1.16608 -2.2649 0 0.300226 -0.340954 0 
1 18.1764 20.1294 0 2.37957 2.72089 0 
2 -19.3425 -17.8645 0 -2.67979 -2.37993 0 
dMomentum = 9.48677e-17 -2.90566e-17 0
dEnergy = 14.9738
0 1.18109 -2.28195 0 0.300205 -0.34095 0 
1 18.2954 20.2654 0 2.37952 2.72083 0 
2 -19.4765 -17.9835 0 -2.67972 -2.37988 0 
dMomentum = 9.36751e-17 -2.79724e-17 0
dEnergy = 14.9738
0 1.1961 -2.29899 0 0.300183 -0.340945 0 
1 18.4144 20.4014 0 2.37947 2.72076 0 
2 -19.6105 -18.1025 0 -2.67965 -2.37982 0 
dMomentum = 8.73867e-17 -3.03577e-17 0
dEnergy = 14.9738
0 1.21111 -2.31604 0 0.300162 -0.34094 0 
1 18.5333 20.5375 0 2.37942 2.7207 0 
2 -19.7444 -18.2214 0 -2.67958 -2.37976 0 
dMomentum = 8.54351e-17 -2.75387e-17 0
dEnergy = 14.9738
0 1.22612 -2.33309 0 0.300142 -0.340935 0 
1 18.6523 20.6735 0 2.37937 2.72064 0 
2 -19.8784 -18.3404 0 -2.67951 -2.37971 0 
dMomentum = 8.66278e-17 -2.81893e-17 0
dEnergy = 14.9738
0 1.24112 -2.35014 0 0.300121 -0.340931 0 
1 18.7713 20.8095 0 2.37932 2.72058 0 
2 -20.0124 -18.4594 0 -2.67944 -2.37965 0 
dMomentum = 8.92298e-17 -3.10082e-17 0
dEnergy = 14.9738
0 1.25613 -2.36718 0 0.300101 -0.340926 0 
1 18.8902 20.9456 0 2.37927 2.72053 0 
2 -20.1464 -18.5784 0 -2.67938 -2.3796 0 
dMomentum = 9.08561e-17 -2.81893e-17 0
dEnergy = 14.9738
0 1.27113 -2.38423 0 0.300081 -0.340921 0 
1 19.0092 21.0816 0 2.37923 2.72047 0 
2 -20.2803 -18.6974 0 -2.67931 -2.37955 0 
dMomentum = 8.99888e-17 -3.29597e-17 0
dEnergy = 14.9738
0 1.28614 -2.40127 0 0.300062 -0.340916 0 
1 19.1281 21.2176 0 2.37918 2.72041 0 
2 -20.4143 -18.8163 0 -2.67924 -2.37949 0 
dMomentum = 9.09646e-17 -3.46945e-17 0
dEnergy = 14.9738
0 1.30114 -2.41832 0 0.300042 -0.340911 0 
1 19.2471 21.3536 0 2.37914 2.72035 0 
2 -20.5482 -18.9353 0 -2.67918 -2.37944 0 
dMomentum = 8.91214e-17 -3.70797e-17 0
dEnergy = 14.9738
0 1.31614 -2.43537 0 0.300023 -0.340907 0 
1 19.3661 21.4897 0 2.37909 2.7203 0 
2 -20.6822 -19.0543 0 -2.67912 -2.37939 0 
dMomentum = 8.65193e-17 -4.33681e-17 0
dEnergy = 14.9738
0 1.33114 -2.45241 0 0.300004 -0.340902 0 
1 19.485 21.6257 0 2.37905 2.72024 0 
2 -20.8162 -19.1733 0 -2.67905 -2.37934 0 
dMomentum = 9.28077e-17 -4.57533e-17 0
dEnergy = 14.9738
0 1.34614 -2.46946 0 0.299986 -0.340897 0 
1 19.604 21.7617 0 2.379 2.72019 0 
2 -20.9501 -19.2922 0 -2.67899 -2.37929 0 
dMomentum = 9.57351e-17 -4.38018e-17 0
dEnergy = 14.9738
0 1.36114 -2.4865 0 0.299967 -0.340892 0 
1 19.7229 21.8977 0 2.37896 2.72014 0 
2 -21.0841 -19.4112 0 -2.67893 -2.37924 0 
dMomentum = 1.01915e-16 -4.05492e-17 0
dEnergy = 14.9738
0 1.37614 -2.50354 0 0.299949 -0.340887 0 
1 19.8419 22.0337 0 2.37892 2.72008 0 
2 -21.218 -19.5301 0 -2.67887 -2.37919 0 
dMomentum = 9.94213e-17 -4.22839e-17 0
dEnergy = 14.9738
0 1.39114 -2.52059 0 0.299931 -0.340883 0 
1 19.9608 22.1697 0 2.37888 2.72003 0 
2 -21.3519 -19.6491 0 -2.67881 -2.37915 0 
dMomentum = 9.69277e-17 -3.57787e-17 0
dEnergy = 14.9738
0 1.40613 -2.53763 0 0.299914 -0.340878 0 
1 20.0798 22.3057 0 2.37884 2.71998 0 
2 -21.4859 -19.7681 0 -2.67875 -2.3791 0 
dMomentum = 9.67108e-17 -4.11997e-17 0
dEnergy = 14.9738
0 1.42113 -2.55468 0 0.299896 -0.340873 0 
1 20.1987 22.4417 0 2.37879 2.71993 0 
2 -21.6198 -19.887 0 -2.67869 -2.37905 0 
dMomentum = 1.0018e-16 -4.18502e-17 0
dEnergy = 14.9738
0 1.43612 -2.57172 0 0.299879 -0.340868 0 
1 20.3176 22.5777 0 2.37875 2.71988 0 
2 -21.7538 -20.006 0 -2.67863 -2.37901 0 
dMomentum = 1.00072e-16 -4.27176e-17 0
dEnergy = 14.9738
0 1.45112 -2.58876 0 0.299862 -0.340864 0 
1 20.4366 22.7137 0 2.37871 2.71983 0 
2 -21.8877 -20.1249 0 -2.67858 -2.37896 0 
dMomentum = 9.74698e-17 -3.92481e-17 0
dEnergy = 14.9738
0 1.46611 -2.60581 0 0.299845 -0.340859 0 
1 20.5555 22.8497 0 2.37868 2.71978 0 
2 -22.0216 -20.2439 0 -2.67852 -2.37892 0 
dMomentum = 9.50845e-17 -4.42354e-17 0
dEnergy = 14.9738
0 1.4811 -2.62285 0 0.299829 -0.340854 0 
1 20.6744 22.9857 0 2.37864 2.71973 0 
2 -22.1555 -20.3628 0 -2.67846 -2.37887 0 
dMomentum = 9.17235e-17 -4.01155e-17 0
dEnergy = 14.9738
0 1.49609 -2.63989 0 0.299812 -0.34085 0 
1 20.7934 23.1216 0 2.3786 2.71968 0 
2 -22.2895 -20.4818 0 -2.67841 -2.37883 0 
dMomentum = 9.86624e-17 -3.55618e-17 0
dEnergy = 14.9738
0 1.51108 -2.65693 0 0.299796 -0.340845 0 
1 20.9123 23.2576 0 2.37856 2.71963 0 
2 -22.4234 -20.6007 0 -2.67836 -2.37879 0 
dMomentum = 1.00506e-16 -3.29597e-17 0
dEnergy = 14.9738
0 1.52607 -2.67398 0 0.29978 -0.34084 0 
1 21.0312 23.3936 0 2.37852 2.71958 0 
2 -22.5573 -20.7196 0 -2.6783 -2.37874 0 
dMomentum = 1.0777e-16 -3.16587e-17 0
dEnergy = 14.9738
0 1.54106 -2.69102 0 0.299764 -0.340836 0 
1 21.1501 23.5296 0 2.37848 2.71954 0 
2 -22.6912 -20.8386 0 -2.67825 -2.3787 0 
dMomentum = 1.08312e-16 -3.01408e-17 0
dEnergy = 14.9738
0 1.55605 -2.70806 0 0.299749 -0.340831 0 
1 21.2691 23.6656 0 2.37845 2.71949 0 
2 -22.8251 -20.9575 0 -2.6782 -2.37866 0 
dMomentum = 1.06035e-16 -2.47198e-17 0
dEnergy = 14.9738
0 1.57103 -2.7251 0 0.299733 -0.340826 0 
1 21.388 23.8015 0 2.37841 2.71945 0 
2 -22.959 -21.0764 0 -2.67814 -2.37862 0 
dMomentum = 1.07444e-16 -2.68882e-17 0
dEnergy = 14.9738
0 1.58602 -2.74214 0 0.299718 -0.340822 0 
1 21.5069 23.9375 0 2.37838 2.7194 0 
2 -23.0929 -21.1954 0 -2.67809 -2.37858 0 
dMomentum = 1.09938e-16 -3.42608e-17 0
dEnergy = 14.9738
0 1.60101 -2.75918 0 0.299703 -0.340817 0 
1 21.6258 24.0735 0 2.37834 2.71936 0 
2 -23.2268 -21.3143 0 -2.67804 -2.37854 0 
dMomentum = 1.11673e-16 -3.68629e-17 0
dEnergy = 14.9738
0 1.61599 -2.77622 0 0.299688 -0.340813 0 
1 21.7447 24.2094 0 2.37831 2.71931 0 
2 -23.3607 -21.4332 0 -2.67799 -2.3785 0 
dMomentum = 1.1189e-16 -3.68629e-17 0
dEnergy = 14.9738
0 1.63097 -2.79326 0 0.299673 -0.340808 0 
1 21.8637 24.3454 0 2.37827 2.71927 0 
2 -23.4946 -21.5521 0 -2.67794 -2.37846 0 
dMomentum = 1.17202e-16 -4.2067e-17 0
dEnergy = 14.9738
0 1.64596 -2.81031 0 0.299658 -0.340803 0 
1 21.9826 24.4814 0 2.37824 2.71922 0 
2 -23.6285 -21.6711 0 -2.67789 -2.37842 0 
dMomentum = 1.18503e-16 -4.22839e-17 0
dEnergy = 14.9738
0 1.66094 -2.82735 0 0.299644 -0.340799 0 
1 22.1015 24.6173 0 2.3782 2.71918 0 
2 -23.7624 -21.79 0 -2.67785 -2.37838 0 
dMomentum = 1.17094e-16 -4.18502e-17 0
dEnergy = 14.9738
0 1.67592 -2.84439 0 0.29963 -0.340794 0 
1 22.2204 24.7533 0 2.37817 2.71914 0 
2 -23.8963 -21.9089 0 -2.6778 -2.37834 0 
dMomentum = 1.1666e-16 -4.85723e-17 0
dEnergy = 14.9738
0 1.6909 -2.86142 0 0.299616 -0.34079 0 
1 22.3393 24.8892 0 2.37814 2.7191 0 
2 -24.0302 -22.0278 0 -2.67775 -2.37831 0 
dMomentum = 1.1666e-16 -4.46691e-17 0
dEnergy = 14.9738
0 1.70588 -2.87846 0 0.299602 -0.340785 0 
1 22.4582 25.0252 0 2.3781 2.71906 0 
2 -24.1641 -22.1467 0 -2.6777 -2.37827 0 
dMomentum = 1.24575e-16 -4.72712e-17 0
dEnergy = 14.9738
0 1.72086 -2.8955 0 0.299588 -0.340781 0 
1 22.5771 25.1611 0 2.37807 2.71901 0 
2 -24.298 -22.2656 0 -2.67766 -2.37823 0 
dMomentum = 1.20346e-16 -4.53197e-17 0
dEnergy = 14.9738
0 1.73584 -2.91254 0 0.299574 -0.340776 0 
1 22.696 25.2971 0 2.37804 2.71897 0 
2 -24.4319 -22.3846 0 -2.67761 -2.3782 0 
dMomentum = 1.26526e-16 -5.05238e-17 0
dEnergy = 14.9738
0 1.75082 -2.92958 0 0.299561 -0.340772 0 
1 22.8149 25.433 0 2.37801 2.71893 0 
2 -24.5657 -22.5035 0 -2.67757 -2.37816 0 
dMomentum = 1.29345e-16 -5.48606e-17 0
dEnergy = 14.9738
0 1.7658 -2.94662 0 0.299548 -0.340768 0 
1 22.9338 25.569 0 2.37797 2.71889 0 
2 -24.6996 -22.6224 0 -2.67752 -2.37813 0 
dMomentum = 1.28586e-16 -6.15827e-17 0
dEnergy = 14.9738
0 1.78078 -2.96366 0 0.299534 -0.340763 0 
1 23.0527 25.7049 0 2.37794 2.71885 0 
2 -24.8335 -22.7413 0 -2.67748 -2.37809 0 
dMomentum = 1.28261e-16 -6.17995e-17 0
dEnergy = 14.9738
0 1.79575 -2.9807 0 0.299521 -0.340759 0 
1 23.1716 25.8409 0 2.37791 2.71882 0 
2 -24.9674 -22.8602 0 -2.67743 -2.37806 0 
dMomentum = 1.31405e-16 -6.89553e-17 0
dEnergy = 14.9738
0 1.81073 -2.99773 0 0.299508 -0.340755 0 
1 23.2905 25.9768 0 2.37788 2.71878 0 
2 -25.1012 -22.9791 0 -2.67739 -2.37802 0 
dMomentum = 1.29454e-16 -7.069e-17 0
dEnergy = 14.9738
0 1.8257 -3.01477 0 0.299496 -0.34075 0 
1 23.4094 26.1128 0 2.37785 2.71874 0 
2 -25.2351 -23.098 0 -2.67735 -2.37799 0 
dMomentum = 1.27285e-16 -7.52436e-17 0
dEnergy = 14.9738
0 1.84068 -3.03181 0 0.299483 -0.340746 0 
1 23.5283 26.2487 0 2.37782 2.7187 0 
2 -25.369 -23.2169 0 -2.67731 -2.37795 0 
dMomentum = 1.27068e-16 -7.56773e-17 0
dEnergy = 14.9738
0 1.85565 -3.04885 0 0.29947 -0.340742 0 
1 23.6472 26.3846 0 2.37779 2.71866 0 
2 -25.5028 -23.3358 0 -2.67726 -2.37792 0 
dMomentum = 1.2902e-16 -7.52436e-17 0
dEnergy = 14.9738
0 1.87062 -3.06588 0 0.299458 -0.340737 0 
1 23.7661 26.5206 0 2.37776 2.71863 0 
2 -25.6367 -23.4547 0 -2.67722 -2.37789 0 
dMomentum = 1.20997e-16 -7.63278e-17 0
dEnergy = 14.9738
0 1.8856 -3.08292 0 0.299446 -0.340733 0 
1 23.885 26.6565 0 2.37773 2.71859 0 
2 -25.7706 -23.5736 0 -2.67718 -2.37786 0 
dMomentum = 1.2425e-16 -7.30752e-17 0
dEnergy = 14.9738
0 1.90057 -3.09996 0 0.299434 -0.340729 0 
1 24.0038 26.7924 0 2.37771 2.71855 0 
2 -25.9044 -23.6925 0 -2.67714 -2.37782 0 
dMomentum = 1.22515e-16 -8.00141e-17 0
dEnergy = 14.9738
0 1.91554 -3.11699 0 0.299422 -0.340725 0 
1 24.1227 26.9283 0 2.37768 2.71852 0 
2 -26.0383 -23.8113 0 -2.6771 -2.37779 0 
dMomentum = 1.24358e-16 -7.91468e-17 0
dEnergy = 14.9738
0 1.93051 -3.13403 0 0.29941 -0.34072 0 
1 24.2416 27.0643 0 2.37765 2.71848 0 
2 -26.1721 -23.9302 0 -2.67706 -2.37776 0 
dMomentum = 1.2078e-16 -8.0231e-17 0
dEnergy = 14.9738
0 1.94548 -3.15106 0 0.299398 -0.340716 0 
1 24.3605 27.2002 0 2.37762 2.71845 0 
2 -26.306 -24.0491 0 -2.67702 -2.37773 0 
dMomentum = 1.23924e-16 -8.63025e-17 0
dEnergy = 14.9738
0 1.96045 -3.1681 0 0.299386 -0.340712 0 
1 24.4794 27.3361 0 2.37759 2.71841 0 
2 -26.4398 -24.168 0 -2.67698 -2.3777 0 
dMomentum = 1.25334e-16 -8.86877e-17 0
dEnergy = 14.9738
0 1.97542 -3.18514 0 0.299375 -0.340708 0 
1 24.5982 27.472 0 2.37757 2.71838 0 
2 -26.5737 -24.2869 0 -2.67694 -2.37767 0 
dMomentum = 1.27285e-16 -8.80372e-17 0
dEnergy = 14.9738
0 1.99039 -3.20217 0 0.299364 -0.340704 0 
1 24.7171 27.6079 0 2.37754 2.71834 0 
2 -26.7075 -24.4058 0 -2.6769 -2.37764 0 
dMomentum = 1.25442e-16 -8.45678e-17 0
dEnergy = 14.9738
0 2.00536 -3.21921 0 0.299352 -0.3407 0 
1 24.836 27.7439 0 2.37751 2.71831 0 
2 -26.8414 -24.5247 0 -2.67687 -2.37761 0 
dMomentum = 1.21864e-16 -8.78204e-17 0
dEnergy = 14.9738
0 2.02032 -3.23624 0 0.299341 -0.340696 0 
1 24.9549 27.8798 0 2.37749 2.71828 0 
2 -26.9752 -24.6435 0 -2.67683 -2.37758 0 
dMomentum = 1.2631e-16 -8.65193e-17 0
dEnergy = 14.9738
0 2.03529 -3.25328 0 0.29933 -0.340691 0 
1 25.0738 28.0157 0 2.37746 2.71824 0 
2 -27.109 -24.7624 0 -2.67679 -2.37755 0 
dMomentum = 1.26635e-16 -8.43509e-17 0
dEnergy = 14.9738
0 2.05026 -3.27031 0 0.299319 -0.340687 0 
1 25.1926 28.1516 0 2.37743 2.71821 0 
2 -27.2429 -24.8813 0 -2.67675 -2.37752 0 
dMomentum = 1.30972e-16 -8.65193e-17 0
dEnergy = 14.9738
0 2.06522 -3.28734 0 0.299308 -0.340683 0 
1 25.3115 28.2875 0 2.37741 2.71818 0 
2 -27.3767 -25.0002 0 -2.67672 -2.37749 0 
dMomentum = 1.30972e-16 -7.97973e-17 0
dEnergy = 14.9738
0 2.08019 -3.30438 0 0.299298 -0.340679 0 
1 25.4304 28.4234 0 2.37738 2.71814 0 
2 -27.5106 -25.119 0 -2.67668 -2.37746 0 
dMomentum = 1.26418e-16 -8.08815e-17 0
dEnergy = 14.9738
0 2.09515 -3.32141 0 0.299287 -0.340675 0 
1 25.5492 28.5593 0 2.37736 2.71811 0 
2 -27.6444 -25.2379 0 -2.67665 -2.37744 0 
dMomentum = 1.23707e-16 -8.43509e-17 0
dEnergy = 14.9738
0 2.11012 -3.33845 0 0.299276 -0.340671 0 
1 25.6681 28.6952 0 2.37733 2.71808 0 
2 -27.7782 -25.3568 0 -2.67661 -2.37741 0 
dMomentum = 1.19696e-16 -8.41341e-17 0
dEnergy = 14.9738
0 2.12508 -3.35548 0 0.299266 -0.340668 0 
1 25.787 28.8311 0 2.37731 2.71805 0 
2 -27.912 -25.4757 0 -2.67657 -2.37738 0 
dMomentum = 1.22298e-16 -8.45678e-17 0
dEnergy = 14.9738
0 2.14004 -3.37251 0 0.299256 -0.340664 0 
1 25.9058 28.967 0 2.37728 2.71802 0 
2 -28.0459 -25.5945 0 -2.67654 -2.37735 0 
dMomentum = 1.15034e-16 -8.67362e-17 0
dEnergy = 14.9738
0 2.15501 -3.38955 0 0.299245 -0.34066 0 
1 26.0247 29.1029 0 2.37726 2.71799 0 
2 -28.1797 -25.7134 0 -2.67651 -2.37733 0 
dMomentum = 1.16118e-16 -8.47846e-17 0
dEnergy = 14.9738
0 2.16997 -3.40658 0 0.299235 -0.340656 0 
1 26.1436 29.2388 0 2.37724 2.71796 0 
2 -28.3135 -25.8323 0 -2.67647 -2.3773 0 
dMomentum = 1.17311e-16 -8.1532e-17 0
dEnergy = 14.9738
0 2.18493 -3.42361 0 0.299225 -0.340652 0 
1 26.2624 29.3747 0 2.37721 2.71793 0 
2 -28.4473 -25.9511 0 -2.67644 -2.37727 0 
dMomentum = 1.22406e-16 -7.82794e-17 0
dEnergy = 14.9738
0 2.19989 -3.44064 0 0.299215 -0.340648 0 
1 26.3813 29.5106 0 2.37719 2.7179 0 
2 -28.5812 -26.07 0 -2.6764 -2.37725 0 
dMomentum = 1.19696e-16 -7.37257e-17 0
dEnergy = 14.9738
0 2.21485 -3.45768 0 0.299205 -0.340644 0 
1 26.5001 29.6465 0 2.37717 2.71787 0 
2 -28.715 -26.1888 0 -2.67637 -2.37722 0 
dMomentum = 1.15684e-16 -6.78711e-17 0
dEnergy = 14.9738
0 2.22981 -3.47471 0 0.299196 -0.34064 0 
1 26.619 29.7824 0 2.37714 2.71784 0 
2 -28.8488 -26.3077 0 -2.67634 -2.3772 0 
dMomentum = 1.14275e-16 -6.50521e-17 0
dEnergy = 14.9738
0 2.24477 -3.49174 0 0.299186 -0.340637 0 
1 26.7379 29.9183 0 2.37712 2.71781 0 
2 -28.9826 -26.4266 0 -2.67631 -2.37717 0 
dMomentum = 1.16877e-16 -5.87638e-17 0
dEnergy = 14.9738
0 2.25973 -3.50877 0 0.299176 -0.340633 0 
1 26.8567 30.0542 0 2.3771 2.71778 0 
2 -29.1164 -26.5454 0 -2.67627 -2.37714 0 
dMomentum = 1.22406e-16 -5.52943e-17 0
dEnergy = 14.9738
0 2.27469 -3.5258 0 0.299167 -0.340629 0 
1 26.9756 30.1901 0 2.37707 2.71775 0 
2 -29.2502 -26.6643 0 -2.67624 -2.37712 0 
dMomentum = 1.20346e-16 -5.55112e-17 0
dEnergy = 14.9738
0 2.28965 -3.54283 0 0.299158 -0.340625 0 
1 27.0944 30.326 0 2.37705 2.71772 0 
2 -29.3841 -26.7831 0 -2.67621 -2.37709 0 
dMomentum = 1.23599e-16 -5.26922e-17 0
dEnergy = 14.9738
0 2.3046 -3.55987 0 0.299148 -0.340622 0 
1 27.2133 30.4619 0 2.37703 2.71769 0 
2 -29.5179 -26.902 0 -2.67618 -2.37707 0 
dMomentum = 1.26635e-16 -5.05238e-17 0
dEnergy = 14.9738
0 2.31956 -3.5769 0 0.299139 -0.340618 0 
1 27.3321 30.5977 0 2.37701 2.71766 0 
2 -29.6517 -27.0208 0 -2.67615 -2.37705 0 
dMomentum = 1.23165e-16 -4.94396e-17 0
dEnergy = 14.9738
0 2.33452 -3.59393 0 0.29913 -0.340614 0 
1 27.451 30.7336 0 2.37699 2.71764 0 
2 -29.7855 -27.1397 0 -2.67612 -2.37702 0 
dMomentum = 1.21756e-16 -4.59702e-17 0
dEnergy = 14.9738
0 2.3495 -3.61099 0 0.299121 -0.340611 0 
1 27.5701 30.8698 0 2.37696 2.71761 0 
2 -29.9196 -27.2588 0 -2.67609 -2.377 0 
dMomentum = 1.24466e-16 -4.87891e-17 0
dEnergy = 14.9738
0 2.36449 -3.62806 0 0.299112 -0.340607 0 
1 27.6891 31.0059 0 2.37694 2.71758 0 
2 -30.0536 -27.3779 0 -2.67605 -2.37697 0 
dMomentum = 1.18829e-16 -4.87891e-17 0
dEnergy = 14.9738
0 2.37947 -3.64512 0 0.299103 -0.340603 0 
1 27.8082 31.1421 0 2.37692 2.71755 0 
2 -30.1877 -27.497 0 -2.67602 -2.37695 0 
dMomentum = 1.10263e-16 -4.4886e-17 0
dEnergy = 14.9738
0 2.39446 -3.66219 0 0.299094 -0.3406 0 
1 27.9273 31.2782 0 2.3769 2.71753 0 
2 -30.3218 -27.616 0 -2.676 -2.37693 0 
dMomentum = 1.1872e-16 -4.22839e-17 0
dEnergy = 14.9738
0 2.40944 -3.67925 0 0.299085 -0.340596 0 
1 28.0464 31.4144 0 2.37688 2.7175 0 
2 -30.4558 -27.7351 0 -2.67597 -2.3769 0 
dMomentum = 1.13516e-16 -4.05492e-17 0
dEnergy = 14.9738
0 2.42443 -3.69631 0 0.299077 -0.340593 0 
1 28.1655 31.5505 0 2.37686 2.71747 0 
2 -30.5899 -27.8542 0 -2.67594 -2.37688 0 
dMomentum = 1.11348e-16 -4.01155e-17 0
dEnergy = 14.9738
0 2.43941 -3.71338 0 0.299068 -0.340589 0 
1 28.2846 31.6867 0 2.37684 2.71745 0 
2 -30.724 -27.9733 0 -2.67591 -2.37686 0 
dMomentum = 1.14058e-16 -3.33934e-17 0
dEnergy = 14.9738
0 2.45439 -3.73044 0 0.299059 -0.340586 0 
1 28.4036 31.8228 0 2.37682 2.71742 0 
2 -30.858 -28.0924 0 -2.67588 -2.37684 0 
dMomentum = 1.12432e-16 -3.44776e-17 0
dEnergy = 14.9738
0 2.46938 -3.7475 0 0.299051 -0.340582 0 
1 28.5227 31.959 0 2.3768 2.7174 0 
2 -30.9921 -28.2114 0 -2.67585 -2.37681 0 
dMomentum = 1.12323e-16 -3.29597e-17 0
dEnergy = 14.9738
0 2.48436 -3.76457 0 0.299043 -0.340579 0 
1 28.6418 32.0951 0 2.37678 2.71737 0 
2 -31.1261 -28.3305 0 -2.67582 -2.37679 0 
dMomentum = 1.15576e-16 -3.44776e-17 0
dEnergy = 14.9738
0 2.49934 -3.78163 0 0.299034 -0.340575 0 
1 28.7609 32.2312 0 2.37676 2.71734 0 
2 -31.2602 -28.4496 0 -2.67579 -2.37677 0 
dMomentum = 1.19696e-16 -3.88144e-17 0
dEnergy = 14.9738
0 2.51432 -3.79869 0 0.299026 -0.340572 0 
1 28.8799 32.3674 0 2.37674 2.71732 0 
2 -31.3943 -28.5687 0 -2.67577 -2.37675 0 
dMomentum = 1.18937e-16 -3.44776e-17 0
dEnergy = 14.9738
0 2.5293 -3.81575 0 0.299018 -0.340568 0 
1 28.999 32.5035 0 2.37672 2.71729 0 
2 -31.5283 -28.6878 0 -2.67574 -2.37673 0 
dMomentum = 1.16985e-16 -3.51282e-17 0
dEnergy = 14.9738
0 2.54428 -3.83282 0 0.29901 -0.340565 0 
1 29.1181 32.6396 0 2.3767 2.71727 0 
2 -31.6624 -28.8068 0 -2.67571 -2.37671 0 
dMomentum = 1.16877e-16 -3.38271e-17 0
dEnergy = 14.9738
0 2.55926 -3.84988 0 0.299002 -0.340561 0 
1 29.2372 32.7758 0 2.37668 2.71725 0 
2 -31.7964 -28.9259 0 -2.67568 -2.37668 0 
dMomentum = 1.21105e-16 -3.59955e-17 0
dEnergy = 14.9738
0 2.57424 -3.86694 0 0.298994 -0.340558 0 
1 29.3562 32.9119 0 2.37666 2.71722 0 
2 -31.9305 -29.045 0 -2.67566 -2.37666 0 
dMomentum = 1.20021e-16 -3.68629e-17 0
dEnergy = 14.9738
0 2.58922 -3.884 0 0.298986 -0.340555 0 
1 29.4753 33.048 0 2.37664 2.7172 0 
2 -32.0645 -29.164 0 -2.67563 -2.37664 0 
dMomentum = 1.22298e-16 -3.88144e-17 0
dEnergy = 14.9738
0 2.6042 -3.90106 0 0.298978 -0.340551 0 
1 29.5944 33.1842 0 2.37663 2.71717 0 
2 -32.1986 -29.2831 0 -2.6756 -2.37662 0 
dMomentum = 1.23599e-16 -3.96818e-17 0
dEnergy = 14.9738
0 2.61918 -3.91813 0 0.29897 -0.340548 0 
1 29.7134 33.3203 0 2.37661 2.71715 0 
2 -32.3326 -29.4022 0 -2.67558 -2.3766 0 
dMomentum = 1.20997e-16 -4.94396e-17 0
dEnergy = 14.9738
0 2.63416 -3.93519 0 0.298963 -0.340545 0 
1 29.8325 33.4564 0 2.37659 2.71713 0 
2 -32.4667 -29.5212 0 -2.67555 -2.37658 0 
dMomentum = 1.20563e-16 -4.59702e-17 0
dEnergy = 14.9738
0 2.64914 -3.95225 0 0.298955 -0.340541 0 
1 29.9516 33.5926 0 2.37657 2.7171 0 
2 -32.6007 -29.6403 0 -2.67552 -2.37656 0 
dMomentum = 1.21214e-16 -4.92228e-17 0
dEnergy = 14.9738
0 2.66411 -3.96931 0 0.298947 -0.340538 0 
1 30.0706 33.7287 0 2.37655 2.71708 0 
2 -32.7347 -29.7594 0 -2.6755 -2.37654 0 
dMomentum = 1.21539e-16 -4.85723e-17 0
dEnergy = 14.9738
0 2.67909 -3.98637 0 0.29894 -0.340535 0 
1 30.1897 33.8648 0 2.37653 2.71706 0 
2 -32.8688 -29.8784 0 -2.67547 -2.37652 0 
dMomentum = 1.2078e-16 -4.35849e-17 0
dEnergy = 14.9738
0 2.69407 -4.00343 0 0.298932 -0.340531 0 
1 30.3088 34.0009 0 2.37652 2.71703 0 
2 -33.0028 -29.9975 0 -2.67545 -2.3765 0 
dMomentum = 1.22298e-16 -5.26922e-17 0
dEnergy = 14.9738
0 2.70904 -4.02049 0 0.298925 -0.340528 0 
1 30.4278 34.1371 0 2.3765 2.71701 0 
2 -33.1369 -30.1166 0 -2.67542 -2.37648 0 
dMomentum = 1.27611e-16 -5.5728e-17 0
dEnergy = 14.9738
0 2.72402 -4.03755 0 0.298918 -0.340525 0 
1 30.5469 34.2732 0 2.37648 2.71699 0 
2 -33.2709 -30.2356 0 -2.6754 -2.37646 0 
dMomentum = 1.23491e-16 -6.5269e-17 0
dEnergy = 14.9738
0 2.739 -4.05461 0 0.29891 -0.340522 0 
1 30.666 34.4093 0 2.37646 2.71697 0 
2 -33.4049 -30.3547 0 -2.67537 -2.37644 0 
dMomentum = 1.21214e-16 -6.85216e-17 0
dEnergy = 14.9738
0 2.75397 -4.07167 0 0.298903 -0.340519 0 
1 30.785 34.5454 0 2.37645 2.71694 0 
2 -33.539 -30.4737 0 -2.67535 -2.37642 0 
dMomentum = 1.24683e-16 -7.1991e-17 0
dEnergy = 14.9738
0 2.76895 -4.08873 0 0.298896 -0.340515 0 
1 30.9041 34.6815 0 2.37643 2.71692 0 
2 -33.673 -30.5928 0 -2.67533 -2.37641 0 
dMomentum = 1.27068e-16 -7.28584e-17 0
dEnergy = 14.9738
0 2.78392 -4.10579 0 0.298889 -0.340512 0 
1 31.0231 34.8177 0 2.37641 2.7169 0 
2 -33.807 -30.7119 0 -2.6753 -2.37639 0 
dMomentum = 1.27177e-16 -7.67615e-17 0
dEnergy = 14.9738
0 2.79889 -4.12285 0 0.298882 -0.340509 0 
1 31.1422 34.9538 0 2.3764 2.71688 0 
2 -33.9411 -30.8309 0 -2.67528 -2.37637 0 
dMomentum = 1.23165e-16 -8.52183e-17 0
dEnergy = 14.9738
0 2.81387 -4.13991 0 0.298875 -0.340506 0 
1 31.2612 35.0899 0 2.37638 2.71686 0 
2 -34.0751 -30.95 0 -2.67525 -2.37635 0 
dMomentum = 1.27502e-16 -8.45678e-17 0
dEnergy = 14.9738
0 2.82884 -4.15697 0 0.298868 -0.340503 0 
1 31.3803 35.226 0 2.37636 2.71684 0 
2 -34.2091 -31.069 0 -2.67523 -2.37633 0 
dMomentum = 1.29887e-16 -8.04478e-17 0
dEnergy = 14.9738
0 2.84382 -4.17403 0 0.298861 -0.3405 0 
1 31.4994 35.3621 0 2.37635 2.71681 0 
2 -34.3432 -31.1881 0 -2.67521 -2.37631 0 
dMomentum = 1.26201e-16 -8.32667e-17 0
dEnergy = 14.9738
0 2.85879 -4.19109 0 0.298854 -0.340497 0 
1 31.6184 35.4982 0 2.37633 2.71679 0 
2 -34.4772 -31.3071 0 -2.67518 -2.3763 0 
dMomentum = 1.26526e-16 -8.86877e-17 0
dEnergy = 14.9738
0 2.87376 -4.20815 0 0.298847 -0.340494 0 
1 31.7375 35.6343 0 2.37631 2.71677 0 
2 -34.6112 -31.4262 0 -2.67516 -2.37628 0 
dMomentum = 1.32056e-16 -8.63025e-17 0
dEnergy = 14.9738
0 2.88873 -4.22521 0 0.298841 -0.340491 0 
1 31.8565 35.7704 0 2.3763 2.71675 0 
2 -34.7452 -31.5452 0 -2.67514 -2.37626 0 
dMomentum = 1.38344e-16 -8.52183e-17 0
dEnergy = 14.9738
0 2.9037 -4.24226 0 0.298834 -0.340488 0 
1 31.9756 35.9066 0 2.37628 2.71673 0 
2 -34.8793 -31.6643 0 -2.67512 -2.37624 0 
dMomentum = 1.45283e-16 -8.2833e-17 0
dEnergy = 14.9738
0 2.91868 -4.25932 0 0.298827 -0.340485 0 
1 32.0946 36.0427 0 2.37627 2.71671 0 
2 -35.0133 -31.7833 0 -2.67509 -2.37623 0 
dMomentum = 1.54174e-16 -8.58688e-17 0
dEnergy = 14.9738
0 2.93365 -4.27638 0 0.298821 -0.340482 0 
1 32.2137 36.1788 0 2.37625 2.71669 0 
2 -35.1473 -31.9024 0 -2.67507 -2.37621 0 
dMomentum = 1.5374e-16 -8.93383e-17 0
dEnergy = 14.9738
0 2.94862 -4.29344 0 0.298814 -0.340479 0 
1 32.3327 36.3149 0 2.37623 2.71667 0 
2 -35.2813 -32.0214 0 -2.67505 -2.37619 0 
dMomentum = 1.5439e-16 -8.73867e-17 0
dEnergy = 14.9738
0 2.96359 -4.3105 0 0.298808 -0.340476 0 
1 32.4518 36.451 0 2.37622 2.71665 0 
2 -35.4154 -32.1405 0 -2.67503 -2.37617 0 
dMomentum = 1.55149e-16 -8.45678e-17 0
dEnergy = 14.9738
0 2.97856 -4.32756 0 0.298801 -0.340473 0 
1 32.5708 36.5871 0 2.3762 2.71663 0 
2 -35.5494 -32.2595 0 -2.67501 -2.37616 0 
dMomentum = 1.4821e-16 -8.65193e-17 0
dEnergy = 14.9738
0 2.99353 -4.34461 0 0.298795 -0.34047 0 
1 32.6899 36.7232 0 2.37619 2.71661 0 
2 -35.6834 -32.3786 0 -2.67498 -2.37614 0 
dMomentum = 1.48969e-16 -8.41341e-17 0
dEnergy = 14.9738
0 3.0085 -4.36167 0 0.298789 -0.340467 0 
1 32.8089 36.8593 0 2.37617 2.71659 0 
2 -35.8174 -32.4976 0 -2.67496 -2.37612 0 
dMomentum = 1.46909e-16 -8.65193e-17 0
dEnergy = 14.9738
0 3.02347 -4.37873 0 0.298782 -0.340464 0 
1 32.928 36.9954 0 2.37616 2.71657 0 
2 -35.9514 -32.6167 0 -2.67494 -2.37611 0 
dMomentum = 1.44524e-16 -8.19657e-17 0
dEnergy = 14.9738
0 3.03844 -4.39578 0 0.298776 -0.340461 0 
1 33.047 37.1315 0 2.37614 2.71655 0 
2 -36.0854 -32.7357 0 -2.67492 -2.37609 0 
dMomentum = 1.47668e-16 -7.91468e-17 0
dEnergy = 14.9738
0 3.0534 -4.41284 0 0.29877 -0.340458 0 
1 33.166 37.2676 0 2.37613 2.71653 0 
2 -36.2195 -32.8547 0 -2.6749 -2.37608 0 
dMomentum = 1.50487e-16 -7.50268e-17 0
dEnergy = 14.9738
0 3.06837 -4.4299 0 0.298764 -0.340455 0 
1 33.2851 37.4037 0 2.37611 2.71651 0 
2 -36.3535 -32.9738 0 -2.67488 -2.37606 0 
dMomentum = 1.53957e-16 -7.76289e-17 0
dEnergy = 14.9738
0 3.08334 -4.44696 0 0.298758 -0.340453 0 
1 33.4041 37.5398 0 2.3761 2.7165 0 
2 -36.4875 -33.0928 0 -2.67486 -2.37604 0 
dMomentum = 1.57643e-16 -8.08815e-17 0
dEnergy = 14.9738
0 3.09831 -4.46401 0 0.298752 -0.34045 0 
1 33.5232 37.6759 0 2.37609 2.71648 0 
2 -36.6215 -33.2119 0 -2.67484 -2.37603 0 
