dMomentum = 0 0 0
dEnergy = 0
0 -1 0 0 0.383444 0.377364 0 
1 1 0 0 0.383444 0.377364 0 
2 0 0 0 -0.766887 -0.754727 0 
dMomentum = 0 7.86047e-19 0
dEnergy = 7.63274e-11
0 -0.979171 0.01888 0 0.449113 0.375765 0 
1 1.01769 0.0188841 0 0.32356 0.376094 0 
2 -0.0385176 -0.0377641 0 -0.772674 -0.751859 0 
dMomentum = 1.89735e-19 2.71051e-19 0
dEnergy = 3.0986e-10
0 -0.954886 0.0375844 0 0.521557 0.370122 0 
1 1.0325 0.0376511 0 0.268622 0.372808 0 
2 -0.0776175 -0.0752355 0 -0.79018 -0.74293 0 
dMomentum = -1.93801e-18 4.06576e-19 0
dEnergy = 7.1229e-10
0 -0.926778 0.0558713 0 0.601929 0.358773 0 
1 1.04467 0.0562164 0 0.217906 0.368132 0 
2 -0.117896 -0.112088 0 -0.819835 -0.726905 0 
dMomentum = -4.40457e-18 1.11131e-18 0
dEnergy = 1.29357e-09
0 -0.894418 0.0733987 0 0.69155 0.339322 0 
1 1.0544 0.0745226 0 0.170779 0.362535 0 
2 -0.159979 -0.147921 0 -0.862329 -0.701857 0 
dMomentum = -4.3097e-18 1.76183e-18 0
dEnergy = 2.03339e-09
0 -0.857307 0.0896779 0 0.791844 0.308227 0 
1 1.06184 0.092533 0 0.12668 0.356374 0 
2 -0.204531 -0.182211 0 -0.918524 -0.664601 0 
dMomentum = -3.84892e-18 3.55076e-18 0
dEnergy = 2.7951e-09
0 -0.814875 0.104001 0 0.904096 0.260149 0 
1 1.06713 0.110226 0 0.0850916 0.349921 0 
2 -0.252257 -0.214227 0 -0.989188 -0.61007 0 
dMomentum = -2.6834e-18 2.81893e-18 0
dEnergy = 3.07344e-09
0 -0.766507 0.115327 0 1.02877 0.186926 0 
1 1.0704 0.127594 0 0.0455213 0.343377 0 
2 -0.30389 -0.242921 0 -1.0743 -0.530303 0 
dMomentum = -2.71051e-18 2.41235e-18 0
dEnergy = 1.28953e-09
0 -0.711617 0.122107 0 1.16374 0.076143 0 
1 1.07172 0.144634 0 0.007479 0.336886 0 
2 -0.360103 -0.266741 0 -1.17122 -0.413029 0 
dMomentum = -8.0231e-18 3.14419e-18 0
dEnergy = -6.93029e-09
0 -0.649871 0.122034 0 1.29996 -0.090076 0 
1 1.07116 0.161352 0 -0.0295473 0.330527 0 
2 -0.421292 -0.283385 0 -1.27041 -0.240451 0 
dMomentum = -9.81203e-18 4.2826e-18 0
dEnergy = -3.12087e-08
0 -0.581739 0.111801 0 1.41255 -0.332627 0 
1 1.06877 0.177755 0 -0.0661117 0.324296 0 
2 -0.487027 -0.289556 0 -1.34644 0.0083305 0 
dMomentum = -1.02457e-17 3.57787e-18 0
dEnergy = -8.08288e-08
0 -0.509581 0.0872758 0 1.44964 -0.658921 0 
1 1.06454 0.193846 0 -0.102808 0.318069 0 
2 -0.554956 -0.281122 0 -1.34683 0.340852 0 
dMomentum = -9.32414e-18 4.55365e-18 0
dEnergy = -1.3032e-07
0 -0.438896 0.0450987 0 1.34435 -1.02298 0 
1 1.05845 0.20962 0 -0.140195 0.311545 0 
2 -0.619558 -0.254719 0 -1.20415 0.711436 0 
dMomentum = -7.64363e-18 3.79471e-18 0
dEnergy = -1.18643e-07
0 -0.37748 -0.0139662 0 1.08751 -1.31267 0 
1 1.05047 0.225051 0 -0.17861 0.304259 0 
2 -0.672992 -0.211084 0 -0.908902 1.00841 0 
dMomentum = -7.10152e-18 2.05998e-18 0
dEnergy = -6.23738e-08
0 -0.330905 -0.0837635 0 0.772047 -1.44693 0 
1 1.04054 0.240087 0 -0.21798 0.295745 0 
2 -0.709636 -0.156323 0 -0.554067 1.15118 0 
dMomentum = -7.10152e-18 2.38524e-18 0
dEnergy = -2.07302e-08
0 -0.2994 -0.156708 0 0.49706 -1.44818 0 
1 1.02862 0.254659 0 -0.257904 0.285757 0 
2 -0.729221 -0.097951 0 -0.239155 1.16243 0 
dMomentum = -7.75205e-18 1.51788e-18 0
dEnergy = -3.13881e-09
0 -0.27986 -0.227705 0 0.29496 -1.3787 0 
1 1.0147 0.268695 0 -0.297931 0.274323 0 
2 -0.734837 -0.0409906 0 0.00297167 1.10437 0 
dMomentum = -8.40257e-18 3.68629e-18 0
dEnergy = 2.06525e-09
0 -0.268777 -0.294421 0 0.156634 -1.28247 0 
1 0.998772 0.282126 0 -0.337764 0.261643 0 
2 -0.729995 0.0122948 0 0.181131 1.02083 0 
dMomentum = -8.5652e-18 2.1684e-18 0
dEnergy = 2.757e-09
0 -0.263398 -0.356124 0 0.0643912 -1.1808 0 
1 0.980858 0.294895 0 -0.377302 0.247962 0 
2 -0.71746 0.061229 0 0.312911 0.932836 0 
dMomentum = -8.5652e-18 1.51788e-18 0
dEnergy = 2.14133e-09
0 -0.261801 -0.412791 0 0.00362653 -1.08221 0 
1 0.96097 0.306959 0 -0.416603 0.233507 0 
2 -0.699168 0.105832 0 0.412976 0.848707 0 
dMomentum = -7.58942e-18 3.25261e-18 0
dEnergy = 1.31082e-09
0 -0.26268 -0.464662 0 -0.03578 -0.989533 0 
1 0.939116 0.318283 0 -0.455836 0.218457 0 
2 -0.676436 0.146379 0 0.491616 0.771076 0 
dMomentum = -7.58942e-18 3.03577e-18 0
dEnergy = 5.9543e-10
0 -0.265137 -0.511959 0 -0.0604726 -0.903388 0 
1 0.915342 0.32882 0 -0.495174 0.202972 0 
2 -0.650205 0.183139 0 0.555647 0.700415 0 
dMomentum = -6.83047e-18 2.49366e-18 0
dEnergy = 7.1306e-11
0 -0.268557 -0.555099 0 -0.0749118 -0.823174 0 
1 0.88959 0.338574 0 -0.535005 0.187113 0 
2 -0.621033 0.216526 0 0.609917 0.636061 0 
dMomentum = -4.87891e-18 3.57787e-18 0
dEnergy = -2.55384e-10
0 -0.272506 -0.594363 0 -0.0819944 -0.748198 0 
1 0.861827 0.347526 0 -0.575701 0.170932 0 
2 -0.589321 0.246838 0 0.657695 0.577266 0 
dMomentum = -4.87891e-18 1.6263e-18 0
dEnergy = -3.89584e-10
0 -0.276667 -0.629994 0 -0.0836735 -0.677725 0 
1 0.831998 0.355662 0 -0.617703 0.154461 0 
2 -0.555331 0.274332 0 0.701377 0.523264 0 
dMomentum = -5.96311e-18 2.1684e-18 0
dEnergy = -3.24875e-10
0 -0.280806 -0.662199 0 -0.0812874 -0.611065 0 
1 0.800026 0.362967 0 -0.661549 0.137711 0 
2 -0.51922 0.299232 0 0.742836 0.473354 0 
dMomentum = -5.96311e-18 5.42101e-19 0
dEnergy = -3.05868e-11
0 -0.284743 -0.691154 0 -0.0757665 -0.5476 0 
1 0.765802 0.369428 0 -0.707905 0.120683 0 
2 -0.481058 0.321726 0 0.783672 0.426917 0 
dMomentum = -4.33681e-18 0 0
dEnergy = 5.64485e-10
0 -0.288341 -0.717004 0 -0.0677656 -0.486786 0 
1 0.729179 0.375031 0 -0.75764 0.103374 0 
2 -0.440838 0.341973 0 0.825405 0.383412 0 
dMomentum = -3.57787e-18 2.1684e-19 0
dEnergy = 1.60376e-09
0 -0.291487 -0.739869 0 -0.0577492 -0.428142 0 
1 0.689962 0.379761 0 -0.811921 0.0857854 0 
2 -0.398475 0.360108 0 0.86967 0.342356 0 
dMomentum = -3.79471e-18 4.33681e-19 0
dEnergy = 3.37355e-09
0 -0.294088 -0.759847 0 -0.0460486 -0.37124 0 
1 0.647884 0.383605 0 -0.872402 0.0679431 0 
2 -0.353796 0.376242 0 0.918451 0.303297 0 
dMomentum = -3.79471e-18 3.25261e-19 0
dEnergy = 6.47599e-09
0 -0.296067 -0.777015 0 -0.0329003 -0.315695 0 
1 0.602578 0.386553 0 -0.941559 0.0499281 0 
2 -0.306511 0.390463 0 0.974459 0.265767 0 
dMomentum = -4.77049e-18 5.96311e-19 0
dEnergy = 1.23053e-08
0 -0.297357 -0.791433 0 -0.0184725 -0.261151 0 
1 0.553519 0.388599 0 -1.02335 0.0319526 0 
2 -0.256162 0.402834 0 1.04182 0.229199 0 
dMomentum = -1.6263e-18 4.33681e-19 0
dEnergy = 2.45927e-08
0 -0.297895 -0.803142 0 -0.00288576 -0.207273 0 
1 0.49992 0.389757 0 -1.12471 0.0145505 0 
2 -0.202025 0.413385 0 1.1276 0.192723 0 
dMomentum = -3.25261e-18 1.0842e-19 0
dEnergy = 5.57658e-08
0 -0.297627 -0.812166 0 0.01377 -0.153737 0 
1 0.440502 0.390086 0 -1.25937 -0.000846323 0 
2 -0.142874 0.42208 0 1.2456 0.154584 0 
dMomentum = -2.60209e-18 1.0842e-19 0
dEnergy = 1.65385e-07
0 -0.296502 -0.818516 0 0.0314175 -0.10022 0 
1 0.372907 0.389776 0 -1.46044 -0.00965838 0 
2 -0.0764058 0.42874 0 1.42902 0.109878 0 
dMomentum = -4.33681e-19 5.42101e-20 0
dEnergy = 9.6584e-07
0 -0.294471 -0.822183 0 0.0499631 -0.0463895 0 
1 0.291622 0.389548 0 -1.84378 0.0102411 0 
2 0.00284881 0.432635 0 1.79382 0.0361483 0 
dMomentum = -3.90313e-18 -5.42101e-20 0
dEnergy = 0.000716062
0 -0.291493 -0.823144 0 0.0692185 0.00809221 0 
1 0.16867 0.397027 0 -4.2239 0.867118 0 
2 0.122823 0.426117 0 4.15468 -0.87521 0 
dMomentum = -7.15573e-18 -8.13152e-19 0
dEnergy = 1.88279e-06
0 -0.287549 -0.821358 0 0.0884206 0.0635635 0 
1 0.25651 0.470683 0 1.80589 0.591384 0 
2 0.0310393 0.350675 0 -1.89431 -0.654947 0 
dMomentum = -7.26415e-18 2.71051e-19 0
dEnergy = 4.44624e-07
0 -0.282669 -0.816763 0 0.106574 0.120512 0 
1 0.334731 0.493787 0 1.38832 0.370912 0 
2 -0.0520622 0.322975 0 -1.4949 -0.491424 0 
dMomentum = -6.61363e-18 1.27394e-18 0
dEnergy = 2.94603e-07
0 -0.276916 -0.809276 0 0.123295 0.17926 0 
1 0.398629 0.509553 0 1.18522 0.268636 0 
2 -0.121713 0.299723 0 -1.30851 -0.447896 0 
dMomentum = -7.20994e-18 1.46367e-18 0
dEnergy = 2.55811e-07
0 -0.270368 -0.798801 0 0.138294 0.240142 0 
1 0.454408 0.521213 0 1.05373 0.201406 0 
2 -0.18404 0.277588 0 -1.19202 -0.441547 0 
dMomentum = -3.1984e-18 1.54499e-18 0
dEnergy = 2.41281e-07
0 -0.26312 -0.785221 0 0.151261 0.303529 0 
1 0.50457 0.529956 0 0.956978 0.15022 0 
2 -0.24145 0.255264 0 -1.10824 -0.453748 0 
dMomentum = -1.0842e-18 2.43945e-19 0
dEnergy = 2.3463e-07
0 -0.255282 -0.768399 0 0.16181 0.369842 0 
1 0.550437 0.536382 0 0.880288 0.107978 0 
2 -0.295154 0.232017 0 -1.0421 -0.47782 0 
dMomentum = -6.91179e-19 2.43945e-19 0
dEnergy = 2.31211e-07
0 -0.246988 -0.74818 0 0.169437 0.43956 0 
1 0.592811 0.540846 0 0.816402 0.0713131 0 
2 -0.345823 0.207334 0 -0.985838 -0.510873 0 
dMomentum = -9.62229e-19 1.6263e-19 0
dEnergy = 2.29346e-07
0 -0.238399 -0.724378 0 0.173459 0.513229 0 
1 0.632221 0.543575 0 0.761219 0.0383709 0 
2 -0.393822 0.180802 0 -0.934678 -0.5516 0 
dMomentum = -1.32815e-18 -1.02999e-18 0
dEnergy = 2.28327e-07
0 -0.229718 -0.696781 0 0.172935 0.591466 0 
1 0.669035 0.544726 0 0.712192 0.00802425 0 
2 -0.439317 0.152054 0 -0.885126 -0.59949 0 
dMomentum = -1.76183e-18 2.98156e-19 0
dEnergy = 2.27817e-07
0 -0.221203 -0.665144 0 0.166545 0.674941 0 
1 0.703514 0.544409 0 0.667611 -0.020465 0 
2 -0.482312 0.120735 0 -0.834156 -0.654476 0 
dMomentum = 3.65918e-19 8.67362e-19 0
dEnergy = 2.27623e-07
0 -0.213192 -0.629188 0 0.152419 0.76434 0 
1 0.73585 0.542702 0 0.626256 -0.0476056 0 
2 -0.522658 0.0864857 0 -0.778675 -0.716734 0 
dMomentum = 1.0571e-18 -3.25261e-19 0
dEnergy = 2.27592e-07
0 -0.206134 -0.588601 0 0.127873 0.86025 0 
1 0.766178 0.539665 0 0.5872 -0.0737582 0 
2 -0.560044 0.0489366 0 -0.715073 -0.786492 0 
dMomentum = 4.87891e-19 -6.50521e-19 0
dEnergy = 2.27496e-07
0 -0.200642 -0.54305 0 0.0890241 0.962896 0 
1 0.794596 0.535338 0 0.549704 -0.099176 0 
2 -0.593954 0.00771157 0 -0.638728 -0.863719 0 
dMomentum = 7.04731e-19 -1.68051e-18 0
dEnergy = 2.26872e-07
0 -0.197562 -0.49221 0 0.0302768 1.07156 0 
1 0.821164 0.529756 0 0.513148 -0.124022 0 
2 -0.623602 -0.0375463 0 -0.543425 -0.947537 0 
dMomentum = 8.13152e-19 1.0842e-19 0
dEnergy = 2.24671e-07
0 -0.198075 -0.43584 0 -0.0562425 1.18335 0 
1 0.845917 0.522945 0 0.476997 -0.148368 0 
2 -0.647842 -0.087105 0 -0.420755 -1.03498 0 
dMomentum = 1.0842e-18 -4.87891e-19 0
dEnergy = 2.18686e-07
0 -0.203819 -0.373943 0 -0.180788 1.29079 0 
1 0.868863 0.514928 0 0.440794 -0.172179 0 
2 -0.665044 -0.140986 0 -0.260007 -1.11861 0 
dMomentum = 7.58942e-19 -3.03577e-18 0
dEnergy = 2.05204e-07
0 -0.216969 -0.307094 0 -0.354015 1.3778 0 
1 0.88999 0.505738 0 0.404192 -0.195295 0 
2 -0.673021 -0.198645 0 -0.0501772 -1.1825 0 
dMomentum = 1.13841e-18 -4.44523e-18 0
dEnergy = 1.81491e-07
0 -0.240103 -0.236975 0 -0.579406 1.4157 0 
1 0.909272 0.495415 0 0.367022 -0.217421 0 
2 -0.66917 -0.25844 0 0.212384 -1.19828 0 
dMomentum = 1.0842e-18 -5.47522e-18 0
dEnergy = 1.54963e-07
0 -0.275482 -0.166961 0 -0.837902 1.36784 0 
1 0.926684 0.484019 0 0.329383 -0.238186 0 
2 -0.651202 -0.317057 0 0.508519 -1.12965 0 
dMomentum = 1.0842e-18 -5.14996e-18 0
dEnergy = 1.46936e-07
0 -0.323596 -0.101976 0 -1.0782 1.21467 0 
1 0.942209 0.471625 0 0.291666 -0.257289 0 
2 -0.618614 -0.369649 0 0.78653 -0.957379 0 
dMomentum = 1.95156e-18 -6.34258e-18 0
dEnergy = 1.65902e-07
0 -0.382002 -0.0468258 0 -1.24197 0.982834 0 
1 0.955858 0.458318 0 0.254387 -0.27469 0 
2 -0.573856 -0.411493 0 0.987582 -0.708144 0 
dMomentum = 1.95156e-18 -7.42678e-18 0
dEnergy = 1.93065e-07
0 -0.446139 -0.00402311 0 -1.30804 0.730587 0 
1 0.967662 0.44418 0 0.217926 -0.290652 0 
2 -0.521523 -0.440157 0 1.09011 -0.439936 0 
dMomentum = 4.22839e-18 -7.04731e-18 0
dEnergy = 2.12128e-07
0 -0.5115 0.026675 0 -1.29608 0.503788 0 
1 0.977666 0.42927 0 0.182369 -0.305602 0 
2 -0.466166 -0.455945 0 1.11371 -0.198186 0 
dMomentum = 2.27682e-18 -7.48099e-18 0
dEnergy = 2.21685e-07
0 -0.574975 0.0470739 0 -1.23751 0.319485 0 
1 0.985911 0.413629 0 0.147553 -0.319977 0 
2 -0.410936 -0.460703 0 1.08995 0.000491561 0 
dMomentum = 0 -6.83047e-18 0
dEnergy = 2.25557e-07
0 -0.634883 0.0593147 0 -1.15652 0.176478 0 
1 0.992428 0.397276 0 0.113171 -0.334139 0 
2 -0.357546 -0.456591 0 1.04335 0.157661 0 
dMomentum = 9.75782e-19 -7.37257e-18 0
dEnergy = 2.26786e-07
0 -0.690496 0.0652868 0 -1.06744 0.0673804 0 
1 0.997229 0.380214 0 0.0788576 -0.34837 0 
2 -0.306734 -0.445501 0 0.988579 0.280989 0 
dMomentum = 1.30104e-18 -7.91468e-18 0
dEnergy = 2.26956e-07
0 -0.741617 0.0664878 0 -0.977677 -0.0155601 0 
1 1.00031 0.362434 0 0.0442209 -0.362884 0 
2 -0.258692 -0.428922 0 0.933456 0.378444 0 
dMomentum = 2.1684e-18 -7.58942e-18 0
dEnergy = 2.26775e-07
0 -0.788312 0.0640598 0 -0.890769 -0.0787077 0 
1 1.00164 0.343918 0 0.00885195 -0.377851 0 
2 -0.213327 -0.407978 0 0.881917 0.456559 0 
dMomentum = 3.25261e-19 -7.15573e-18 0
dEnergy = 2.26534e-07
0 -0.830767 0.058866 0 -0.808197 -0.126878 0 
1 1.00117 0.324639 0 -0.0276836 -0.39341 0 
2 -0.170408 -0.383505 0 0.835881 0.520288 0 
dMomentum = 1.0842e-18 -6.72205e-18 0
dEnergy = 2.26353e-07
0 -0.869212 0.051562 0 -0.730434 -0.163618 0 
1 0.998844 0.304565 0 -0.0658633 -0.40968 0 
2 -0.129631 -0.356127 0 0.796297 0.573298 0 
dMomentum = 3.25261e-19 -7.69784e-18 0
dEnergy = 2.26282e-07
0 -0.90389 0.042651 0 -0.657464 -0.19153 0 
1 0.994552 0.283658 0 -0.106233 -0.426767 0 
2 -0.0906615 -0.326309 0 0.763696 0.618297 0 
dMomentum = -1.0842e-19 -6.07153e-18 0
dEnergy = 2.2635e-07
0 -0.935035 0.0325238 0 -0.589054 -0.212537 0 
1 0.988173 0.261873 0 -0.14944 -0.444765 0 
2 -0.0531384 -0.294397 0 0.738494 0.657302 0 
dMomentum = -1.51788e-18 -6.28837e-18 0
dEnergy = 2.26589e-07
0 -0.962866 0.0214881 0 -0.524888 -0.22808 0 
1 0.979547 0.239165 0 -0.196284 -0.463754 0 
2 -0.0166808 -0.260653 0 0.721173 0.691834 0 
dMomentum = 7.58942e-19 -7.04731e-18 0
dEnergy = 2.27052e-07
0 -0.987589 0.00978853 0 -0.46463 -0.239252 0 
1 0.968467 0.21548 0 -0.247789 -0.483791 0 
2 0.0191214 -0.225269 0 0.712419 0.723044 0 
dMomentum = 4.33681e-19 -8.23994e-18 0
dEnergy = 2.27829e-07
0 -1.00939 -0.00237848 0 -0.407956 -0.246901 0 
1 0.954668 0.190768 0 -0.305308 -0.504889 0 
2 0.0547207 -0.188389 0 0.713264 0.75179 0 
dMomentum = 5.42101e-19 -8.13152e-18 0
dEnergy = 2.29085e-07
0 -1.02844 -0.014854 0 -0.354568 -0.251694 0 
1 0.937806 0.164975 0 -0.370702 -0.526967 0 
2 0.0906334 -0.150121 0 0.72527 0.778662 0 
dMomentum = -1.0842e-19 -8.34836e-18 0
dEnergy = 2.31127e-07
0 -1.0449 -0.0275093 0 -0.304192 -0.254171 0 
1 0.917423 0.138059 0 -0.446639 -0.549757 0 
2 0.127473 -0.11055 0 0.750831 0.803928 0 
dMomentum = 2.1684e-19 -1.02999e-17 0
dEnergy = 2.34565e-07
0 -1.0589 -0.04024 0 -0.256582 -0.254777 0 
1 0.892901 0.109998 0 -0.537111 -0.572573 0 
2 0.166004 -0.0697584 0 0.793693 0.82735 0 
dMomentum = -2.1684e-19 -1.07336e-17 0
dEnergy = 2.40702e-07
0 -1.0706 -0.0529622 0 -0.21151 -0.25389 0 
1 0.863367 0.0808273 0 -0.648438 -0.593778 0 
2 0.20723 -0.0278651 0 0.859948 0.847668 0 
dMomentum = -2.1684e-19 -1.25767e-17 0
dEnergy = 2.52581e-07
0 -1.08009 -0.0656097 0 -0.168757 -0.251843 0 
1 0.827536 0.0507111 0 -0.7913 -0.609365 0 
2 0.252558 0.0148986 0 0.960058 0.861208 0 
dMomentum = -2.1684e-19 -9.43256e-18 0
dEnergy = 2.78082e-07
0 -1.08751 -0.0781322 0 -0.128107 -0.248938 0 
1 0.783396 0.0201523 0 -0.985206 -0.608663 0 
2 0.304112 0.0579799 0 1.11331 0.857601 0 
dMomentum = 8.67362e-19 -8.67362e-18 0
dEnergy = 3.3788e-07
0 -1.09294 -0.0904941 0 -0.0893117 -0.245465 0 
1 0.727543 -0.00937438 0 -1.26873 -0.558794 0 
2 0.365393 0.0998684 0 1.35804 0.804259 0 
dMomentum = 2.81893e-18 -8.99888e-18 0
dEnergy = 4.22124e-07
0 -1.09646 -0.102674 0 -0.0520468 -0.241709 0 
1 0.653822 -0.0329956 0 -1.71434 -0.333661 0 
2 0.442643 0.13567 0 1.76639 0.57537 0 
dMomentum = -8.67362e-19 -9.16151e-18 0
dEnergy = -1.34934e-06
0 -1.09816 -0.114665 0 -0.0157554 -0.237929 0 
1 0.554169 -0.0314179 0 -2.21222 0.595659 0 
2 0.543988 0.146083 0 2.22797 -0.35773 0 
dMomentum = -3.68629e-18 -1.02999e-17 0
dEnergy = -7.22051e-07
0 -1.09804 -0.126489 0 0.0205822 -0.234039 0 
1 0.459045 0.0369155 0 -1.31013 1.90051 0 
2 0.638992 0.0895736 0 1.28955 -1.66647 0 
dMomentum = -2.60209e-18 -1.39862e-17 0
dEnergy = 4.1943e-07
0 -1.09609 -0.138104 0 0.0572066 -0.229469 0 
1 0.419792 0.132576 0 -0.400126 1.8158 0 
2 0.676297 0.00552763 0 0.34292 -1.58633 0 
dMomentum = -2.05998e-18 -1.34983e-17 0
dEnergy = 3.24179e-07
0 -1.09231 -0.149469 0 0.0936302 -0.224103 0 
1 0.409461 0.216727 0 -0.0650486 1.55087 0 
2 0.682848 -0.0672589 0 -0.0285816 -1.32677 0 
dMomentum = -1.89735e-18 -1.28478e-17 0
dEnergy = 2.71619e-07
0 -1.08671 -0.160549 0 0.129614 -0.21814 0 
1 0.410122 0.289015 0 0.072969 1.34478 0 
2 0.676592 -0.128467 0 -0.202583 -1.12664 0 
dMomentum = -2.30393e-18 -1.5992e-17 0
dEnergy = 2.49206e-07
0 -1.07933 -0.171319 0 0.165147 -0.211776 0 
1 0.41556 0.352299 0 0.136183 1.18821 0 
2 0.66377 -0.18098 0 -0.30133 -0.976439 0 
dMomentum = -1.43657e-18 -1.63172e-17 0
dEnergy = 2.38654e-07
0 -1.07017 -0.181765 0 0.200324 -0.205163 0 
1 0.423211 0.40862 0 0.165343 1.06452 0 
2 0.646962 -0.226855 0 -0.365666 -0.85936 0 
dMomentum = -1.46367e-18 -1.78893e-17 0
dEnergy = 2.33149e-07
0 -1.05926 -0.191875 0 0.235281 -0.198414 0 
1 0.431837 0.459332 0 0.176858 0.962946 0 
2 0.627424 -0.267457 0 -0.412139 -0.764532 0 
dMomentum = -1.78893e-18 -1.88651e-17 0
dEnergy = 2.30033e-07
0 -1.0466 -0.201645 0 0.27018 -0.191613 0 
1 0.440767 0.505364 0 0.178366 0.876842 0 
2 0.605832 -0.303719 0 -0.448545 -0.685229 0 
dMomentum = -1.46367e-18 -2.10335e-17 0
dEnergy = 2.28159e-07
0 -1.03219 -0.211074 0 0.305196 -0.184826 0 
1 0.449609 0.547378 0 0.173811 0.801973 0 
2 0.582578 -0.336304 0 -0.479007 -0.617146 0 
dMomentum = -6.77626e-19 -2.04372e-17 0
dEnergy = 2.26984e-07
0 -1.01601 -0.220166 0 0.340518 -0.178108 0 
1 0.458119 0.585862 0 0.165394 0.735522 0 
2 0.557895 -0.365696 0 -0.505911 -0.557414 0 
dMomentum = -8.80914e-19 -1.8052e-17 0
dEnergy = 2.26231e-07
0 -0.998058 -0.228923 0 0.376348 -0.171505 0 
1 0.466139 0.621185 0 0.154412 0.67554 0 
2 0.53192 -0.392263 0 -0.530759 -0.504035 0 
dMomentum = -3.65918e-19 -1.74828e-17 0
dEnergy = 2.25753e-07
0 -0.978291 -0.237353 0 0.412909 -0.165065 0 
1 0.473561 0.653635 0 0.141665 0.62063 0 
2 0.50473 -0.416282 0 -0.554574 -0.455565 0 
dMomentum = -1.00289e-18 -1.8567e-17 0
dEnergy = 2.25466e-07
0 -0.956669 -0.245466 0 0.450449 -0.15884 0 
1 0.480312 0.68344 0 0.127661 0.569761 0 
2 0.476356 -0.437974 0 -0.57811 -0.41092 0 
dMomentum = -1.49078e-18 -1.85399e-17 0
dEnergy = 2.25327e-07
0 -0.933135 -0.253273 0 0.489254 -0.152889 0 
1 0.486338 0.71078 0 0.11273 0.522146 0 
2 0.446797 -0.457506 0 -0.601984 -0.369257 0 
dMomentum = -3.63208e-18 -1.91633e-17 0
dEnergy = 2.25316e-07
0 -0.907619 -0.260791 0 0.529661 -0.147287 0 
1 0.491596 0.735803 0 0.0970856 0.477173 0 
2 0.416022 -0.475012 0 -0.626747 -0.329886 0 
dMomentum = -3.82181e-18 -1.89193e-17 0
dEnergy = 2.25433e-07
0 -0.880029 -0.268039 0 0.572076 -0.142132 0 
1 0.496056 0.758628 0 0.0808694 0.434352 0 
2 0.383973 -0.490589 0 -0.652945 -0.29222 0 
dMomentum = -1.84314e-18 -1.96512e-17 0
dEnergy = 2.25696e-07
0 -0.850255 -0.275043 0 0.617003 -0.13756 0 
1 0.499691 0.779354 0 0.0641712 0.393283 0 
2 0.350563 -0.504312 0 -0.681174 -0.255723 0 
dMomentum = -1.76183e-18 -1.96783e-17 0
dEnergy = 2.26149e-07
0 -0.818153 -0.281835 0 0.665089 -0.13376 0 
1 0.502479 0.798059 0 0.0470457 0.35363 0 
2 0.315674 -0.516224 0 -0.712134 -0.21987 0 
dMomentum = -8.13152e-19 -1.95156e-17 0
dEnergy = 2.26875e-07
0 -0.783546 -0.288463 0 0.717184 -0.131008 0 
1 0.504399 0.814807 0 0.0295228 0.315105 0 
2 0.279147 -0.526344 0 -0.746707 -0.184097 0 
dMomentum = -1.32815e-18 -1.89193e-17 0
dEnergy = 2.2803e-07
0 -0.746205 -0.294987 0 0.774455 -0.12972 0 
1 0.505431 0.829647 0 0.0116138 0.277454 0 
2 0.240774 -0.53466 0 -0.786069 -0.147734 0 
dMomentum = -2.22261e-18 -1.9353e-17 0
dEnergy = 2.29918e-07
0 -0.705832 -0.301496 0 0.838559 -0.130547 0 
1 0.505556 0.842618 0 -0.00668308 0.240449 0 
2 0.200276 -0.541123 0 -0.831876 -0.109902 0 
dMomentum = -1.32815e-18 -1.92988e-17 0
dEnergy = 2.33167e-07
0 -0.662027 -0.30812 0 0.911979 -0.134558 0 
1 0.504754 0.853747 0 -0.0253791 0.203875 0 
2 0.157272 -0.545627 0 -0.886599 -0.0693167 0 
dMomentum = -3.68629e-18 -1.90277e-17 0
dEnergy = 2.39234e-07
0 -0.614232 -0.315062 0 0.998667 -0.143636 0 
1 0.503006 0.86305 0 -0.0444917 0.167528 0 
2 0.111226 -0.547988 0 -0.954175 -0.0238925 0 
dMomentum = -5.25838e-18 -1.88651e-17 0
dEnergy = 2.52014e-07
0 -0.561628 -0.322656 0 1.10547 -0.161401 0 
1 0.500289 0.870534 0 -0.0640406 0.131206 0 
2 0.0613386 -0.547878 0 -1.04143 0.0301944 0 
dMomentum = -3.03577e-18 -1.89193e-17 0
dEnergy = 2.84493e-07
0 -0.502914 -0.331506 0 1.24568 -0.19581 0 
1 0.496581 0.876194 0 -0.0840421 0.0947012 0 
2 0.00633272 -0.544688 0 -1.16164 0.101108 0 
dMomentum = -5.3668e-18 -1.91904e-17 0
dEnergy = 3.98593e-07
0 -0.435762 -0.342891 0 1.45036 -0.268528 0 
1 0.49186 0.880016 0 -0.104499 0.0577947 0 
2 -0.0560987 -0.537125 0 -1.34586 0.210734 0 
dMomentum = -6.83047e-18 -1.97325e-17 0
dEnergy = 1.21037e-06
0 -0.354987 -0.360365 0 1.8202 -0.469114 0 
1 0.486104 0.881975 0 -0.125376 0.0202536 0 
2 -0.131117 -0.52161 0 -1.69482 0.44886 0 
dMomentum = -5.63785e-18 -1.99493e-17 0
dEnergy = 0.000130709
0 -0.241186 -0.408535 0 2.97856 -2.56315 0 
1 0.479293 0.882031 0 -0.146525 -0.0181461 0 
2 -0.238107 -0.473496 0 -2.83204 2.5813 0 
dMomentum = -7.37257e-18 -2.09251e-17 0
dEnergy = 2.61789e-06
0 -0.310224 -0.52061 0 -1.8031 -0.797764 0 
1 0.471422 0.880143 0 -0.167703 -0.0574529 0 
2 -0.161198 -0.359533 0 1.9708 0.855217 0 
dMomentum = -5.63785e-18 -2.15756e-17 0
dEnergy = 4.96815e-07
0 -0.3877 -0.548452 0 -1.35686 -0.399023 0 
1 0.462489 0.876246 0 -0.188885 -0.098422 0 
2 -0.0747891 -0.327794 0 1.54574 0.497445 0 
dMomentum = -6.50521e-18 -2.17925e-17 0
dEnergy = 3.06164e-07
0 -0.449663 -0.56425 0 -1.13571 -0.248351 0 
1 0.452501 0.870247 0 -0.209766 -0.141442 0 
2 -0.00283797 -0.305997 0 1.34548 0.389793 0 
dMomentum = -8.0231e-18 -2.27682e-17 0
dEnergy = 2.59761e-07
0 -0.502753 -0.574348 0 -0.99208 -0.161026 0 
1 0.441479 0.862035 0 -0.230131 -0.186789 0 
2 0.0612735 -0.287686 0 1.22221 0.347814 0 
dMomentum = -8.13152e-18 -2.27682e-17 0
dEnergy = 2.42946e-07
0 -0.549693 -0.58082 0 -0.886455 -0.100364 0 
1 0.429454 0.851487 0 -0.249778 -0.234758 0 
2 0.12024 -0.270667 0 1.13623 0.335122 0 
dMomentum = -9.43256e-18 -2.23346e-17 0
dEnergy = 2.35394e-07
0 -0.591941 -0.584635 0 -0.802971 -0.0537096 0 
1 0.416467 0.838463 0 -0.268483 -0.285689 0 
2 0.175474 -0.253827 0 1.07145 0.339399 0 
dMomentum = -1.01915e-17 -2.22261e-17 0
dEnergy = 2.3154e-07
0 -0.630388 -0.586339 0 -0.73377 -0.0154001 0 
1 0.402572 0.822804 0 -0.285975 -0.339981 0 
2 0.227816 -0.236465 0 1.01975 0.355381 0 
dMomentum = -1.14925e-17 -2.2443e-17 0
dEnergy = 2.29424e-07
0 -0.665628 -0.586268 0 -0.674413 0.0175289 0 
1 0.387838 0.804332 0 -0.301907 -0.39811 0 
2 0.27779 -0.218065 0 0.97632 0.380581 0 
dMomentum = -1.07336e-17 -2.30935e-17 0
dEnergy = 2.2824e-07
0 -0.698082 -0.584643 0 -0.622149 0.0468081 0 
1 0.372355 0.78284 0 -0.315818 -0.460648 0 
2 0.325727 -0.198197 0 0.937967 0.41384 0 
dMomentum = -9.54098e-18 -2.30935e-17 0
dEnergy = 2.27614e-07
0 -0.728055 -0.58162 0 -0.57515 0.0735325 0 
1 0.356238 0.75809 0 -0.327071 -0.528283 0 
2 0.371818 -0.17647 0 0.902221 0.454751 0 
dMomentum = -8.23994e-18 -2.29851e-17 0
dEnergy = 2.27366e-07
0 -0.755778 -0.577306 0 -0.532126 0.0984418 0 
1 0.339641 0.729807 0 -0.334776 -0.601845 0 
2 0.416137 -0.152502 0 0.866903 0.503404 0 
dMomentum = -7.91468e-18 -2.30935e-17 0
dEnergy = 2.27401e-07
0 -0.781425 -0.571778 0 -0.492118 0.122062 0 
1 0.322773 0.69767 0 -0.337657 -0.682321 0 
2 0.458652 -0.125893 0 0.829776 0.560259 0 
dMomentum = -8.34836e-18 -2.23346e-17 0
dEnergy = 2.27661e-07
0 -0.805126 -0.56509 0 -0.454376 0.144785 0 
1 0.305919 0.661304 0 -0.333848 -0.770858 0 
2 0.499207 -0.0962142 0 0.788224 0.626074 0 
dMomentum = -8.13152e-18 -2.28767e-17 0
dEnergy = 2.28073e-07
0 -0.826981 -0.55728 0 -0.41828 0.16691 0 
1 0.289479 0.620274 0 -0.320569 -0.868716 0 
2 0.537502 -0.0629944 0 0.738849 0.701806 0 
dMomentum = -7.80626e-18 -2.32019e-17 0
dEnergy = 2.28465e-07
0 -0.847057 -0.548372 0 -0.383293 0.188671 0 
1 0.274025 0.574083 0 -0.293615 -0.97708 0 
2 0.573031 -0.0257115 0 0.676908 0.788409 0 
dMomentum = -7.04731e-18 -2.07083e-17 0
dEnergy = 2.28358e-07
0 -0.865397 -0.538378 0 -0.348919 0.210243 0 
1 0.260393 0.522185 0 -0.246565 -1.09654 0 
2 0.605004 0.0161937 0 0.595484 0.886302 0 
dMomentum = -7.58942e-18 -2.22261e-17 0
dEnergy = 2.26466e-07
0 -0.882021 -0.527307 0 -0.314686 0.231736 0 
1 0.249815 0.464043 0 -0.169699 -1.2258 0 
2 0.632206 0.0632633 0 0.484385 0.994061 0 
dMomentum = -7.80626e-18 -2.40693e-17 0
dEnergy = 2.19648e-07
0 -0.896923 -0.515159 0 -0.280135 0.25318 0 
1 0.244118 0.399295 0 -0.0490645 -1.35856 0 
2 0.652806 0.115864 0 0.3292 1.10538 0 
dMomentum = -7.31836e-18 -2.53703e-17 0
dEnergy = 2.01821e-07
0 -0.910078 -0.50194 0 -0.244844 0.274483 0 
1 0.245913 0.328136 0 0.132163 -1.47747 0 
2 0.664164 0.173804 0 0.112681 1.20298 0 
dMomentum = -6.93889e-18 -2.79724e-17 0
dEnergy = 1.67773e-07
0 -0.921439 -0.487662 0 -0.208505 0.295389 0 
1 0.258554 0.252082 0 0.383839 -1.54607 0 
2 0.662885 0.235581 0 -0.175334 1.25069 0 
dMomentum = -7.64363e-18 -2.90566e-17 0
dEnergy = 1.3131e-07
0 -0.930951 -0.472356 0 -0.171061 0.315487 0 
1 0.285217 0.174936 0 0.684036 -1.5126 0 
2 0.645734 0.29742 0 -0.512975 1.19711 0 
dMomentum = -6.83047e-18 -3.33934e-17 0
dEnergy = 1.29481e-07
0 -0.938566 -0.456071 0 -0.132814 0.334354 0 
1 0.326723 0.102724 0 0.961636 -1.34988 0 
2 0.611843 0.353348 0 -0.828822 1.01552 0 
dMomentum = -5.17707e-18 -3.4586e-17 0
dEnergy = 1.64562e-07
0 -0.944255 -0.438877 0 -0.0943041 0.351803 0 
1 0.379888 0.0411616 0 1.14085 -1.09963 0 
2 0.564366 0.397716 0 -1.04655 0.747822 0 
dMomentum = -9.86624e-18 -3.3285e-17 0
dEnergy = 1.9968e-07
0 -0.948018 -0.420842 0 -0.055989 0.368006 0 
1 0.439104 -0.00729292 0 1.20613 -0.838148 0 
2 0.508914 0.428135 0 -1.15014 0.470142 0 
dMomentum = -1.33357e-17 -3.3014e-17 0
dEnergy = 2.18701e-07
0 -0.949871 -0.402017 0 -0.0180226 0.38336 0 
1 0.499393 -0.0434515 0 1.19059 -0.613125 0 
2 0.450478 0.445469 0 -1.17257 0.229765 0 
dMomentum = -1.19804e-17 -3.33934e-17 0
dEnergy = 2.26183e-07
0 -0.949828 -0.382436 0 0.0197254 0.398311 0 
1 0.557686 -0.0695293 0 1.13169 -0.435571 0 
2 0.392142 0.451965 0 -1.15141 0.0372599 0 
dMomentum = -1.34712e-17 -3.4586e-17 0
dEnergy = 2.28389e-07
0 -0.947893 -0.362107 0 0.0575649 0.413263 0 
1 0.612478 -0.0877921 0 1.0538 -0.299638 0 
2 0.335415 0.449899 0 -1.11137 -0.113624 0 
dMomentum = -1.24683e-17 -3.44234e-17 0
dEnergy = 2.28656e-07
0 -0.944052 -0.341021 0 0.0959079 0.428562 0 
1 0.663178 -0.100091 0 0.969825 -0.195996 0 
2 0.280873 0.441112 0 -1.06573 -0.232566 0 
dMomentum = -1.19533e-17 -3.40982e-17 0
dEnergy = 2.28374e-07
0 -0.938267 -0.319154 0 0.135239 0.444515 0 
1 0.709657 -0.107833 0 0.885938 -0.116475 0 
2 0.228609 0.426986 0 -1.02118 -0.32804 0 
dMomentum = -1.02457e-17 -3.34747e-17 0
dEnergy = 2.28072e-07
0 -0.930475 -0.296465 0 0.176122 0.461415 0 
1 0.751997 -0.112061 0 0.804871 -0.0548932 0 
2 0.178477 0.408526 0 -0.980992 -0.406521 0 
dMomentum = -8.78204e-18 -3.34747e-17 0
dEnergy = 2.27951e-07
0 -0.920582 -0.272899 0 0.219223 0.479561 0 
1 0.790371 -0.113557 0 0.72768 -0.00677985 0 
2 0.130212 0.386456 0 -0.946902 -0.472781 0 
dMomentum = -8.94467e-18 -3.38e-17 0
dEnergy = 2.28116e-07
0 -0.908458 -0.248386 0 0.265372 0.499288 0 
1 0.82498 -0.112911 0 0.654625 0.0310715 0 
2 0.0834777 0.361298 0 -0.919997 -0.53036 0 
dMomentum = -8.29415e-18 -3.33392e-17 0
dEnergy = 2.28672e-07
0 -0.893923 -0.222838 0 0.315648 0.520993 0 
1 0.856032 -0.110576 0 0.585605 0.0609753 0 
2 0.0378917 0.333414 0 -0.901253 -0.581968 0 
dMomentum = -9.18861e-18 -3.42608e-17 0
dEnergy = 2.298e-07
0 -0.876737 -0.196142 0 0.371524 0.545171 0 
1 0.883721 -0.106906 0 0.520371 0.0846247 0 
2 -0.00698433 0.303047 0 -0.891895 -0.629796 0 
dMomentum = -9.05309e-18 -3.51282e-17 0
dEnergy = 2.31863e-07
0 -0.856568 -0.168159 0 0.435124 0.57247 0 
1 0.908231 -0.10218 0 0.458622 0.10328 0 
2 -0.0516628 0.270339 0 -0.893746 -0.67575 0 
dMomentum = -1.00018e-17 -3.4586e-17 0
dEnergy = 2.35638e-07
0 -0.832955 -0.138714 0 0.509708 0.603767 0 
1 0.929728 -0.0966243 0 0.400058 0.117897 0 
2 -0.0967731 0.235338 0 -0.909765 -0.721664 0 
dMomentum = -1.13299e-17 -3.43421e-17 0
dEnergy = 2.42989e-07
0 -0.805224 -0.107575 0 0.60066 0.640281 0 
1 0.948365 -0.0904216 0 0.344399 0.129219 0 
2 -0.143141 0.197997 0 -0.945059 -0.7695 0 
dMomentum = -1.13299e-17 -3.47893e-17 0
dEnergy = 2.59086e-07
0 -0.772337 -0.0744423 0 0.717788 0.68371 0 
1 0.964281 -0.0837215 0 0.291393 0.13784 0 
2 -0.191944 0.158164 0 -1.00918 -0.82155 0 
dMomentum = -1.04083e-17 -3.47487e-17 0
dEnergy = 3.02041e-07
0 -0.732537 -0.0389166 0 0.881595 0.736147 0 
1 0.977603 -0.0766468 0 0.240818 0.144253 0 
2 -0.245066 0.115563 0 -1.12241 -0.8804 0 
dMomentum = -9.43256e-18 -3.58464e-17 0
dEnergy = 4.65392e-07
0 -0.682388 -0.000523104 0 1.14545 0.797434 0 
1 0.988448 -0.069297 0 0.192477 0.148894 0 
2 -0.306061 0.0698201 0 -1.33793 -0.946328 0 
dMomentum = -1.10589e-17 -3.65241e-17 0
dEnergy = 1.82765e-06
0 -0.612982 0.0406002 0 1.72058 0.824358 0 
1 0.996924 -0.0617501 0 0.146179 0.152194 0 
2 -0.383942 0.0211498 0 -1.86676 -0.976552 0 
dMomentum = -8.45678e-18 -3.75134e-17 0
dEnergy = -0.000195445
0 -0.482602 0.0498417 0 3.16057 -2.56994 0 
1 1.00313 -0.0540605 0 0.101616 0.154713 0 
2 -0.520523 0.00421883 0 -3.26218 2.41523 0 
dMomentum = -1.04083e-17 -2.79724e-17 0
dEnergy = 1.74222e-06
0 -0.458527 -0.0844409 0 -0.324954 -2.04514 0 
1 1.00711 -0.0462548 0 0.0576834 0.156769 0 
2 -0.548586 0.130696 0 0.26727 1.88837 0 
dMomentum = -1.07336e-17 -2.62377e-17 0
dEnergy = 4.56735e-07
0 -0.478972 -0.17163 0 -0.444958 -1.51649 0 
1 1.00892 -0.0383622 0 0.0145231 0.158235 0 
2 -0.529947 0.209992 0 0.430435 1.35826 0 
dMomentum = -1.11673e-17 -2.48282e-17 0
dEnergy = 2.992e-07
0 -0.501338 -0.240656 0 -0.441295 -1.26231 0 
1 1.00858 -0.0304043 0 -0.0277838 0.159418 0 
2 -0.507245 0.27106 0 0.469079 1.10289 0 
dMomentum = -1.17094e-17 -2.35272e-17 0
dEnergy = 2.57468e-07
0 -0.52286 -0.299639 0 -0.416349 -1.10247 0 
1 1.00615 -0.0223897 0 -0.0693802 0.160529 0 
2 -0.483286 0.322028 0 0.485729 0.941946 0 
dMomentum = -1.22515e-17 -2.26598e-17 0
dEnergy = 2.41744e-07
0 -0.542977 -0.351867 0 -0.386363 -0.987961 0 
1 1.00164 -0.014318 0 -0.110449 0.161717 0 
2 -0.458663 0.366185 0 0.496812 0.826244 0 
dMomentum = -1.25767e-17 -2.23346e-17 0
dEnergy = 2.34493e-07
0 -0.561561 -0.399059 0 -0.355528 -0.8993 0 
1 0.995085 -0.00618232 0 -0.151182 0.163101 0 
2 -0.433524 0.405241 0 0.50671 0.736198 0 
dMomentum = -1.30104e-17 -2.22261e-17 0
dEnergy = 2.30687e-07
0 -0.578609 -0.442248 0 -0.325145 -0.827019 0 
1 0.986494 0.00202974 0 -0.191771 0.164783 0 
2 -0.407885 0.440218 0 0.516916 0.662237 0 
dMomentum = -1.30104e-17 -2.34188e-17 0
dEnergy = 2.28508e-07
0 -0.594155 -0.482111 0 -0.295616 -0.765879 0 
1 0.975869 0.0103355 0 -0.232409 0.166858 0 
2 -0.381714 0.471776 0 0.528025 0.599021 0 
dMomentum = -1.24683e-17 -2.41777e-17 0
dEnergy = 2.27184e-07
0 -0.608245 -0.519122 0 -0.267025 -0.712704 0 
1 0.963202 0.0187571 0 -0.273294 0.169425 0 
2 -0.354957 0.500365 0 0.540319 0.543279 0 
dMomentum = -1.25767e-17 -2.46114e-17 0
dEnergy = 2.26355e-07
0 -0.620926 -0.553623 0 -0.239335 -0.66544 0 
1 0.948477 0.0273219 0 -0.314629 0.172594 0 
2 -0.327552 0.526301 0 0.553965 0.492846 0 
dMomentum = -1.35525e-17 -2.5804e-17 0
dEnergy = 2.25836e-07
0 -0.632219 -0.585811 0 -0.212517 -0.622763 0 
1 0.931701 0.0360455 0 -0.35655 0.17648 0 
2 -0.299482 0.549766 0 0.569066 0.446282 0 
dMomentum = -1.36609e-17 -2.36356e-17 0
dEnergy = 2.25526e-07
0 -0.642189 -0.615957 0 -0.186415 -0.58358 0 
1 0.912807 0.0449845 0 -0.399373 0.181242 0 
2 -0.270618 0.570973 0 0.585789 0.402338 0 
dMomentum = -1.48536e-17 -2.40693e-17 0
dEnergy = 2.25373e-07
0 -0.650871 -0.644215 0 -0.160934 -0.547154 0 
1 0.891744 0.0541873 0 -0.443366 0.187065 0 
2 -0.240874 0.590028 0 0.604299 0.36009 0 
dMomentum = -1.48536e-17 -2.59124e-17 0
dEnergy = 2.25354e-07
0 -0.658292 -0.670709 0 -0.135977 -0.512925 0 
1 0.868446 0.0637126 0 -0.48883 0.194188 0 
2 -0.210155 0.606996 0 0.624807 0.318737 0 
dMomentum = -1.55041e-17 -2.59124e-17 0
dEnergy = 2.25467e-07
0 -0.664476 -0.695537 0 -0.111457 -0.48045 0 
1 0.842831 0.0736329 0 -0.536124 0.202923 0 
2 -0.178355 0.621904 0 0.647581 0.277526 0 
dMomentum = -1.73472e-17 -2.50993e-17 0
dEnergy = 2.25726e-07
0 -0.669443 -0.718777 0 -0.0872907 -0.449369 0 
1 0.814796 0.0840387 0 -0.585675 0.213687 0 
2 -0.145353 0.634739 0 0.672966 0.235682 0 
dMomentum = -1.79978e-17 -2.60751e-17 0
dEnergy = 2.26174e-07
0 -0.673209 -0.740492 0 -0.0634031 -0.419384 0 
1 0.784217 0.0950448 0 -0.638012 0.227047 0 
2 -0.111008 0.645447 0 0.701415 0.192338 0 
dMomentum = -1.71304e-17 -2.63461e-17 0
dEnergy = 2.26889e-07
0 -0.675787 -0.76073 0 -0.0397245 -0.39024 0 
1 0.750938 0.1068 0 -0.693802 0.243805 0 
2 -0.0751507 0.65393 0 0.733526 0.146435 0 
dMomentum = -1.75641e-17 -2.60751e-17 0
dEnergy = 2.28016e-07
0 -0.677184 -0.779526 0 -0.0161922 -0.361709 0 
1 0.714765 0.119501 0 -0.753905 0.265122 0 
2 -0.0375808 0.660025 0 0.770097 0.0965873 0 
dMomentum = -1.84314e-17 -2.5533e-17 0
dEnergy = 2.29825e-07
0 -0.677408 -0.796907 0 0.00724902 -0.333586 0 
1 0.675456 0.133417 0 -0.819468 0.292749 0 
2 0.00195126 0.663491 0 0.812219 0.0408373 0 
dMomentum = -1.94072e-17 -2.54245e-17 0
dEnergy = 2.3286e-07
0 -0.67646 -0.812888 0 0.0306454 -0.305677 0 
1 0.632702 0.148926 0 -0.892052 0.329448 0 
2 0.0437586 0.663962 0 0.861407 -0.0237704 0 
dMomentum = -1.88651e-17 -2.52077e-17 0
dEnergy = 2.38296e-07
0 -0.674343 -0.827476 0 0.0540311 -0.277798 0 
1 0.586098 0.166588 0 -0.973839 0.379842 0 
2 0.088245 0.660888 0 0.919808 -0.102044 0 
dMomentum = -1.82146e-17 -2.50993e-17 0
dEnergy = 2.48982e-07
0 -0.671057 -0.840666 0 0.0774223 -0.249764 0 
1 0.535114 0.187273 0 -1.06791 0.452283 0 
2 0.135943 0.653392 0 0.990484 -0.202519 0 
dMomentum = -1.71304e-17 -2.53974e-17 0
dEnergy = 2.72916e-07
0 -0.666601 -0.852446 0 0.100808 -0.221398 0 
1 0.479034 0.212452 0 -1.17838 0.563514 0 
2 0.187567 0.639995 0 1.07757 -0.342115 0 
dMomentum = -1.4962e-17 -2.59124e-17 0
dEnergy = 3.37214e-07
0 -0.660977 -0.862797 0 0.12413 -0.192532 0 
1 0.416941 0.244887 0 -1.30861 0.752418 0 
2 0.244037 0.61791 0 1.18448 -0.559887 0 
dMomentum = -1.30104e-17 -2.5804e-17 0
dEnergy = 5.46116e-07
0 -0.654191 -0.871689 0 0.147256 -0.163035 0 
1 0.34808 0.290724 0 -1.43995 1.1308 0 
2 0.306111 0.580965 0 1.2927 -0.967763 0 
dMomentum = -1.26852e-17 -2.74303e-17 0
dEnergy = -9.11769e-08
0 -0.646259 -0.87909 0 0.169921 -0.132926 0 
1 0.277189 0.367168 0 -1.24712 2.07661 0 
2 0.36907 0.511922 0 1.0772 -1.94368 0 
dMomentum = -1.16552e-17 -3.18755e-17 0
dEnergy = -2.32351e-06
0 -0.637212 -0.884979 0 0.191892 -0.102641 0 
1 0.263533 0.493003 0 0.895734 2.34513 0 
2 0.373678 0.391976 0 -1.08763 -2.24249 0 
dMomentum = -1.14383e-17 -2.93277e-17 0
dEnergy = 6.34953e-07
0 -0.62707 -0.889352 0 0.21384 -0.072182 0 
1 0.326013 0.576423 0 1.33918 1.153 0 
2 0.301056 0.312929 0 -1.55302 -1.08082 0 
dMomentum = -8.29415e-18 -2.77827e-17 0
dEnergy = 3.67031e-07
0 -0.61582 -0.892179 0 0.236224 -0.0406621 0 
1 0.38982 0.620387 0 1.20253 0.671525 0 
2 0.226 0.271792 0 -1.43876 -0.630863 0 
dMomentum = -9.86624e-18 -2.79182e-17 0
dEnergy = 2.83482e-07
0 -0.603441 -0.893391 0 0.258978 -0.0075389 0 
1 0.446329 0.647462 0 1.06201 0.434412 0 
2 0.157112 0.245929 0 -1.32099 -0.426874 0 
dMomentum = -1.01915e-17 -2.72135e-17 0
dEnergy = 2.53723e-07
0 -0.589918 -0.8929 0 0.281957 0.0275363 0 
1 0.496455 0.665356 0 0.947033 0.291625 0 
2 0.093463 0.227544 0 -1.22899 -0.319161 0 
dMomentum = -9.89334e-18 -2.68611e-17 0
dEnergy = 2.40859e-07
0 -0.575244 -0.8906 0 0.305005 0.0648549 0 
1 0.541378 0.67737 0 0.852804 0.194382 0 
2 0.0338667 0.21323 0 -1.15781 -0.259236 0 
dMomentum = -1.07607e-17 -2.66714e-17 0
dEnergy = 2.34462e-07
0 -0.55942 -0.886373 0 0.32795 0.104699 0 
1 0.581988 0.685213 0 0.773784 0.122576 0 
2 -0.0225687 0.20116 0 -1.10173 -0.227275 0 
dMomentum = -9.35124e-18 -2.67798e-17 0
dEnergy = 2.30954e-07
0 -0.542454 -0.880084 0 0.350608 0.147366 0 
1 0.618943 0.689886 0 0.705994 0.0664285 0 
2 -0.0764884 0.190197 0 -1.0566 -0.213794 0 
dMomentum = -1.07065e-17 -2.71051e-17 0
dEnergy = 2.28896e-07
0 -0.524367 -0.871584 0 0.372762 0.193183 0 
1 0.652729 0.692027 0 0.646691 0.0205943 0 
2 -0.128362 0.179557 0 -1.01945 -0.213777 0 
dMomentum = -1.19533e-17 -2.72135e-17 0
dEnergy = 2.27639e-07
0 -0.505191 -0.860707 0 0.394157 0.242525 0 
1 0.683721 0.692064 0 0.593951 -0.0181095 0 
2 -0.17853 0.168642 0 -0.988108 -0.224415 0 
dMomentum = -1.20346e-17 -2.72677e-17 0
dEnergy = 2.26861e-07
0 -0.484969 -0.847265 0 0.414475 0.295827 0 
1 0.71221 0.690301 0 0.546384 -0.0517093 0 
2 -0.22724 0.156965 0 -0.960859 -0.244117 0 
dMomentum = -1.01915e-17 -2.70508e-17 0
dEnergy = 2.26394e-07
0 -0.463768 -0.831049 0 0.433308 0.3536 0 
1 0.738428 0.686955 0 0.502956 -0.0815664 0 
2 -0.27466 0.144094 0 -0.936264 -0.272034 0 
dMomentum = -1.16281e-17 -2.65087e-17 0
dEnergy = 2.26145e-07
0 -0.441672 -0.811821 0 0.450123 0.416451 0 
1 0.762561 0.68219 0 0.462871 -0.108638 0 
2 -0.320889 0.12963 0 -0.912994 -0.307813 0 
dMomentum = -1.07878e-17 -2.6048e-17 0
dEnergy = 2.26062e-07
0 -0.418801 -0.789308 0 0.464197 0.4851 0 
1 0.78476 0.676126 0 0.4255 -0.133626 0 
2 -0.365959 0.113182 0 -0.889697 -0.351474 0 
dMomentum = -1.04897e-17 -2.71322e-17 0
dEnergy = 2.26112e-07
0 -0.395315 -0.7632 0 0.474536 0.560395 0 
1 0.805148 0.668853 0 0.390328 -0.157061 0 
2 -0.409833 0.0943465 0 -0.864864 -0.403333 0 
dMomentum = -1.11131e-17 -2.74845e-17 0
dEnergy = 2.26271e-07
0 -0.371433 -0.733141 0 0.479743 0.643322 0 
1 0.823822 0.660439 0 0.356917 -0.179364 0 
2 -0.45239 0.0727022 0 -0.83666 -0.463958 0 
dMomentum = -1.14383e-17 -2.81893e-17 0
dEnergy = 2.26499e-07
0 -0.347459 -0.698722 0 0.477818 0.734987 0 
1 0.840862 0.65093 0 0.324881 -0.200873 0 
2 -0.493404 0.0477919 0 -0.802699 -0.534114 0 
dMomentum = -1.08149e-17 -2.8894e-17 0
dEnergy = 2.26707e-07
0 -0.323817 -0.659478 0 0.465859 0.836526 0 
1 0.856327 0.64036 0 0.293865 -0.221873 0 
2 -0.53251 0.0191177 0 -0.759724 -0.614653 0 
dMomentum = -1.07878e-17 -3.07913e-17 0
dEnergy = 2.26679e-07
0 -0.30111 -0.614889 0 0.439606 0.948872 0 
1 0.87026 0.628747 0 0.263524 -0.242607 0 
2 -0.56915 -0.0138583 0 -0.70313 -0.706265 0 
dMomentum = -1.09504e-17 -3.23634e-17 0
dEnergy = 2.25894e-07
0 -0.280197 -0.564407 0 0.392819 1.07217 0 
1 0.882685 0.6161 0 0.233507 -0.263282 0 
2 -0.602488 -0.0516933 0 -0.626326 -0.808885 0 
dMomentum = -9.97466e-18 -3.34476e-17 0
dEnergy = 2.23167e-07
0 -0.262317 -0.50752 0 0.316566 1.20445 0 
1 0.89361 0.602417 0 0.203444 -0.284065 0 
2 -0.631293 -0.0948974 0 -0.520009 -0.920388 0 
dMomentum = -9.89334e-18 -3.52908e-17 0
dEnergy = 2.16112e-07
0 -0.249229 -0.443919 0 0.198986 1.33898 0 
1 0.903022 0.58769 0 0.172936 -0.305068 0 
2 -0.653793 -0.143771 0 -0.371922 -1.03391 0 
dMomentum = -9.59519e-18 -3.33934e-17 0
dEnergy = 2.0114e-07
0 -0.243322 -0.373845 0 0.0274001 1.45966 0 
1 0.910889 0.571907 0 0.141565 -0.326312 0 
2 -0.667567 -0.198062 0 -0.168966 -1.13335 0 
dMomentum = -9.75782e-18 -3.43692e-17 0
dEnergy = 1.76947e-07
0 -0.247489 -0.298676 0 -0.203373 1.53656 0 
1 0.917158 0.555057 0 0.108942 -0.347678 0 
2 -0.669669 -0.256381 0 0.0944308 -1.18888 0 
dMomentum = -1.00831e-17 -3.46403e-17 0
dEnergy = 1.53611e-07
0 -0.264356 -0.221575 0 -0.474664 1.53081 0 
1 0.921758 0.537142 0 0.0748115 -0.368869 0 
2 -0.657402 -0.315567 0 0.399852 -1.16195 0 
dMomentum = -1.09504e-17 -3.4315e-17 0
dEnergy = 1.51227e-07
0 -0.294778 -0.147364 0 -0.735036 1.42063 0 
1 0.924614 0.51818 0 0.039192 -0.389461 0 
2 -0.629836 -0.370816 0 0.695844 -1.03117 0 
dMomentum = -9.86624e-18 -3.34476e-17 0
dEnergy = 1.72347e-07
0 -0.336693 -0.0808903 0 -0.926806 1.22883 0 
1 0.925658 0.498212 0 0.00240266 -0.409082 0 
2 -0.588965 -0.417322 0 0.924404 -0.819745 0 
dMomentum = -6.07153e-18 -3.42608e-17 0
dEnergy = 1.97643e-07
0 -0.385916 -0.0249602 0 -1.02738 1.00779 0 
1 0.924842 0.47729 0 -0.0351049 -0.4276 0 
2 -0.538926 -0.45233 0 1.06248 -0.580194 0 
dMomentum = -7.04731e-18 -3.38e-17 0
dEnergy = 2.14379e-07
0 -0.438154 0.0201249 0 -1.05167 0.799999 0 
1 0.922141 0.455468 0 -0.0729832 -0.445158 0 
2 -0.483987 -0.475593 0 1.12465 -0.354841 0 
dMomentum = -7.48099e-18 -3.55076e-17 0
dEnergy = 2.2262e-07
0 -0.490262 0.0555693 0 -1.02649 0.623446 0 
1 0.91754 0.432785 0 -0.111107 -0.462077 0 
2 -0.427278 -0.488355 0 1.13759 -0.161369 0 
dMomentum = -6.83047e-18 -3.61039e-17 0
dEnergy = 2.25992e-07
0 -0.540347 0.0830229 0 -0.973716 0.479905 0 
1 0.911025 0.409264 0 -0.149566 -0.478742 0 
2 -0.370677 -0.492287 0 1.12328 -0.00116292 0 
dMomentum = -5.63785e-18 -3.6646e-17 0
dEnergy = 2.2715e-07
0 -0.587408 0.104035 0 -0.907215 0.364864 0 
1 0.902574 0.384909 0 -0.188612 -0.495547 0 
2 -0.315166 -0.488944 0 1.09583 0.130684 0 
dMomentum = -4.98733e-18 -3.59955e-17 0
dEnergy = 2.27464e-07
0 -0.630973 0.11989 0 -0.834847 0.272678 0 
1 0.892148 0.359701 0 -0.228622 -0.512882 0 
2 -0.261175 -0.479591 0 1.06347 0.240205 0 
dMomentum = -2.71051e-18 -3.54534e-17 0
dEnergy = 2.27565e-07
0 -0.670866 0.1316 0 -0.760826 0.198372 0 
1 0.879687 0.333605 0 -0.270089 -0.531147 0 
2 -0.208821 -0.465205 0 1.03091 0.332774 0 
dMomentum = -1.95156e-18 -3.61039e-17 0
dEnergy = 2.2775e-07
0 -0.707065 0.139959 0 -0.687318 0.138015 0 
1 0.865104 0.306564 0 -0.313639 -0.550776 0 
2 -0.158039 -0.446522 0 1.00096 0.412761 0 
dMomentum = -3.46945e-18 -3.69713e-17 0
dEnergy = 2.28197e-07
0 -0.739624 0.145584 0 -0.615374 0.0886138 0 
1 0.848275 0.278496 0 -0.360082 -0.572279 0 
2 -0.108651 -0.42408 0 0.975456 0.483665 0 
dMomentum = -3.46945e-18 -3.91397e-17 0
dEnergy = 2.29089e-07
0 -0.768636 0.148965 0 -0.545442 0.0479219 0 
1 0.82903 0.249294 0 -0.410502 -0.596296 0 
2 -0.060394 -0.398259 0 0.955944 0.548374 0 
dMomentum = -3.68629e-18 -3.98986e-17 0
dEnergy = 2.30717e-07
0 -0.794204 0.150493 0 -0.477653 0.0142469 0 
1 0.807134 0.218811 0 -0.466423 -0.623686 0 
2 -0.0129294 -0.369304 0 0.944077 0.609439 0 
dMomentum = -2.60209e-18 -4.18502e-17 0
dEnergy = 2.33663e-07
0 -0.816437 0.150485 0 -0.411975 -0.0136955 0 
1 0.782259 0.186849 0 -0.530115 -0.655672 0 
2 0.0341776 -0.337334 0 0.94209 0.669368 0 
dMomentum = -2.1684e-18 -4.11997e-17 0
dEnergy = 2.39247e-07
0 -0.835435 0.149202 0 -0.348292 -0.0368923 0 
1 0.753934 0.153136 0 -0.605199 -0.694121 0 
2 0.0815014 -0.302339 0 0.953492 0.731013 0 
dMomentum = -4.55365e-18 -4.16334e-17 0
dEnergy = 2.50946e-07
0 -0.851297 0.146862 0 -0.28646 -0.0561152 0 
1 0.721447 0.117279 0 -0.698011 -0.742109 0 
2 0.12985 -0.264141 0 0.984472 0.798224 0 
dMomentum = -2.1684e-18 -4.15249e-17 0
dEnergy = 2.80017e-07
0 -0.864109 0.143647 0 -0.226326 -0.071983 0 
1 0.683636 0.0786758 0 -0.821108 -0.805251 0 
2 0.180473 -0.222323 0 1.04743 0.877235 0 
dMomentum = -1.0842e-18 -4.27176e-17 0
dEnergy = 3.77716e-07
0 -0.873955 0.139711 0 -0.167745 -0.0850127 0 
1 0.638356 0.0363128 0 -1.00471 -0.895393 0 
2 0.235599 -0.176024 0 1.17245 0.980405 0 
dMomentum = -3.03577e-18 -4.11997e-17 0
dEnergy = 1.00617e-06
0 -0.880908 0.135185 0 -0.110597 -0.0956716 0 
1 0.580597 -0.0118014 0 -1.35293 -1.04382 0 
2 0.300311 -0.123384 0 1.46353 1.1395 0 
dMomentum = -3.25261e-18 -4.46691e-17 0
dEnergy = 7.25404e-05
0 -0.885037 0.130175 0 -0.0548003 -0.104472 0 
1 0.487721 -0.0702219 0 -2.99359 -1.25711 0 
2 0.397316 -0.0599531 0 3.04839 1.36158 0 
dMomentum = -1.78893e-18 -4.56449e-17 0
dEnergy = 3.22067e-06
0 -0.886405 0.124754 0 1.51126e-05 -0.112282 0 
1 0.443379 0.0443952 0 0.702407 2.06448 0 
2 0.443026 -0.169149 0 -0.702422 -1.9522 0 
dMomentum = -1.65341e-18 -4.77049e-17 0
dEnergy = 5.18649e-07
0 -0.88505 0.118954 0 0.0540141 -0.119681 0 
1 0.476644 0.130053 0 0.621859 1.47712 0 
2 0.408406 -0.249007 0 -0.675873 -1.35744 0 
dMomentum = -2.98156e-19 -4.8518e-17 0
dEnergy = 3.09381e-07
0 -0.881017 0.112785 0 0.107187 -0.127082 0 
1 0.505701 0.19726 0 0.543074 1.2361 0 
2 0.375315 -0.310046 0 -0.650261 -1.10901 0 
dMomentum = -2.1413e-18 -5.15538e-17 0
dEnergy = 2.6039e-07
0 -0.874342 0.106241 0 0.159744 -0.134765 0 
1 0.531178 0.255215 0 0.477853 1.092 0 
2 0.343164 -0.361455 0 -0.637597 -0.957238 0 
dMomentum = -1.13841e-18 -5.07407e-17 0
dEnergy = 2.42928e-07
0 -0.865049 0.0993004 0 0.211925 -0.142957 0 
1 0.553641 0.307167 0 0.421921 0.991195 0 
2 0.311408 -0.406467 0 -0.633846 -0.848237 0 
dMomentum = -1.0571e-18 -5.02528e-17 0
dEnergy = 2.35131e-07
0 -0.853151 0.0919332 0 0.263976 -0.151868 0 
1 0.573476 0.354724 0 0.372391 0.914096 0 
2 0.279675 -0.446657 0 -0.636367 -0.762228 0 
dMomentum = -1.78893e-18 -5.20959e-17 0
dEnergy = 2.31136e-07
0 -0.838649 0.084098 0 0.316142 -0.161714 0 
1 0.590956 0.398818 0 0.327467 0.851589 0 
2 0.247693 -0.482916 0 -0.643609 -0.689875 0 
dMomentum = -2.30393e-18 -5.10659e-17 0
dEnergy = 2.28903e-07
0 -0.821531 0.0757423 0 0.36867 -0.172734 0 
1 0.60628 0.440043 0 0.285977 0.798754 0 
2 0.215251 -0.515785 0 -0.654647 -0.62602 0 
dMomentum = -3.36103e-18 -5.18791e-17 0
dEnergy = 2.27595e-07
0 -0.801772 0.0668004 0 0.421811 -0.185211 0 
1 0.619598 0.478805 0 0.247116 0.752658 0 
2 0.182175 -0.545605 0 -0.668927 -0.567447 0 
dMomentum = -3.78116e-18 -5.07407e-17 0
dEnergy = 2.26825e-07
0 -0.779335 0.0571912 0 0.47582 -0.199489 0 
1 0.631026 0.515389 0 0.210306 0.711412 0 
2 0.14831 -0.572581 0 -0.686126 -0.511922 0 
dMomentum = -2.98156e-18 -4.97107e-17 0
dEnergy = 2.26404e-07
0 -0.754171 0.0468143 0 0.530961 -0.216003 0 
1 0.640655 0.550005 0 0.175115 0.673728 0 
2 0.113516 -0.59682 0 -0.706077 -0.457725 0 
dMomentum = -3.68629e-18 -4.94667e-17 0
dEnergy = 2.26238e-07
0 -0.726216 0.0355444 0 0.587507 -0.235313 0 
1 0.648558 0.582806 0 0.141211 0.638679 0 
2 0.0776575 -0.61835 0 -0.728718 -0.403366 0 
dMomentum = -4.44523e-18 -4.99275e-17 0
dEnergy = 2.26285e-07
0 -0.695393 0.0232242 0 0.645732 -0.258161 0 
1 0.654793 0.613905 0 0.108334 0.605568 0 
2 0.0405993 -0.63713 0 -0.754066 -0.347407 0 
dMomentum = -4.06576e-18 -4.9277e-17 0
dEnergy = 2.2654e-07
0 -0.66161 0.00965286 0 0.705899 -0.285548 0 
1 0.659406 0.643386 0 0.0762787 0.573846 0 
2 0.00220484 -0.653039 0 -0.782178 -0.288298 0 
dMomentum = -4.55365e-18 -4.97107e-17 0
dEnergy = 2.2703e-07
0 -0.624766 -0.00542899 0 0.768232 -0.318854 0 
1 0.662432 0.671306 0 0.0448848 0.543063 0 
2 -0.0376657 -0.665877 0 -0.813117 -0.224209 0 
dMomentum = -5.3397e-18 -4.9548e-17 0
dEnergy = 2.27808e-07
0 -0.584749 -0.0223631 0 0.832842 -0.360023 0 
1 0.663903 0.697701 0 0.0140326 0.512836 0 
2 -0.0791539 -0.675338 0 -0.846874 -0.152813 0 
dMomentum = -5.20417e-18 -4.79759e-17 0
dEnergy = 2.28963e-07
0 -0.541446 -0.0416084 0 0.89958 -0.411863 0 
1 0.663843 0.722593 0 -0.0163573 0.482829 0 
2 -0.122397 -0.680984 0 -0.883222 -0.0709662 0 
dMomentum = -6.4239e-18 -4.74338e-17 0
dEnergy = 2.306e-07
0 -0.494767 -0.0637951 0 0.967712 -0.478513 0 
1 0.662274 0.745983 0 -0.0463189 0.452741 0 
2 -0.167507 -0.682188 0 -0.921393 0.0257716 0 
dMomentum = -5.74627e-18 -4.67833e-17 0
dEnergy = 2.32756e-07
0 -0.444685 -0.0898085 0 1.03519 -0.566195 0 
1 0.659219 0.767861 0 -0.0758315 0.422304 0 
2 -0.214534 -0.678053 0 -0.95936 0.14389 0 
dMomentum = -4.25549e-18 -4.64039e-17 0
dEnergy = 2.34994e-07
0 -0.391339 -0.120919 0 1.09698 -0.684312 0 
1 0.6547 0.788204 0 -0.104806 0.391293 0 
2 -0.263361 -0.667284 0 -0.992175 0.293019 0 
dMomentum = -2.11419e-18 -4.6946e-17 0
dEnergy = 2.34793e-07
0 -0.335273 -0.158973 0 1.14112 -0.8466 0 
1 0.64875 0.806978 0 -0.133072 0.359554 0 
2 -0.313477 -0.648005 0 -1.00804 0.487046 0 
dMomentum = -7.04731e-19 -4.94396e-17 0
dEnergy = 2.21811e-07
0 -0.277968 -0.2066 0 1.13979 -1.06989 0 
1 0.641409 0.824146 0 -0.160366 0.327055 0 
2 -0.363441 -0.617547 0 -0.979425 0.742834 0 
dMomentum = -8.13152e-19 -5.14996e-17 0
dEnergy = 1.65386e-07
0 -0.223013 -0.267101 0 1.03387 -1.35951 0 
1 0.632735 0.839674 0 -0.186373 0.293966 0 
2 -0.409721 -0.572573 0 -0.847501 1.06554 0 
dMomentum = 5.96311e-19 -5.39933e-17 0
dEnergy = 4.19712e-08
0 -0.177816 -0.342741 0 0.736168 -1.65558 0 
1 0.622798 0.85354 0 -0.210844 0.2607 0 
2 -0.444982 -0.510799 0 -0.525323 1.39488 0 
dMomentum = 4.87891e-19 -5.59448e-17 0
dEnergy = -3.54376e-09
0 -0.152718 -0.429852 0 0.248825 -1.78538 0 
1 0.611675 0.86575 0 -0.233848 0.22778 0 
2 -0.458957 -0.435898 0 -0.014977 1.5576 0 
dMomentum = 4.33681e-19 -5.63785e-17 0
dEnergy = 1.1402e-07
0 -0.152572 -0.516721 0 -0.219752 -1.65222 0 
1 0.599429 0.876328 0 -0.255891 0.195439 0 
2 -0.446856 -0.359607 0 0.475643 1.45678 0 
dMomentum = 2.1684e-19 -5.63785e-17 0
dEnergy = 2.04146e-07
0 -0.171604 -0.592911 0 -0.510435 -1.38784 0 
1 0.58609 0.885299 0 -0.277657 0.163393 0 
2 -0.414487 -0.292387 0 0.788092 1.22444 0 
dMomentum = 1.19262e-18 -5.67038e-17 0
dEnergy = 2.32112e-07
0 -0.201052 -0.655599 0 -0.647954 -1.12559 0 
1 0.571659 0.892663 0 -0.299671 0.131063 0 
2 -0.370607 -0.237063 0 0.947625 0.994529 0 
dMomentum = 8.67362e-19 -5.42101e-17 0
dEnergy = 2.36281e-07
0 -0.234966 -0.706218 0 -0.69852 -0.906981 0 
1 0.556114 0.89839 0 -0.32224 0.0978207 0 
2 -0.321148 -0.192172 0 1.02076 0.809161 0 
dMomentum = 2.49366e-18 -5.26922e-17 0
dEnergy = 2.34717e-07
0 -0.270183 -0.747027 0 -0.705133 -0.731953 0 
1 0.539423 0.902419 0 -0.345515 0.0630685 0 
2 -0.26924 -0.155392 0 1.05065 0.668884 0 
dMomentum = 2.38524e-18 -5.1608e-17 0
dEnergy = 2.32457e-07
0 -0.305124 -0.77999 0 -0.690076 -0.591575 0 
1 0.52155 0.904662 0 -0.369552 0.0262281 0 
2 -0.216425 -0.124672 0 1.05963 0.565347 0 
dMomentum = 2.92735e-18 -5.21501e-17 0
dEnergy = 2.30598e-07
0 -0.339018 -0.806619 0 -0.664499 -0.477347 0 
1 0.502456 0.904998 0 -0.394332 -0.01329 0 
2 -0.163438 -0.0983782 0 1.05883 0.490637 0 
dMomentum = 2.38524e-18 -5.25838e-17 0
dEnergy = 2.29255e-07
0 -0.371495 -0.828051 0 -0.634071 -0.382767 0 
1 0.482105 0.903278 0 -0.419772 -0.0561184 0 
2 -0.110611 -0.0752262 0 1.05384 0.438885 0 
dMomentum = 3.25261e-18 -5.35596e-17 0
dEnergy = 2.28343e-07
0 -0.402394 -0.845144 0 -0.601748 -0.303102 0 
1 0.46047 0.899319 0 -0.445721 -0.102965 0 
2 -0.0580756 -0.0541749 0 1.04747 0.406068 0 
dMomentum = 4.44523e-18 -5.31259e-17 0
dEnergy = 2.27767e-07
0 -0.431665 -0.858553 0 -0.569105 -0.234926 0 
1 0.437529 0.892901 0 -0.471933 -0.154652 0 
2 -0.00586423 -0.0343479 0 1.04104 0.389578 0 
dMomentum = 5.85469e-18 -5.34512e-17 0
dEnergy = 2.27456e-07
0 -0.459314 -0.868786 0 -0.536987 -0.175721 0 
1 0.413278 0.883757 0 -0.498035 -0.212152 0 
2 0.0460354 -0.0149712 0 1.03502 0.387873 0 
dMomentum = 7.26415e-18 -5.32343e-17 0
dEnergy = 2.27369e-07
0 -0.48538 -0.876243 0 -0.505836 -0.123605 0 
1 0.387736 0.871569 0 -0.523465 -0.276652 0 
2 0.0976432 0.00467382 0 1.0293 0.400256 0 
dMomentum = 5.63785e-18 -5.24754e-17 0
dEnergy = 2.27482e-07
0 -0.509917 -0.88124 0 -0.475868 -0.0771368 0 
1 0.360957 0.855951 0 -0.547371 -0.349609 0 
2 0.14896 0.0252892 0 1.02324 0.426745 0 
dMomentum = 3.46945e-18 -5.17164e-17 0
dEnergy = 2.27782e-07
0 -0.532988 -0.884032 0 -0.447167 -0.0351891 0 
1 0.333046 0.836437 0 -0.568445 -0.432837 0 
2 0.199941 0.0475945 0 1.01561 0.468026 0 
dMomentum = 3.25261e-18 -5.24754e-17 0
dEnergy = 2.28247e-07
0 -0.554655 -0.884819 0 -0.419734 0.00314558 0 
1 0.304193 0.812459 0 -0.584646 -0.528593 0 
2 0.250462 0.0723604 0 1.00438 0.525447 0 
dMomentum = 2.38524e-18 -5.17164e-17 0
dEnergy = 2.28796e-07
0 -0.574981 -0.883765 0 -0.393517 0.0386177 0 
1 0.274716 0.783323 0 -0.592722 -0.639632 0 
2 0.300265 0.100441 0 0.986239 0.601014 0 
dMomentum = 2.05998e-18 -4.92228e-17 0
dEnergy = 2.29158e-07
0 -0.594025 -0.880994 0 -0.368418 0.0718692 0 
1 0.245142 0.748188 0 -0.587404 -0.769137 0 
2 0.348883 0.132807 0 0.955821 0.697268 0 
dMomentum = 0 -4.99817e-17 0
dEnergy = 2.28517e-07
0 -0.611839 -0.876605 0 -0.3443 0.103469 0 
1 0.21634 0.706049 0 -0.560048 -0.920209 0 
2 0.3955 0.170556 0 0.904348 0.81674 0 
dMomentum = 3.25261e-19 -5.05238e-17 0
dEnergy = 2.24633e-07
0 -0.628468 -0.870666 0 -0.320979 0.133943 0 
1 0.189735 0.655783 0 -0.496593 -1.09412 0 
2 0.438734 0.214883 0 0.817571 0.960174 0 
dMomentum = 1.0842e-19 -4.84638e-17 0
dEnergy = 2.12144e-07
0 -0.643946 -0.863221 0 -0.2982 0.163788 0 
1 0.167638 0.596338 0 -0.37546 -1.28546 0 
2 0.476309 0.266884 0 0.67366 1.12167 0 
dMomentum = 6.50521e-19 -4.55365e-17 0
dEnergy = 1.8217e-07
0 -0.658292 -0.85429 0 -0.275616 0.193477 0 
1 0.153606 0.527307 0 -0.169576 -1.47151 0 
2 0.504686 0.326983 0 0.445192 1.27803 0 
dMomentum = 5.96311e-19 -4.57533e-17 0
dEnergy = 1.3488e-07
0 -0.671504 -0.84387 0 -0.252766 0.223405 0 
1 0.152361 0.450149 0 0.135238 -1.5989 0 
2 0.519143 0.39372 0 0.117528 1.37549 0 
dMomentum = 5.42101e-19 -4.53197e-17 0
dEnergy = 1.0718e-07
0 -0.683555 -0.831942 0 -0.229102 0.253779 0 
1 0.168152 0.369603 0 0.498734 -1.59695 0 
2 0.515403 0.462339 0 -0.269633 1.34317 0 
dMomentum = 1.78893e-18 -4.21755e-17 0
dEnergy = 1.34651e-07
0 -0.694392 -0.818486 0 -0.20415 0.284487 0 
1 0.201495 0.292977 0 0.818928 -1.4472 0 
2 0.492897 0.525509 0 -0.614778 1.16272 0 
dMomentum = 1.95156e-18 -4.27176e-17 0
dEnergy = 1.82156e-07
0 -0.703945 -0.803494 0 -0.177717 0.315125 0 
1 0.247986 0.226217 0 1.01885 -1.21758 0 
2 0.455959 0.577277 0 -0.841134 0.902455 0 
dMomentum = 3.08998e-18 -4.33681e-17 0
dEnergy = 2.12215e-07
0 -0.712141 -0.786982 0 -0.149938 0.345243 0 
1 0.301417 0.171191 0 1.10213 -0.987877 0 
2 0.410724 0.615791 0 -0.952197 0.642634 0 
dMomentum = 3.36103e-18 -4.35849e-17 0
dEnergy = 2.24569e-07
0 -0.718921 -0.768983 0 -0.12112 0.374564 0 
1 0.356939 0.126802 0 1.10943 -0.79476 0 
2 0.361982 0.642182 0 -0.988313 0.420196 0 
dMomentum = 2.11419e-18 -4.40186e-17 0
dEnergy = 2.28263e-07
0 -0.724241 -0.74954 0 -0.091575 0.403029 0 
1 0.411687 0.0910256 0 1.07581 -0.642692 0 
2 0.312554 0.658515 0 -0.98424 0.239663 0 
dMomentum = 2.62919e-18 -4.35849e-17 0
dEnergy = 2.28732e-07
0 -0.728071 -0.728693 0 -0.061531 0.430745 0 
1 0.464195 0.0619609 0 1.02235 -0.524907 0 
2 0.263875 0.666732 0 -0.960817 0.0941625 0 
dMomentum = 1.68051e-18 -4.28802e-17 0
dEnergy = 2.28225e-07
0 -0.730388 -0.706475 0 -0.0311141 0.457919 0 
1 0.51378 0.0380998 0 0.960191 -0.433282 0 
2 0.216608 0.668375 0 -0.929077 -0.0246375 0 
dMomentum = 2.24972e-18 -4.26634e-17 0
dEnergy = 2.27547e-07
0 -0.731176 -0.682906 0 -0.000361274 0.484813 0 
1 0.560165 0.0183093 0 0.894976 -0.361123 0 
2 0.171012 0.664597 0 -0.894615 -0.123691 0 
dMomentum = 1.38236e-18 -4.27718e-17 0
dEnergy = 2.26955e-07
0 -0.730418 -0.657993 0 0.0307633 0.51172 0 
1 0.603274 0.00174679 0 0.829467 -0.303457 0 
2 0.127145 0.656246 0 -0.860231 -0.208263 0 
dMomentum = 2.71051e-19 -4.31512e-17 0
dEnergy = 2.2652e-07
0 -0.728092 -0.631728 0 0.0623544 0.538958 0 
1 0.643129 -0.0122177 0 0.764962 -0.2567 0 
2 0.0849638 0.643946 0 -0.827316 -0.282259 0 
dMomentum = -1.76183e-18 -4.27447e-17 0
dEnergy = 2.26254e-07
0 -0.724172 -0.604086 0 0.0945586 0.566879 0 
1 0.679796 -0.0240617 0 0.702005 -0.218279 0 
2 0.0443767 0.628148 0 -0.796564 -0.3486 0 
dMomentum = -1.46367e-18 -4.27176e-17 0
dEnergy = 2.26159e-07
0 -0.718623 -0.575023 0 0.127574 0.595878 0 
1 0.713358 -0.0341532 0 0.640758 -0.186334 0 
2 0.00526529 0.609176 0 -0.768331 -0.409544 0 
dMomentum = -1.63986e-18 -4.18773e-17 0
dEnergy = 2.26244e-07
0 -0.711397 -0.544473 0 0.161655 0.626421 0 
1 0.743899 -0.0427801 0 0.58118 -0.159501 0 
2 -0.0325021 0.587253 0 -0.742835 -0.46692 0 
dMomentum = -1.50433e-18 -4.15249e-17 0
dEnergy = 2.26543e-07
0 -0.702434 -0.512345 0 0.19713 0.659081 0 
1 0.771501 -0.0501716 0 0.523133 -0.13677 0 
2 -0.0690669 0.562517 0 -0.720263 -0.522311 0 
dMomentum = -2.60209e-18 -4.02239e-17 0
dEnergy = 2.27125e-07
0 -0.691654 -0.478517 0 0.234423 0.694593 0 
1 0.796235 -0.0565127 0 0.466432 -0.117379 0 
2 -0.104581 0.53503 0 -0.700855 -0.577214 0 
dMomentum = -3.46945e-18 -4.09557e-17 0
dEnergy = 2.28127e-07
0 -0.678952 -0.442822 0 0.274104 0.733947 0 
1 0.818163 -0.0619554 0 0.410868 -0.100746 0 
2 -0.139211 0.504778 0 -0.684972 -0.633201 0 
dMomentum = -4.17418e-18 -4.15792e-17 0
dEnergy = 2.29821e-07
0 -0.664191 -0.405035 0 0.316961 0.778547 0 
1 0.837337 -0.0666258 0 0.356226 -0.0864228 0 
2 -0.173146 0.471661 0 -0.673187 -0.692124 0 
dMomentum = -3.95734e-18 -4.20399e-17 0
dEnergy = 2.32769e-07
0 -0.647185 -0.364846 0 0.364142 0.830494 0 
1 0.853798 -0.0706302 0 0.302289 -0.0740553 0 
2 -0.206613 0.435476 0 -0.666431 -0.756438 0 
dMomentum = -4.21484e-18 -4.2067e-17 0
dEnergy = 2.38265e-07
0 -0.627676 -0.321809 0 0.41743 0.893154 0 
1 0.867574 -0.0740592 0 0.248841 -0.0633621 0 
2 -0.239899 0.395868 0 -0.66627 -0.829792 0 
dMomentum = -3.21195e-18 -4.04678e-17 0
dEnergy = 2.49724e-07
0 -0.605291 -0.275256 0 0.47983 0.972416 0 
1 0.878686 -0.0769905 0 0.195667 -0.0541127 0 
2 -0.273395 0.352247 0 -0.675498 -0.918303 0 
dMomentum = -2.56143e-18 -4.16334e-17 0
dEnergy = 2.783e-07
0 -0.579449 -0.224104 0 0.557053 1.07991 0 
1 0.887142 -0.0794912 0 0.142554 -0.0461114 0 
2 -0.307693 0.303595 0 -0.699607 -1.0338 0 
dMomentum = -2.79182e-18 -4.26905e-17 0
dEnergy = 3.75683e-07
0 -0.549133 -0.166358 0 0.662107 1.24342 0 
1 0.892939 -0.0816194 0 0.0892896 -0.0391806 0 
2 -0.343806 0.247978 0 -0.751397 -1.20424 0 
dMomentum = -1.0842e-18 -4.02239e-17 0
dEnergy = 1.03226e-06
0 -0.512146 -0.0974051 0 0.836575 1.55795 0 
1 0.896065 -0.0834241 0 0.035662 -0.0331381 0 
2 -0.383919 0.180829 0 -0.872236 -1.52481 0 
dMomentum = -1.35525e-18 -3.55618e-17 0
dEnergy = 0.000176043
0 -0.459772 0.00413879 0 1.485 3.20153 0 
1 0.896496 -0.0849442 0 -0.0185177 -0.0277464 0 
2 -0.436724 0.0808054 0 -1.46648 -3.17378 0 
dMomentum = 1.04083e-17 -4.25007e-17 0
dEnergy = 66.7425
0 -0.802076 -0.0151347 0 -8.09535 -1.37758 0 
1 0.894172 -0.0861884 0 -0.0763191 -0.0212698 0 
2 -0.0920952 0.101323 0 8.17167 1.39885 0 
dMomentum = 6.93889e-18 -4.22839e-17 0
dEnergy = 66.7425
0 -1.20508 -0.0837947 0 -8.03686 -1.37052 0 
1 0.88835 -0.0868074 0 -0.166561 0.00306706 0 
2 0.316731 0.170602 0 8.20343 1.36745 0 
dMomentum = 2.34188e-17 -4.35849e-17 0
dEnergy = 66.7425
0 -1.60628 -0.152254 0 -8.01375 -1.36814 0 
1 0.875853 -0.0837339 0 -0.346528 0.172671 0 
2 0.730431 0.235988 0 8.36028 1.19547 0 
dMomentum = 2.34188e-17 -4.27176e-17 0
dEnergy = 66.7425
0 -2.00661 -0.220625 0 -8.00022 -1.36679 0 
1 0.858022 -0.0650994 0 -0.305765 0.531088 0 
2 1.14859 0.285725 0 8.30599 0.835704 0 
dMomentum = 4.33681e-17 -4.29344e-17 0
dEnergy = 66.7425
0 -2.40638 -0.28894 0 -7.99104 -1.36583 0 
1 0.845689 -0.0357909 0 -0.202021 0.617697 0 
2 1.56069 0.324731 0 8.19306 0.748137 0 
dMomentum = 3.90313e-17 -4.17418e-17 0
dEnergy = 66.7425
0 -2.80575 -0.357212 0 -7.98432 -1.36508 0 
1 0.836843 -0.00431908 0 -0.157545 0.637319 0 
2 1.96891 0.361531 0 8.14186 0.727761 0 
dMomentum = 1.64799e-17 -4.18502e-17 0
dEnergy = 66.7425
0 -3.20483 -0.42545 0 -7.97915 -1.36446 0 
1 0.829575 0.0277422 0 -0.135423 0.644121 0 
2 2.37526 0.397708 0 8.11458 0.720339 0 
dMomentum = 3.90313e-17 -4.21755e-17 0
dEnergy = 66.7425
0 -3.60369 -0.49366 0 -7.97505 -1.36394 0 
1 0.823147 0.0600322 0 -0.122727 0.647114 0 
2 2.78054 0.433627 0 8.09778 0.716821 0 
dMomentum = 3.90313e-17 -4.30428e-17 0
dEnergy = 66.7425
0 -4.00235 -0.561845 0 -7.97171 -1.36348 0 
1 0.817226 0.0924295 0 -0.114704 0.64862 0 
2 3.18513 0.469415 0 8.08642 0.714865 0 
dMomentum = 2.94903e-17 -4.17418e-17 0
dEnergy = 66.7425
0 -4.40087 -0.630009 0 -7.96893 -1.36309 0 
1 0.811634 0.124883 0 -0.109279 0.649438 0 
2 3.58923 0.505126 0 8.07821 0.713655 0 
dMomentum = 5.29091e-17 -3.90313e-17 0
dEnergy = 66.7425
0 -4.79925 -0.698155 0 -7.96659 -1.36275 0 
1 0.806272 0.157367 0 -0.105424 0.649901 0 
2 3.99298 0.540787 0 8.07201 0.712848 0 
dMomentum = 5.63785e-17 -3.61039e-17 0
dEnergy = 66.7425
0 -5.19753 -0.766285 0 -7.96458 -1.36244 0 
1 0.801075 0.18987 0 -0.102578 0.650164 0 
2 4.39646 0.576415 0 8.06715 0.71228 0 
dMomentum = 6.33174e-17 -3.70797e-17 0
dEnergy = 66.7425
0 -5.59572 -0.8344 0 -7.96284 -1.36217 0 
1 0.796003 0.222382 0 -0.100412 0.650311 0 
2 4.79971 0.612018 0 8.06325 0.711862 0 
dMomentum = 4.33681e-17 -3.70797e-17 0
dEnergy = 66.7425
0 -5.99382 -0.902502 0 -7.96131 -1.36193 0 
1 0.791026 0.2549 0 -0.098724 0.650385 0 
2 5.20279 0.647603 0 8.06004 0.711543 0 
dMomentum = 3.90313e-17 -3.71881e-17 0
dEnergy = 66.7425
0 -6.39185 -0.970593 0 -7.95997 -1.36171 0 
1 0.786125 0.28742 0 -0.0973804 0.650415 0 
2 5.60572 0.683173 0 8.05735 0.711295 0 
dMomentum = 2.1684e-17 -3.59955e-17 0
dEnergy = 66.7425
0 -6.78982 -1.03867 0 -7.95877 -1.36151 0 
1 0.781284 0.319941 0 -0.0962925 0.650415 0 
2 6.00853 0.718733 0 8.05507 0.711095 0 
dMomentum = 3.46945e-18 -3.44776e-17 0
dEnergy = 66.7425
0 -7.18773 -1.10674 0 -7.9577 -1.36133 0 
1 0.776492 0.352461 0 -0.0953987 0.650396 0 
2 6.41124 0.754284 0 8.0531 0.710933 0 
dMomentum = -2.60209e-18 -3.4586e-17 0
dEnergy = 66.7425
0 -7.58559 -1.17481 0 -7.95674 -1.36116 0 
1 0.771741 0.38498 0 -0.0946548 0.650364 0 
2 6.81385 0.789827 0 8.0514 0.710798 0 
dMomentum = -1.82146e-17 -3.68629e-17 0
dEnergy = 66.7425
0 -7.9834 -1.24286 0 -7.95587 -1.36101 0 
1 0.767025 0.417497 0 -0.0940288 0.650325 0 
2 7.21638 0.825364 0 8.0499 0.710685 0 
dMomentum = -1.30104e-17 -3.64292e-17 0
dEnergy = 66.7425
0 -8.38118 -1.31091 0 -7.95508 -1.36087 0 
1 0.762337 0.450012 0 -0.0934967 0.650281 0 
2 7.61884 0.860895 0 8.04857 0.710588 0 
dMomentum = -2.42861e-17 -3.43692e-17 0
dEnergy = 66.7425
0 -8.77891 -1.37895 0 -7.95435 -1.36074 0 
1 0.757674 0.482525 0 -0.0930403 0.650234 0 
2 8.02124 0.896423 0 8.04739 0.710505 0 
dMomentum = -2.25514e-17 -3.49113e-17 0
dEnergy = 66.7425
0 -9.17661 -1.44698 0 -7.95369 -1.36062 0 
1 0.753032 0.515036 0 -0.092646 0.650186 0 
2 8.42358 0.931946 0 8.04634 0.710433 0 
dMomentum = -2.60209e-17 -3.44776e-17 0
dEnergy = 66.7425
0 -9.57428 -1.51501 0 -7.95308 -1.36051 0 
1 0.748408 0.547544 0 -0.0923027 0.650138 0 
2 8.82588 0.967466 0 8.04538 0.71037 0 
dMomentum = -1.82146e-17 -3.15503e-17 0
dEnergy = 66.7425
0 -9.97192 -1.58303 0 -7.95252 -1.3604 0 
1 0.743801 0.58005 0 -0.0920019 0.650089 0 
2 9.22812 1.00298 0 8.04452 0.710315 0 
dMomentum = -1.21431e-17 -3.01408e-17 0
dEnergy = 66.7425
0 -10.3695 -1.65105 0 -7.95199 -1.36031 0 
1 0.739207 0.612553 0 -0.0917368 0.650041 0 
2 9.63033 1.0385 0 8.04373 0.710265 0 
dMomentum = -6.93889e-18 -3.01408e-17 0
dEnergy = 66.7425
0 -10.7671 -1.71906 0 -7.95151 -1.36022 0 
1 0.734627 0.645054 0 -0.091502 0.649994 0 
2 10.0325 1.07401 0 8.04301 0.710221 0 
dMomentum = -7.80626e-18 -2.97071e-17 0
dEnergy = 66.7425
0 -11.1655 -1.78721 0 -7.95106 -1.36013 0 
1 0.730048 0.677617 0 -0.0912925 0.649948 0 
2 10.4354 1.10959 0 8.04235 0.710182 0 
dMomentum = -1.21431e-17 -3.01408e-17 0
dEnergy = 66.7425
0 -11.5638 -1.85535 0 -7.95063 -1.36005 0 
1 0.725479 0.710179 0 -0.0911051 0.649904 0 
2 10.8383 1.14517 0 8.04174 0.710146 0 
dMomentum = -8.67362e-18 -3.01408e-17 0
dEnergy = 66.7425
0 -11.9621 -1.92349 0 -7.95024 -1.35997 0 
1 0.720919 0.742738 0 -0.0909368 0.64986 0 
2 11.2412 1.18075 0 8.04118 0.710113 0 
dMomentum = -1.47451e-17 -2.90566e-17 0
dEnergy = 66.7425
0 -12.3604 -1.99162 0 -7.94987 -1.3599 0 
1 0.716367 0.775295 0 -0.0907851 0.649818 0 
2 11.6441 1.21632 0 8.04065 0.710084 0 
dMomentum = -1.38778e-17 -3.03577e-17 0
dEnergy = 66.7425
0 -12.7587 -2.05975 0 -7.94952 -1.35983 0 
1 0.711822 0.807849 0 -0.0906478 0.649778 0 
2 12.0469 1.2519 0 8.04017 0.710057 0 
dMomentum = -2.94903e-17 -3.01408e-17 0
dEnergy = 66.7425
0 -13.157 -2.12787 0 -7.94919 -1.35977 0 
1 0.707284 0.840402 0 -0.0905232 0.649739 0 
2 12.4497 1.28747 0 8.03972 0.710032 0 
dMomentum = -5.37764e-17 -2.93819e-17 0
dEnergy = 66.7425
0 -13.5552 -2.196 0 -7.94888 -1.35971 0 
1 0.702751 0.872953 0 -0.0904096 0.649701 0 
2 12.8525 1.32304 0 8.03929 0.710009 0 
dMomentum = -4.68375e-17 -2.95987e-17 0
dEnergy = 66.7425
0 -13.9535 -2.26412 0 -7.94859 -1.35965 0 
1 0.698224 0.905502 0 -0.0903059 0.649665 0 
2 13.2552 1.35861 0 8.0389 0.709988 0 
dMomentum = -4.85723e-17 -3.33934e-17 0
dEnergy = 66.7425
0 -14.3517 -2.33223 0 -7.94832 -1.3596 0 
1 0.693702 0.93805 0 -0.0902109 0.64963 0 
2 13.658 1.39418 0 8.03853 0.709969 0 
dMomentum = -3.1225e-17 -2.94903e-17 0
dEnergy = 66.7425
0 -14.7499 -2.40035 0 -7.94805 -1.35955 0 
1 0.689185 0.970595 0 -0.0901236 0.649596 0 
2 14.0607 1.42975 0 8.03818 0.709951 0 
dMomentum = -2.68882e-17 -2.90566e-17 0
dEnergy = 66.7425
0 -15.1481 -2.46846 0 -7.94781 -1.3595 0 
1 0.684672 1.00314 0 -0.0900432 0.649563 0 
2 14.4634 1.46532 0 8.03785 0.709934 0 
dMomentum = -7.80626e-18 -3.03577e-17 0
dEnergy = 66.7425
0 -15.5462 -2.53657 0 -7.94757 -1.35945 0 
1 0.680163 1.03568 0 -0.089969 0.649532 0 
2 14.8661 1.50089 0 8.03754 0.709918 0 
dMomentum = 8.67362e-18 -3.23092e-17 0
dEnergy = 66.7425
0 -15.9444 -2.60468 0 -7.94735 -1.35941 0 
1 0.675657 1.06822 0 -0.0899004 0.649502 0 
2 15.2688 1.53646 0 8.03725 0.709904 0 
dMomentum = -8.67362e-19 -3.27429e-17 0
dEnergy = 66.7425
0 -16.3426 -2.67278 0 -7.94713 -1.35936 0 
1 0.671155 1.10076 0 -0.0898367 0.649472 0 
2 15.6714 1.57202 0 8.03697 0.70989 0 
dMomentum = 1.38778e-17 -2.95987e-17 0
dEnergy = 66.7425
0 -16.7407 -2.74089 0 -7.94693 -1.35932 0 
1 0.666655 1.1333 0 -0.0897776 0.649444 0 
2 16.0741 1.60759 0 8.03671 0.709877 0 
dMomentum = 5.20417e-18 -2.94903e-17 0
dEnergy = 66.7425
0 -17.1389 -2.80899 0 -7.94673 -1.35928 0 
1 0.662159 1.16584 0 -0.0897226 0.649417 0 
2 16.4767 1.64315 0 8.03646 0.709865 0 
dMomentum = 7.80626e-18 -3.05745e-17 0
dEnergy = 66.7425
0 -17.537 -2.87709 0 -7.94655 -1.35924 0 
1 0.657665 1.19837 0 -0.0896714 0.649391 0 
2 16.8793 1.67871 0 8.03622 0.709853 0 
dMomentum = 6.93889e-18 -3.24176e-17 0
dEnergy = 66.7425
0 -17.9351 -2.94518 0 -7.94637 -1.35921 0 
1 0.653174 1.2309 0 -0.0896235 0.649365 0 
2 17.2819 1.71428 0 8.03599 0.709843 0 
dMomentum = 8.67362e-18 -3.05745e-17 0
dEnergy = 66.7425
0 -18.3332 -3.01328 0 -7.9462 -1.35917 0 
1 0.648685 1.26344 0 -0.0895787 0.649341 0 
2 17.6845 1.74984 0 8.03578 0.709832 0 
dMomentum = -1.21431e-17 -3.39355e-17 0
dEnergy = 66.7425
0 -18.7313 -3.08137 0 -7.94604 -1.35914 0 
1 0.644198 1.29597 0 -0.0895368 0.649317 0 
2 18.0871 1.7854 0 8.03557 0.709823 0 
dMomentum = -1.47451e-17 -3.39355e-17 0
dEnergy = 66.7425
0 -19.1294 -3.14946 0 -7.94588 -1.35911 0 
1 0.639713 1.3285 0 -0.0894974 0.649294 0 
2 18.4897 1.82097 0 8.03538 0.709814 0 
dMomentum = -1.56125e-17 -3.4586e-17 0
dEnergy = 66.7425
0 -19.5275 -3.21755 0 -7.94573 -1.35908 0 
1 0.63523 1.36103 0 -0.0894604 0.649272 0 
2 18.8923 1.85653 0 8.03519 0.709805 0 
dMomentum = -1.47451e-17 -3.62124e-17 0
dEnergy = 66.7425
0 -19.9256 -3.28564 0 -7.94558 -1.35905 0 
1 0.630749 1.39356 0 -0.0894256 0.64925 0 
2 19.2948 1.89209 0 8.03501 0.709797 0 
dMomentum = -1.9082e-17 -3.6646e-17 0
dEnergy = 66.7425
0 -20.3236 -3.35373 0 -7.94545 -1.35902 0 
1 0.62627 1.42608 0 -0.0893929 0.649229 0 
2 19.6974 1.92765 0 8.03484 0.709789 0 
dMomentum = -7.80626e-18 -3.79471e-17 0
dEnergy = 66.7425
0 -20.7217 -3.42182 0 -7.94531 -1.35899 0 
1 0.621792 1.45861 0 -0.089362 0.649209 0 
2 20.0999 1.96321 0 8.03467 0.709782 0 
dMomentum = -1.73472e-18 -3.69713e-17 0
dEnergy = 66.7425
0 -21.1198 -3.4899 0 -7.94518 -1.35896 0 
1 0.617315 1.49113 0 -0.0893328 0.64919 0 
2 20.5024 1.99877 0 8.03452 0.709774 0 
dMomentum = -1.99493e-17 -3.82723e-17 0
dEnergy = 66.7425
0 -21.5178 -3.55799 0 -7.94506 -1.35894 0 
1 0.612841 1.52366 0 -0.0893051 0.649171 0 
2 20.905 2.03433 0 8.03436 0.709768 0 
dMomentum = -1.30104e-17 -3.62124e-17 0
dEnergy = 66.7425
0 -21.9158 -3.62607 0 -7.94494 -1.35891 0 
1 0.608367 1.55618 0 -0.089279 0.649152 0 
2 21.3075 2.06989 0 8.03422 0.709761 0 
dMomentum = -1.82146e-17 -3.40439e-17 0
dEnergy = 66.7425
0 -22.3139 -3.69415 0 -7.94482 -1.35889 0 
1 0.603895 1.5887 0 -0.0892543 0.649134 0 
2 21.71 2.10545 0 8.03408 0.709755 0 
dMomentum = -1.56125e-17 -3.29597e-17 0
dEnergy = 66.7425
0 -22.7119 -3.76223 0 -7.94471 -1.35887 0 
1 0.599424 1.62122 0 -0.0892308 0.649117 0 
2 22.1125 2.141 0 8.03394 0.709749 0 
dMomentum = 3.46945e-18 -3.36103e-17 0
dEnergy = 66.7425
0 -23.1099 -3.83031 0 -7.9446 -1.35884 0 
1 0.594954 1.65374 0 -0.0892085 0.6491 0 
2 22.515 2.17656 0 8.03381 0.709743 0 
dMomentum = 8.67362e-18 -3.25261e-17 0
dEnergy = 66.7425
0 -23.508 -3.89838 0 -7.9445 -1.35882 0 
1 0.590485 1.68626 0 -0.0891873 0.649084 0 
2 22.9175 2.21212 0 8.03369 0.709738 0 
dMomentum = 2.25514e-17 -3.08998e-17 0
dEnergy = 66.7425
0 -23.906 -3.96646 0 -7.9444 -1.3588 0 
1 0.586017 1.71878 0 -0.0891671 0.649068 0 
2 23.32 2.24768 0 8.03357 0.709733 0 
dMomentum = 1.99493e-17 -2.87314e-17 0
dEnergy = 66.7425
0 -24.304 -4.03454 0 -7.9443 -1.35878 0 
1 0.581551 1.7513 0 -0.089148 0.649052 0 
2 23.7224 2.28324 0 8.03345 0.709728 0 
dMomentum = 3.46945e-18 -2.75387e-17 0
dEnergy = 66.7425
0 -24.702 -4.10261 0 -7.94421 -1.35876 0 
1 0.577085 1.78382 0 -0.0891297 0.649037 0 
2 24.1249 2.31879 0 8.03334 0.709723 0 
dMomentum = 1.38778e-17 -2.55872e-17 0
dEnergy = 66.7425
0 -25.1 -4.17068 0 -7.94412 -1.35874 0 
1 0.57262 1.81633 0 -0.0891122 0.649023 0 
2 24.5274 2.35435 0 8.03323 0.709718 0 
dMomentum = 3.64292e-17 -2.63461e-17 0
dEnergy = 66.7425
0 -25.498 -4.23876 0 -7.94403 -1.35872 0 
1 0.568156 1.84885 0 -0.0890956 0.649009 0 
2 24.9298 2.38991 0 8.03312 0.709714 0 
dMomentum = 4.16334e-17 -2.25514e-17 0
dEnergy = 66.7425
0 -25.896 -4.30683 0 -7.94394 -1.3587 0 
1 0.563692 1.88136 0 -0.0890797 0.648995 0 
2 25.3323 2.42546 0 8.03302 0.709709 0 
dMomentum = 5.29091e-17 -2.3744e-17 0
dEnergy = 66.7425
0 -26.294 -4.3749 0 -7.94386 -1.35869 0 
1 0.55923 1.91388 0 -0.0890645 0.648981 0 
2 25.7348 2.46102 0 8.03292 0.709705 0 
dMomentum = 6.76542e-17 -1.97325e-17 0
dEnergy = 66.7425
0 -26.692 -4.44297 0 -7.94378 -1.35867 0 
1 0.554768 1.94639 0 -0.08905 0.648968 0 
2 26.1372 2.49658 0 8.03283 0.709701 0 
dMomentum = 7.45931e-17 -2.27682e-17 0
dEnergy = 66.7425
0 -27.09 -4.51104 0 -7.9437 -1.35865 0 
1 0.550307 1.97891 0 -0.089036 0.648955 0 
2 26.5396 2.53213 0 8.03274 0.709697 0 
dMomentum = 7.02563e-17 -2.47198e-17 0
dEnergy = 66.7425
0 -27.4879 -4.57911 0 -7.94362 -1.35864 0 
1 0.545847 2.01142 0 -0.0890227 0.648943 0 
2 26.9421 2.56769 0 8.03265 0.709693 0 
dMomentum = 7.11237e-17 -2.38524e-17 0
dEnergy = 66.7425
0 -27.8859 -4.64717 0 -7.94355 -1.35862 0 
1 0.541387 2.04393 0 -0.0890099 0.648931 0 
2 27.3445 2.60324 0 8.03256 0.70969 0 
dMomentum = 7.02563e-17 -2.32019e-17 0
dEnergy = 66.7425
0 -28.2839 -4.71524 0 -7.94348 -1.35861 0 
1 0.536928 2.07644 0 -0.0889977 0.648919 0 
2 27.7469 2.6388 0 8.03247 0.709686 0 
dMomentum = 6.93889e-17 -2.50451e-17 0
dEnergy = 66.7425
0 -28.6818 -4.7833 0 -7.94341 -1.35859 0 
1 0.532469 2.10895 0 -0.0889859 0.648907 0 
2 28.1494 2.67435 0 8.03239 0.709683 0 
dMomentum = 9.62772e-17 -2.41777e-17 0
dEnergy = 66.7425
0 -29.0798 -4.85137 0 -7.94334 -1.35858 0 
1 0.528011 2.14146 0 -0.0889746 0.648896 0 
2 28.5518 2.70991 0 8.03231 0.70968 0 
dMomentum = 6.59195e-17 -2.27682e-17 0
dEnergy = 66.7425
0 -29.4778 -4.91943 0 -7.94327 -1.35856 0 
1 0.523554 2.17397 0 -0.0889638 0.648885 0 
2 28.9542 2.74546 0 8.03224 0.709677 0 
dMomentum = 6.67869e-17 -2.5804e-17 0
dEnergy = 66.7425
0 -29.8757 -4.9875 0 -7.94321 -1.35855 0 
1 0.519097 2.20648 0 -0.0889533 0.648874 0 
2 29.3566 2.78102 0 8.03216 0.709673 0 
dMomentum = 5.55112e-17 -2.56956e-17 0
dEnergy = 66.7425
0 -30.2737 -5.05556 0 -7.94314 -1.35853 0 
1 0.514641 2.23899 0 -0.0889433 0.648864 0 
2 29.759 2.81657 0 8.03209 0.70967 0 
dMomentum = 5.89806e-17 -2.59124e-17 0
dEnergy = 66.7425
0 -30.6716 -5.12362 0 -7.94308 -1.35852 0 
1 0.510185 2.2715 0 -0.0889336 0.648853 0 
2 30.1614 2.85213 0 8.03202 0.709668 0 
dMomentum = 4.25007e-17 -2.75387e-17 0
dEnergy = 66.7425
0 -31.0696 -5.19168 0 -7.94302 -1.35851 0 
1 0.50573 2.304 0 -0.0889243 0.648843 0 
2 30.5638 2.88768 0 8.03195 0.709665 0 
dMomentum = 3.38271e-17 -2.82977e-17 0
dEnergy = 66.7425
0 -31.4675 -5.25975 0 -7.94296 -1.3585 0 
1 0.501275 2.33651 0 -0.0889153 0.648834 0 
2 30.9662 2.92324 0 8.03188 0.709662 0 
dMomentum = 2.77556e-17 -2.60209e-17 0
dEnergy = 66.7425
0 -31.8655 -5.32781 0 -7.94291 -1.35848 0 
1 0.49682 2.36902 0 -0.0889067 0.648824 0 
2 31.3686 2.95879 0 8.03181 0.709659 0 
dMomentum = 5.81132e-17 -2.54788e-17 0
dEnergy = 66.7425
0 -32.2634 -5.39587 0 -7.94285 -1.35847 0 
1 0.492366 2.40152 0 -0.0888983 0.648815 0 
2 31.771 2.99434 0 8.03175 0.709657 0 
dMomentum = 8.23994e-17 -2.60209e-17 0
dEnergy = 66.7425
0 -32.6613 -5.46392 0 -7.9428 -1.35846 0 
1 0.487913 2.43403 0 -0.0888903 0.648805 0 
2 32.1734 3.0299 0 8.03169 0.709654 0 
dMomentum = 7.11237e-17 -2.5804e-17 0
dEnergy = 66.7425
0 -33.0593 -5.53198 0 -7.94274 -1.35845 0 
1 0.48346 2.46653 0 -0.0888825 0.648797 0 
2 32.5758 3.06545 0 8.03163 0.709652 0 
dMomentum = 5.63785e-17 -2.84061e-17 0
dEnergy = 66.7425
0 -33.4572 -5.60004 0 -7.94269 -1.35844 0 
1 0.479007 2.49904 0 -0.088875 0.648788 0 
2 32.9782 3.101 0 8.03157 0.70965 0 
dMomentum = 6.67869e-17 -2.84061e-17 0
dEnergy = 66.7425
0 -33.8551 -5.6681 0 -7.94264 -1.35843 0 
1 0.474554 2.53154 0 -0.0888678 0.648779 0 
2 33.3806 3.13656 0 8.03151 0.709647 0 
dMomentum = 8.23994e-17 -2.75387e-17 0
dEnergy = 66.7425
0 -34.253 -5.73616 0 -7.94259 -1.35842 0 
1 0.470102 2.56404 0 -0.0888608 0.648771 0 
2 33.7829 3.17211 0 8.03145 0.709645 0 
dMomentum = 8.32667e-17 -2.60209e-17 0
dEnergy = 66.7425
0 -34.651 -5.80421 0 -7.94254 -1.35841 0 
1 0.465651 2.59655 0 -0.088854 0.648763 0 
2 34.1853 3.20766 0 8.0314 0.709643 0 
dMomentum = 1.20563e-16 -2.75387e-17 0
dEnergy = 66.7425
0 -35.0489 -5.87227 0 -7.9425 -1.3584 0 
1 0.461199 2.62905 0 -0.0888474 0.648754 0 
2 34.5877 3.24322 0 8.03134 0.709641 0 
dMomentum = 9.62772e-17 -2.93819e-17 0
dEnergy = 66.7425
0 -35.4468 -5.94032 0 -7.94245 -1.35839 0 
1 0.456748 2.66155 0 -0.0888411 0.648747 0 
2 34.9901 3.27877 0 8.03129 0.709639 0 
dMomentum = 8.93383e-17 -3.14419e-17 0
dEnergy = 66.7425
0 -35.8447 -6.00838 0 -7.94241 -1.35838 0 
1 0.452297 2.69405 0 -0.0888349 0.648739 0 
2 35.3924 3.31432 0 8.03124 0.709637 0 
dMomentum = 8.50015e-17 -3.20924e-17 0
dEnergy = 66.7425
0 -36.2426 -6.07643 0 -7.94236 -1.35837 0 
1 0.447847 2.72656 0 -0.088829 0.648731 0 
2 35.7948 3.34988 0 8.03119 0.709635 0 
dMomentum = 7.02563e-17 -2.97071e-17 0
dEnergy = 66.7425
0 -36.6405 -6.14449 0 -7.94232 -1.35836 0 
1 0.443397 2.75906 0 -0.0888232 0.648724 0 
2 36.1971 3.38543 0 8.03114 0.709633 0 
dMomentum = 6.59195e-17 -2.89482e-17 0
dEnergy = 66.7425
0 -37.0385 -6.21254 0 -7.94228 -1.35835 0 
1 0.438947 2.79156 0 -0.0888176 0.648717 0 
2 36.5995 3.42098 0 8.03109 0.709631 0 
dMomentum = 4.85723e-17 -2.9924e-17 0
dEnergy = 66.7425
0 -37.4364 -6.28059 0 -7.94224 -1.35834 0 
1 0.434497 2.82406 0 -0.0888122 0.648709 0 
2 37.0019 3.45653 0 8.03105 0.709629 0 
dMomentum = 4.25007e-17 -2.77556e-17 0
dEnergy = 66.7425
0 -37.8343 -6.34865 0 -7.94219 -1.35833 0 
1 0.430048 2.85656 0 -0.0888069 0.648702 0 
2 37.4042 3.49209 0 8.031 0.709627 0 
dMomentum = 3.64292e-17 -3.01408e-17 0
dEnergy = 66.7425
0 -38.2322 -6.4167 0 -7.94215 -1.35832 0 
1 0.425599 2.88906 0 -0.0888018 0.648696 0 
2 37.8066 3.52764 0 8.03096 0.709626 0 
dMomentum = 5.20417e-17 -2.76472e-17 0
dEnergy = 66.7425
0 -38.6301 -6.48475 0 -7.94212 -1.35831 0 
1 0.42115 2.92156 0 -0.0887969 0.648689 0 
2 38.2089 3.56319 0 8.03091 0.709624 0 
dMomentum = 4.16334e-17 -2.76472e-17 0
dEnergy = 66.7425
0 -39.028 -6.5528 0 -7.94208 -1.3583 0 
1 0.416701 2.95406 0 -0.088792 0.648682 0 
2 38.6113 3.59874 0 8.03087 0.709622 0 
dMomentum = 5.63785e-17 -2.79724e-17 0
dEnergy = 66.7425
0 -39.4259 -6.62085 0 -7.94204 -1.3583 0 
1 0.412253 2.98656 0 -0.0887874 0.648676 0 
2 39.0136 3.63429 0 8.03083 0.709621 0 
dMomentum = 6.33174e-17 -2.80808e-17 0
dEnergy = 66.7425
0 -39.8238 -6.6889 0 -7.942 -1.35829 0 
1 0.407805 3.01906 0 -0.0887828 0.648669 0 
2 39.416 3.66985 0 8.03079 0.709619 0 
dMomentum = 5.55112e-17 -2.69966e-17 0
dEnergy = 66.7425
0 -40.2217 -6.75695 0 -7.94197 -1.35828 0 
1 0.403357 3.05155 0 -0.0887784 0.648663 0 
2 39.8183 3.7054 0 8.03075 0.709617 0 
dMomentum = 5.72459e-17 -2.76472e-17 0
dEnergy = 66.7425
0 -40.6195 -6.825 0 -7.94193 -1.35827 0 
1 0.398909 3.08405 0 -0.0887741 0.648657 0 
2 40.2206 3.74095 0 8.03071 0.709616 0 
dMomentum = 5.0307e-17 -2.97071e-17 0
dEnergy = 66.7425
0 -41.0174 -6.89305 0 -7.9419 -1.35827 0 
1 0.394462 3.11655 0 -0.0887699 0.648651 0 
2 40.623 3.7765 0 8.03067 0.709614 0 
dMomentum = 3.81639e-17 -2.94903e-17 0
dEnergy = 66.7425
0 -41.4153 -6.9611 0 -7.94186 -1.35826 0 
1 0.390014 3.14905 0 -0.0887659 0.648645 0 
2 41.0253 3.81205 0 8.03063 0.709613 0 
dMomentum = 4.68375e-17 -2.88398e-17 0
dEnergy = 66.7425
0 -41.8132 -7.02915 0 -7.94183 -1.35825 0 
1 0.385567 3.18154 0 -0.0887619 0.648639 0 
2 41.4276 3.84761 0 8.03059 0.709612 0 
dMomentum = 2.60209e-17 -2.86229e-17 0
dEnergy = 66.7425
0 -42.2111 -7.0972 0 -7.9418 -1.35824 0 
1 0.38112 3.21404 0 -0.0887581 0.648633 0 
2 41.83 3.88316 0 8.03056 0.70961 0 
dMomentum = 2.86229e-17 -2.86229e-17 0
dEnergy = 66.7425
0 -42.609 -7.16524 0 -7.94177 -1.35824 0 
1 0.376674 3.24654 0 -0.0887543 0.648628 0 
2 42.2323 3.91871 0 8.03052 0.709609 0 
dMomentum = 2.25514e-17 -2.88398e-17 0
dEnergy = 66.7425
0 -43.0069 -7.23329 0 -7.94174 -1.35823 0 
1 0.372227 3.27903 0 -0.0887507 0.648622 0 
2 42.6346 3.95426 0 8.03049 0.709608 0 
dMomentum = 2.1684e-17 -2.81893e-17 0
dEnergy = 66.7425
0 -43.4047 -7.30134 0 -7.9417 -1.35822 0 
1 0.367781 3.31153 0 -0.0887471 0.648617 0 
2 43.037 3.98981 0 8.03045 0.709606 0 
dMomentum = 2.25514e-17 -2.73219e-17 0
dEnergy = 66.7425
0 -43.8026 -7.36939 0 -7.94167 -1.35822 0 
1 0.363335 3.34402 0 -0.0887437 0.648612 0 
2 43.4393 4.02536 0 8.03042 0.709605 0 
dMomentum = 1.12757e-17 -2.77556e-17 0
dEnergy = 66.7425
0 -44.2005 -7.43743 0 -7.94164 -1.35821 0 
1 0.358889 3.37652 0 -0.0887403 0.648606 0 
2 43.8416 4.06091 0 8.03039 0.709604 0 
dMomentum = 3.29597e-17 -2.84061e-17 0
dEnergy = 66.7425
0 -44.5984 -7.50548 0 -7.94162 -1.3582 0 
1 0.354443 3.40901 0 -0.088737 0.648601 0 
2 44.2439 4.09646 0 8.03035 0.709602 0 
dMomentum = 2.51535e-17 -2.74303e-17 0
dEnergy = 66.7425
0 -44.9962 -7.57352 0 -7.94159 -1.3582 0 
1 0.349997 3.44151 0 -0.0887338 0.648596 0 
2 44.6463 4.13202 0 8.03032 0.709601 0 
dMomentum = 3.55618e-17 -2.39609e-17 0
dEnergy = 66.7425
0 -45.3941 -7.64157 0 -7.94156 -1.35819 0 
1 0.345552 3.474 0 -0.0887307 0.648591 0 
2 45.0486 4.16757 0 8.03029 0.7096 0 
dMomentum = 3.46945e-17 -2.48282e-17 0
dEnergy = 66.7425
0 -45.792 -7.70961 0 -7.94153 -1.35819 0 
1 0.341106 3.5065 0 -0.0887276 0.648586 0 
2 45.4509 4.20312 0 8.03026 0.709599 0 
dMomentum = 5.55112e-17 -2.6563e-17 0
dEnergy = 66.7425
0 -46.1899 -7.77766 0 -7.9415 -1.35818 0 
1 0.336661 3.53899 0 -0.0887247 0.648581 0 
2 45.8532 4.23867 0 8.03023 0.709598 0 
dMomentum = 5.37764e-17 -2.79724e-17 0
dEnergy = 66.7425
0 -46.5877 -7.8457 0 -7.94148 -1.35817 0 
1 0.332216 3.57149 0 -0.0887218 0.648577 0 
2 46.2555 4.27422 0 8.0302 0.709597 0 
dMomentum = 4.42354e-17 -2.5804e-17 0
dEnergy = 66.7425
0 -46.9856 -7.91375 0 -7.94145 -1.35817 0 
1 0.327771 3.60398 0 -0.0887189 0.648572 0 
2 46.6578 4.30977 0 8.03017 0.709596 0 
dMomentum = 5.46438e-17 -2.38524e-17 0
dEnergy = 66.7425
0 -47.3835 -7.98179 0 -7.94142 -1.35816 0 
1 0.323327 3.63647 0 -0.0887161 0.648567 0 
2 47.0601 4.34532 0 8.03014 0.709595 0 
dMomentum = 5.72459e-17 -2.27682e-17 0
dEnergy = 66.7425
0 -47.7813 -8.04984 0 -7.9414 -1.35816 0 
1 0.318882 3.66897 0 -0.0887134 0.648563 0 
2 47.4624 4.38087 0 8.03011 0.709593 0 
dMomentum = 4.42354e-17 -2.63461e-17 0
dEnergy = 66.7425
0 -48.1792 -8.11788 0 -7.94137 -1.35815 0 
1 0.314437 3.70146 0 -0.0887108 0.648558 0 
2 47.8648 4.41642 0 8.03009 0.709592 0 
dMomentum = 4.16334e-17 -2.81893e-17 0
dEnergy = 66.7425
0 -48.5771 -8.18592 0 -7.94135 -1.35815 0 
1 0.309993 3.73395 0 -0.0887082 0.648554 0 
2 48.2671 4.45197 0 8.03006 0.709591 0 
dMomentum = 4.94396e-17 -3.14419e-17 0
dEnergy = 66.7425
0 -48.9749 -8.25397 0 -7.94133 -1.35814 0 
1 0.305549 3.76644 0 -0.0887057 0.64855 0 
2 48.6694 4.48752 0 8.03003 0.70959 0 
dMomentum = 4.16334e-17 -3.1225e-17 0
dEnergy = 66.7425
0 -49.3728 -8.32201 0 -7.9413 -1.35813 0 
1 0.301105 3.79894 0 -0.0887032 0.648545 0 
2 49.0717 4.52307 0 8.03 0.709589 0 
