dMomentum = 0 0 0
dEnergy = 0
0 -1 0 0 0.416822 0.330333 0 
1 1 0 0 0.416822 0.330333 0 
2 0 0 0 -0.833644 -0.660667 0 
dMomentum = -6.77626e-19 5.42101e-20 0
dEnergy = 1.7379e-10
0 -0.977493 0.0165268 0 0.482799 0.328918 0 
1 1.01936 0.0165307 0 0.357147 0.329232 0 
2 -0.0418707 -0.0330576 0 -0.839946 -0.65815 0 
dMomentum = -8.67362e-19 -7.58942e-19 0
dEnergy = 7.25697e-10
0 -0.951496 0.0328965 0 0.55645 0.323828 0 
1 1.03587 0.0329604 0 0.302694 0.326409 0 
2 -0.0843776 -0.065857 0 -0.859144 -0.650238 0 
dMomentum = -1.38236e-18 -1.16552e-18 0
dEnergy = 1.75562e-09
0 -0.92158 0.0488845 0 0.639555 0.313321 0 
1 1.04977 0.0492177 0 0.252597 0.322428 0 
2 -0.128187 -0.0981022 0 -0.892152 -0.635749 0 
dMomentum = -1.91091e-18 -2.24972e-18 0
dEnergy = 3.45895e-09
0 -0.887216 0.0641561 0 0.734445 0.294664 0 
1 1.06124 0.0652553 0 0.206142 0.317698 0 
2 -0.174028 -0.129411 0 -0.940587 -0.612362 0 
dMomentum = -4.87891e-19 -2.1684e-18 0
dEnergy = 6.16887e-09
0 -0.847741 0.0782006 0 0.84418 0.26338 0 
1 1.07047 0.0810437 0 0.162722 0.312527 0 
2 -0.222732 -0.159244 0 -1.0069 -0.575907 0 
dMomentum = 1.70762e-18 -1.3417e-18 0
dEnergy = 1.03706e-08
0 -0.802317 0.0902105 0 0.97264 0.211758 0 
1 1.07759 0.096567 0 0.121799 0.307145 0 
2 -0.275274 -0.186777 0 -1.09444 -0.518903 0 
dMomentum = 2.49366e-18 -1.6263e-18 0
dEnergy = 1.63668e-08
0 -0.749897 0.0988514 0 1.12408 0.125759 0 
1 1.08271 0.111819 0 0.0828731 0.30173 0 
2 -0.332813 -0.210671 0 -1.20696 -0.42749 0 
dMomentum = 4.22839e-18 -2.98156e-19 0
dEnergy = 2.16221e-08
0 -0.689265 0.101802 0 1.30017 -0.0214973 0 
1 1.08592 0.126802 0 0.0454442 0.296407 0 
2 -0.396654 -0.228604 0 -1.34562 -0.27491 0 
dMomentum = 5.3668e-18 -4.33681e-19 0
dEnergy = 4.82301e-09
0 -0.61942 0.0948302 0 1.48633 -0.281843 0 
1 1.08728 0.141522 0 0.00897433 0.291242 0 
2 -0.46786 -0.236352 0 -1.4953 -0.00939835 0 
dMomentum = 2.60209e-18 -3.25261e-19 0
dEnergy = -1.36235e-07
0 -0.541441 0.0703115 0 1.60009 -0.735155 0 
1 1.08682 0.155986 0 -0.0271515 0.28619 0 
2 -0.545384 -0.226298 0 -1.57294 0.448965 0 
dMomentum = -2.71051e-19 1.51788e-18 0
dEnergy = -4.55767e-07
0 -0.464248 0.0180508 0 1.40595 -1.35724 0 
1 1.08455 0.170196 0 -0.0635775 0.280998 0 
2 -0.620306 -0.188247 0 -1.34237 1.07624 0 
dMomentum = 1.0842e-19 1.0842e-18 0
dEnergy = -3.05378e-07
0 -0.407581 -0.0616431 0 0.821253 -1.74659 0 
1 1.08044 0.184132 0 -0.100635 0.275167 0 
2 -0.672862 -0.122488 0 -0.720618 1.47142 0 
dMomentum = 1.02999e-18 3.25261e-18 0
dEnergy = -4.02363e-08
0 -0.38092 -0.149643 0 0.281015 -1.71725 0 
1 1.07447 0.19775 0 -0.138006 0.268321 0 
2 -0.693545 -0.0481076 0 -0.143009 1.44893 0 
dMomentum = 1.19262e-18 2.49366e-18 0
dEnergy = 1.86484e-08
0 -0.37546 -0.231249 0 -0.0297079 -1.53275 0 
1 1.06662 0.211001 0 -0.175185 0.260523 0 
2 -0.691159 0.0202478 0 0.204893 1.27223 0 
dMomentum = 8.67362e-19 2.81893e-18 0
dEnergy = 1.89919e-08
0 -0.381388 -0.303194 0 -0.189021 -1.3428 0 
1 1.05692 0.223843 0 -0.211956 0.252047 0 
2 -0.67553 0.0793506 0 0.400978 1.09076 0 
dMomentum = 6.50521e-19 1.95156e-18 0
dEnergy = 1.24876e-08
0 -0.393096 -0.366251 0 -0.269095 -1.17919 0 
1 1.04539 0.236249 0 -0.248364 0.24315 0 
2 -0.65229 0.130002 0 0.517459 0.936041 0 
dMomentum = 3.25261e-19 3.90313e-18 0
dEnergy = 7.30126e-09
0 -0.407665 -0.421792 0 -0.307458 -1.04201 0 
1 1.03204 0.248203 0 -0.284593 0.234019 0 
2 -0.624371 0.173589 0 0.592051 0.807992 0 
dMomentum = -2.1684e-19 3.03577e-18 0
dEnergy = 3.85155e-09
0 -0.423522 -0.471015 0 -0.322703 -0.926082 0 
1 1.01687 0.259696 0 -0.32089 0.224777 0 
2 -0.593347 0.211319 0 0.643593 0.701306 0 
dMomentum = -6.50521e-19 2.60209e-18 0
dEnergy = 1.62893e-09
0 -0.439776 -0.514859 0 -0.324423 -0.826528 0 
1 0.999877 0.270725 0 -0.35754 0.215502 0 
2 -0.5601 0.244133 0 0.681963 0.611026 0 
dMomentum = 3.25261e-19 1.84314e-18 0
dEnergy = 2.06159e-10
0 -0.455892 -0.554043 0 -0.317846 -0.739582 0 
1 0.981032 0.28129 0 -0.394857 0.206243 0 
2 -0.52514 0.272754 0 0.712703 0.533339 0 
dMomentum = 7.58942e-19 3.46945e-18 0
dEnergy = -6.85901e-10
0 -0.471506 -0.589062 0 -0.305992 -0.662603 0 
1 0.960338 0.291372 0 -0.433109 0.197048 0 
2 -0.488833 0.29769 0 0.739102 0.465555 0 
dMomentum = 1.51788e-18 4.77049e-18 0
dEnergy = -1.20789e-09
0 -0.486433 -0.620432 0 -0.290634 -0.593358 0 
1 0.937698 0.300996 0 -0.472763 0.187916 0 
2 -0.451265 0.319437 0 0.763397 0.405442 0 
dMomentum = 2.60209e-18 5.85469e-18 0
dEnergy = -1.44374e-09
0 -0.500529 -0.648501 0 -0.27287 -0.530314 0 
1 0.913031 0.310165 0 -0.514279 0.178859 0 
2 -0.412502 0.338336 0 0.787149 0.351455 0 
dMomentum = 2.49366e-18 6.83047e-18 0
dEnergy = -1.42536e-09
0 -0.513692 -0.673548 0 -0.253395 -0.472307 0 
1 0.88623 0.318883 0 -0.558216 0.169888 0 
2 -0.372538 0.354664 0 0.811612 0.302418 0 
dMomentum = 3.79471e-18 7.15573e-18 0
dEnergy = -1.13891e-09
0 -0.525848 -0.6958 0 -0.232658 -0.418434 0 
1 0.857157 0.327155 0 -0.605284 0.161017 0 
2 -0.331309 0.368645 0 0.837943 0.257417 0 
dMomentum = 1.19262e-18 5.96311e-18 0
dEnergy = -5.15822e-10
0 -0.536942 -0.715448 0 -0.210949 -0.367987 0 
1 0.825634 0.334987 0 -0.656412 0.15227 0 
2 -0.288693 0.380461 0 0.867361 0.215717 0 
dMomentum = 2.27682e-18 6.12574e-18 0
dEnergy = 5.99277e-10
0 -0.54693 -0.732647 0 -0.188454 -0.320396 0 
1 0.791428 0.342385 0 -0.71287 0.143687 0 
2 -0.244498 0.390262 0 0.901325 0.176709 0 
dMomentum = 1.95156e-18 6.17995e-18 0
dEnergy = 2.5296e-09
0 -0.555776 -0.747527 0 -0.165293 -0.275197 0 
1 0.754228 0.34936 0 -0.776485 0.135344 0 
2 -0.198452 0.398168 0 0.941778 0.139852 0 
dMomentum = 6.50521e-19 6.34258e-18 0
dEnergy = 5.97375e-09
0 -0.563449 -0.7602 0 -0.141536 -0.232006 0 
1 0.713615 0.355926 0 -0.85002 0.127379 0 
2 -0.150166 0.404274 0 0.991556 0.104627 0 
dMomentum = 2.1684e-18 6.23416e-18 0
dEnergy = 1.25982e-08
0 -0.56992 -0.770756 0 -0.11722 -0.190496 0 
1 0.668988 0.362108 0 -0.937972 0.120053 0 
2 -0.0990676 0.408648 0 1.05519 0.0704429 0 
dMomentum = 3.14419e-18 6.34258e-18 0
dEnergy = 2.70482e-08
0 -0.575162 -0.779273 0 -0.0923614 -0.150385 0 
1 0.619448 0.36795 0 -1.04836 0.1139 0 
2 -0.0442855 0.411322 0 1.14073 0.0364848 0 
dMomentum = 3.46945e-18 6.17995e-18 0
dEnergy = 6.58046e-08
0 -0.579147 -0.785813 0 -0.0669614 -0.11142 0 
1 0.563516 0.373537 0 -1.19759 0.11015 0 
2 0.0156317 0.412276 0 1.26455 0.00127079 0 
dMomentum = 3.90313e-18 6.12574e-18 0
dEnergy = 2.17586e-07
0 -0.581849 -0.79043 0 -0.041016 -0.0733679 0 
1 0.49839 0.379059 0 -1.4274 0.112311 0 
2 0.0834591 0.41137 0 1.46841 -0.0389433 0 
dMomentum = 3.25261e-18 6.451e-18 0
dEnergy = 1.73438e-06
0 -0.58324 -0.793162 0 -0.0145289 -0.0359938 0 
1 0.416994 0.385098 0 -1.90536 0.136532 0 
2 0.166246 0.408064 0 1.91989 -0.100538 0 
dMomentum = 1.73472e-18 6.93889e-18 0
dEnergy = 530.37
0 -0.583294 -0.794036 0 0.0124333 0.000941166 0 
1 0.395062 0.280178 0 15.2655 -17.3223 0 
2 0.188231 0.513859 0 -15.2779 17.3214 0 
dMomentum = -3.46945e-18 6.41848e-17 0
dEnergy = 530.37
0 -0.582055 -0.793264 0 0.0352338 0.0256908 0 
1 1.15623 -0.584394 0 15.2063 -17.286 0 
2 -0.574175 1.37766 0 -15.2416 17.2603 0 
dMomentum = 6.93889e-18 9.02056e-17 0
dEnergy = 530.37
0 -0.579993 -0.791776 0 0.0455781 0.032289 0 
1 1.91615 -1.4486 0 15.1925 -17.2824 0 
2 -1.33616 2.24038 0 -15.2381 17.2501 0 
dMomentum = 1.30104e-17 1.02349e-16 0
dEnergy = 530.37
0 -0.577601 -0.790108 0 0.0495051 0.0341001 0 
1 2.67561 -2.31264 0 15.1865 -17.2794 0 
2 -2.09801 3.10275 0 -15.236 17.2453 0 
dMomentum = 5.20417e-18 7.45931e-17 0
dEnergy = 530.37
0 -0.575077 -0.788384 0 0.0512382 0.0347833 0 
1 3.43485 -3.17656 0 15.1834 -17.2775 0 
2 -2.85977 3.96495 0 -15.2346 17.2427 0 
dMomentum = 3.46945e-18 7.28584e-17 0
dEnergy = 530.37
0 -0.572491 -0.786636 0 0.0521277 0.0351058 0 
1 4.19396 -4.0404 0 15.1815 -17.2762 0 
2 -3.62147 4.82704 0 -15.2336 17.2411 0 
dMomentum = 1.99493e-17 1.09288e-16 0
dEnergy = 530.37
0 -0.569871 -0.784876 0 0.0526383 0.0352818 0 
1 4.95301 -4.90419 0 15.1803 -17.2752 0 
2 -4.38314 5.68906 0 -15.2329 17.2399 0 
dMomentum = 0 6.93889e-17 0
dEnergy = 530.37
0 -0.56723 -0.783109 0 0.0529566 0.0353879 0 
1 5.712 -5.76793 0 15.1794 -17.2745 0 
2 -5.14477 6.55104 0 -15.2324 17.2391 0 
dMomentum = -7.80626e-18 3.81639e-17 0
dEnergy = 530.37
0 -0.564577 -0.781338 0 0.0531676 0.0354566 0 
1 6.47095 -6.63164 0 15.1788 -17.274 0 
2 -5.90638 7.41298 0 -15.232 17.2385 0 
dMomentum = 1.21431e-17 3.46945e-18 0
dEnergy = 530.37
0 -0.561914 -0.779564 0 0.0533144 0.0355034 0 
1 7.22988 -7.49533 0 15.1783 -17.2735 0 
2 -6.66797 8.27489 0 -15.2316 17.238 0 
dMomentum = 4.25007e-17 4.16334e-17 0
dEnergy = 530.37
0 -0.559246 -0.777788 0 0.0534204 0.0355367 0 
1 7.98879 -8.35899 0 15.1779 -17.2732 0 
2 -7.42954 9.13678 0 -15.2313 17.2376 0 
dMomentum = 4.94396e-17 3.1225e-17 0
dEnergy = 530.37
0 -0.556573 -0.77601 0 0.0534995 0.0355612 0 
1 8.74767 -9.22264 0 15.1776 -17.2729 0 
2 -8.1911 9.99865 0 -15.2311 17.2373 0 
dMomentum = 6.15827e-17 2.25514e-17 0
dEnergy = 530.37
0 -0.553896 -0.774232 0 0.05356 0.0355797 0 
1 9.50655 -10.0863 0 15.1773 -17.2726 0 
2 -8.95265 10.8605 0 -15.2309 17.237 0 
dMomentum = 6.50521e-17 -1.21431e-17 0
dEnergy = 530.37
0 -0.551217 -0.772452 0 0.0536072 0.035594 0 
1 10.2654 -10.9499 0 15.1771 -17.2724 0 
2 -9.71419 11.7224 0 -15.2307 17.2368 0 
dMomentum = 4.42354e-17 -8.67362e-18 0
dEnergy = 530.37
0 -0.548536 -0.770672 0 0.0536448 0.0356053 0 
1 11.0243 -11.8135 0 15.1769 -17.2722 0 
2 -10.4757 12.5842 0 -15.2306 17.2366 0 
dMomentum = 3.20924e-17 -9.36751e-17 0
dEnergy = 530.37
0 -0.545853 -0.768892 0 0.0536752 0.0356143 0 
1 11.7831 -12.6771 0 15.1768 -17.2721 0 
2 -11.2372 13.446 0 -15.2304 17.2364 0 
dMomentum = -2.68882e-17 -1.17961e-16 0
dEnergy = 530.37
0 -0.543168 -0.767111 0 0.0537001 0.0356216 0 
1 12.5419 -13.5407 0 15.1766 -17.2719 0 
2 -11.9988 14.3078 0 -15.2303 17.2363 0 
dMomentum = -3.29597e-17 -1.52656e-16 0
dEnergy = 530.37
0 -0.540483 -0.76533 0 0.0537207 0.0356276 0 
1 13.3008 -14.4043 0 15.1765 -17.2718 0 
2 -12.7603 15.1696 0 -15.2302 17.2362 0 
dMomentum = -3.38271e-17 -1.8735e-16 0
dEnergy = 530.37
0 -0.537796 -0.763548 0 0.0537381 0.0356326 0 
1 14.0596 -15.2679 0 15.1764 -17.2717 0 
2 -13.5218 16.0315 0 -15.2301 17.2361 0 
dMomentum = -3.81639e-17 -1.8735e-16 0
dEnergy = 530.37
0 -0.535109 -0.761766 0 0.0537527 0.0356368 0 
1 14.8184 -16.1315 0 15.1763 -17.2716 0 
2 -14.2833 16.8933 0 -15.2301 17.2359 0 
dMomentum = -4.42354e-17 -1.99493e-16 0
dEnergy = 530.37
0 -0.532421 -0.759984 0 0.0537652 0.0356403 0 
1 15.5772 -16.9951 0 15.1762 -17.2715 0 
2 -15.0448 17.755 0 -15.23 17.2359 0 
dMomentum = -4.0766e-17 -1.73472e-16 0
dEnergy = 530.37
0 -0.529733 -0.758202 0 0.053776 0.0356433 0 
1 16.336 -17.8586 0 15.1761 -17.2714 0 
2 -15.8063 18.6168 0 -15.2299 17.2358 0 
dMomentum = -5.29091e-17 -2.06432e-16 0
dEnergy = 530.37
0 -0.527043 -0.75642 0 0.0537854 0.0356459 0 
1 17.0948 -18.7222 0 15.1761 -17.2713 0 
2 -16.5678 19.4786 0 -15.2299 17.2357 0 
dMomentum = -3.90313e-17 -2.56739e-16 0
dEnergy = 530.37
0 -0.524354 -0.754638 0 0.0537935 0.0356481 0 
1 17.8536 -19.5858 0 15.176 -17.2713 0 
2 -17.3293 20.3404 0 -15.2298 17.2356 0 
dMomentum = -4.33681e-17 -2.23779e-16 0
dEnergy = 530.37
0 -0.521664 -0.752855 0 0.0538006 0.0356501 0 
1 18.6124 -20.4493 0 15.1759 -17.2712 0 
2 -18.0908 21.2022 0 -15.2297 17.2356 0 
dMomentum = -3.29597e-17 -2.60209e-16 0
dEnergy = 530.37
0 -0.518974 -0.751073 0 0.0538069 0.0356518 0 
1 19.3712 -21.3129 0 15.1759 -17.2712 0 
2 -18.8523 22.064 0 -15.2297 17.2355 0 
dMomentum = -5.55112e-17 -2.08167e-16 0
dEnergy = 530.37
0 -0.516283 -0.74929 0 0.0538125 0.0356533 0 
1 20.13 -22.1764 0 15.1758 -17.2711 0 
2 -19.6137 22.9257 0 -15.2297 17.2354 0 
dMomentum = -3.64292e-17 -1.73472e-16 0
dEnergy = 530.37
0 -0.513593 -0.747507 0 0.0538175 0.0356546 0 
1 20.8888 -23.04 0 15.1758 -17.271 0 
2 -20.3752 23.7875 0 -15.2296 17.2354 0 
dMomentum = -4.51028e-17 -1.19696e-16 0
dEnergy = 530.37
0 -0.510902 -0.745725 0 0.0538219 0.0356557 0 
1 21.6476 -23.9036 0 15.1757 -17.271 0 
2 -21.1367 24.6493 0 -15.2296 17.2353 0 
dMomentum = -3.29597e-17 -1.47451e-16 0
dEnergy = 530.37
0 -0.508211 -0.743942 0 0.0538259 0.0356568 0 
1 22.4064 -24.7671 0 15.1757 -17.271 0 
2 -21.8982 25.511 0 -15.2295 17.2353 0 
dMomentum = -3.98986e-17 -8.50015e-17 0
dEnergy = 530.37
0 -0.505519 -0.742159 0 0.0538295 0.0356577 0 
1 23.1652 -25.6306 0 15.1757 -17.2709 0 
2 -22.6597 26.3728 0 -15.2295 17.2353 0 
dMomentum = -3.72966e-17 -1.14492e-16 0
dEnergy = 530.37
0 -0.502828 -0.740376 0 0.0538327 0.0356585 0 
1 23.924 -26.4942 0 15.1756 -17.2709 0 
2 -23.4211 27.2346 0 -15.2295 17.2352 0 
dMomentum = -3.03577e-17 -1.07553e-16 0
dEnergy = 530.37
0 -0.500136 -0.738593 0 0.0538356 0.0356593 0 
1 24.6827 -27.3577 0 15.1756 -17.2708 0 
2 -24.1826 28.0963 0 -15.2294 17.2352 0 
dMomentum = -1.12757e-17 -9.71445e-17 0
dEnergy = 530.37
0 -0.497444 -0.73681 0 0.0538383 0.0356599 0 
1 25.4415 -28.2213 0 15.1756 -17.2708 0 
2 -24.9441 28.9581 0 -15.2294 17.2352 0 
dMomentum = -5.20417e-18 -8.32667e-17 0
dEnergy = 530.37
0 -0.494752 -0.735027 0 0.0538407 0.0356605 0 
1 26.2003 -29.0848 0 15.1755 -17.2708 0 
2 -25.7055 29.8198 0 -15.2294 17.2351 0 
dMomentum = 8.67362e-18 -1.43982e-16 0
dEnergy = 530.37
0 -0.49206 -0.733244 0 0.053843 0.0356611 0 
1 26.9591 -29.9484 0 15.1755 -17.2708 0 
2 -26.467 30.6816 0 -15.2294 17.2351 0 
dMomentum = 5.20417e-18 -1.70003e-16 0
dEnergy = 530.37
0 -0.489368 -0.731461 0 0.053845 0.0356616 0 
1 27.7178 -30.8119 0 15.1755 -17.2707 0 
2 -27.2285 31.5434 0 -15.2293 17.2351 0 
dMomentum = 2.60209e-18 -1.33574e-16 0
dEnergy = 530.37
0 -0.486675 -0.729678 0 0.0538469 0.035662 0 
1 28.4766 -31.6754 0 15.1755 -17.2707 0 
2 -27.9899 32.4051 0 -15.2293 17.235 0 
dMomentum = -1.73472e-18 -1.23165e-16 0
dEnergy = 530.37
0 -0.483983 -0.727895 0 0.0538486 0.0356624 0 
1 29.2354 -32.539 0 15.1754 -17.2707 0 
2 -28.7514 33.2669 0 -15.2293 17.235 0 
dMomentum = 6.07153e-18 -1.07553e-16 0
dEnergy = 530.37
0 -0.481291 -0.726112 0 0.0538502 0.0356628 0 
1 29.9942 -33.4025 0 15.1754 -17.2707 0 
2 -29.5129 34.1286 0 -15.2293 17.235 0 
dMomentum = 8.67362e-18 -6.245e-17 0
dEnergy = 530.37
0 -0.478598 -0.724329 0 0.0538517 0.0356631 0 
1 30.7529 -34.266 0 15.1754 -17.2706 0 
2 -30.2743 34.9904 0 -15.2293 17.235 0 
dMomentum = -1.47451e-17 -9.36751e-17 0
dEnergy = 530.37
0 -0.475905 -0.722545 0 0.053853 0.0356634 0 
1 31.5117 -35.1296 0 15.1754 -17.2706 0 
2 -31.0358 35.8521 0 -15.2292 17.2349 0 
dMomentum = -2.68882e-17 -1.07553e-16 0
dEnergy = 530.37
0 -0.473213 -0.720762 0 0.0538543 0.0356637 0 
1 32.2705 -35.9931 0 15.1754 -17.2706 0 
2 -31.7973 36.7139 0 -15.2292 17.2349 0 
dMomentum = -5.72459e-17 -7.45931e-17 0
dEnergy = 530.37
0 -0.47052 -0.718979 0 0.0538555 0.035664 0 
1 33.0292 -36.8566 0 15.1753 -17.2706 0 
2 -32.5587 37.5756 0 -15.2292 17.2349 0 
