dMomentum = 0 0 0
dEnergy = 0
0 -1 0 0 0.417343 0.3131 0 
1 1 0 0 0.417343 0.3131 0 
2 0 0 0 -0.834686 -0.6262 0 
dMomentum = -1.46367e-18 1.21973e-18 0
dEnergy = 1.98094e-10
0 -0.977467 0.0156646 0 0.483332 0.311758 0 
1 1.01939 0.0156684 0 0.357666 0.312056 0 
2 -0.041923 -0.031333 0 -0.840998 -0.623814 0 
dMomentum = -6.23416e-19 1.32815e-18 0
dEnergy = 8.32353e-10
0 -0.951441 0.0311802 0 0.557067 0.306926 0 
1 1.03592 0.0312409 0 0.303192 0.30938 0 
2 -0.0844838 -0.0624211 0 -0.860259 -0.616306 0 
dMomentum = -1.78893e-18 1.54499e-18 0
dEnergy = 2.03685e-09
0 -0.921488 0.0463328 0 0.640444 0.296925 0 
1 1.04984 0.0466499 0 0.253043 0.305601 0 
2 -0.128354 -0.0929827 0 -0.893487 -0.602526 0 
dMomentum = -1.21973e-18 1.70762e-18 0
dEnergy = 4.08864e-09
0 -0.887065 0.060802 0 0.736028 0.279081 0 
1 1.06134 0.0618503 0 0.206503 0.301108 0 
2 -0.174275 -0.122652 0 -0.942531 -0.580189 0 
dMomentum = -1.76183e-18 2.6563e-18 0
dEnergy = 7.51134e-09
0 -0.847477 0.0740929 0 0.847325 0.248922 0 
1 1.07058 0.0768139 0 0.162968 0.29619 0 
2 -0.223107 -0.150907 0 -1.01029 -0.545111 0 
dMomentum = -2.73761e-18 3.33392e-18 0
dEnergy = 1.32503e-08
0 -0.801822 0.0854093 0 0.979108 0.198501 0 
1 1.07771 0.0915251 0 0.121908 0.291067 0 
2 -0.275889 -0.176934 0 -1.10102 -0.489568 0 
dMomentum = -4.22839e-18 3.68629e-18 0
dEnergy = 2.27335e-08
0 -0.748927 0.0933994 0 1.13741 0.112667 0 
1 1.08283 0.105978 0 0.0828306 0.28591 0 
2 -0.333905 -0.199378 0 -1.22024 -0.398577 0 
dMomentum = -5.14996e-18 4.06576e-18 0
dEnergy = 3.56674e-08
0 -0.687322 0.0956055 0 1.32716 -0.0397573 0 
1 1.08604 0.120175 0 0.0452445 0.280844 0 
2 -0.398713 -0.21578 0 -1.3724 -0.241087 0 
dMomentum = -4.93312e-18 3.46945e-18 0
dEnergy = 2.68807e-08
0 -0.615578 0.0872156 0 1.53647 -0.326254 0 
1 1.08738 0.134122 0 0.00861262 0.275936 0 
2 -0.471803 -0.221337 0 -1.54508 0.0503182 0 
dMomentum = -1.78893e-18 4.01155e-18 0
dEnergy = -2.0307e-07
0 -0.534677 0.0585868 0 1.6565 -0.870435 0 
1 1.0869 0.147826 0 -0.0276958 0.271141 0 
2 -0.552227 -0.206412 0 -1.6288 0.599294 0 
dMomentum = -3.06287e-18 4.44523e-18 0
dEnergy = -7.7481e-07
0 -0.45746 -0.00408823 0 1.31079 -1.62308 0 
1 1.0846 0.161287 0 -0.0643421 0.266167 0 
2 -0.627141 -0.157199 0 -1.24644 1.35691 0 
dMomentum = -4.93312e-18 1.95156e-18 0
dEnergy = -2.79894e-07
0 -0.411639 -0.0954865 0 0.514184 -1.90479 0 
1 1.08045 0.174483 0 -0.10153 0.260475 0 
2 -0.668808 -0.0789969 0 -0.412653 1.64431 0 
dMomentum = -4.33681e-18 4.77049e-18 0
dEnergy = 1.70578e-08
0 -0.400905 -0.186833 0 -0.0221984 -1.70801 0 
1 1.07443 0.187371 0 -0.138761 0.253837 0 
2 -0.673522 -0.000537306 0 0.16096 1.45417 0 
dMomentum = -4.11997e-18 5.63785e-18 0
dEnergy = 3.64851e-08
0 -0.408948 -0.265821 0 -0.265289 -1.44985 0 
1 1.06655 0.199906 0 -0.17563 0.246487 0 
2 -0.657601 0.0659149 0 0.440919 1.20336 0 
dMomentum = -4.77049e-18 6.50521e-18 0
dEnergy = 2.36419e-08
0 -0.425213 -0.332877 0 -0.36912 -1.23529 0 
1 1.05683 0.212062 0 -0.21212 0.238731 0 
2 -0.631622 0.120815 0 0.581241 0.996555 0 
dMomentum = -4.11997e-18 6.72205e-18 0
dEnergy = 1.35281e-08
0 -0.444909 -0.390342 0 -0.410185 -1.0652 0 
1 1.0453 0.223824 0 -0.248422 0.230784 0 
2 -0.600389 0.166519 0 0.658608 0.834417 0 
dMomentum = -4.11997e-18 7.91468e-18 0
dEnergy = 7.35773e-09
0 -0.465815 -0.440162 0 -0.420858 -0.92824 0 
1 1.03194 0.235186 0 -0.284808 0.222782 0 
2 -0.566127 0.204976 0 0.705665 0.705458 0 
dMomentum = -3.57787e-18 8.0231e-18 0
dEnergy = 3.66363e-09
0 -0.486817 -0.483748 0 -0.415664 -0.815088 0 
1 1.01675 0.246147 0 -0.321581 0.214805 0 
2 -0.529936 0.237601 0 0.737245 0.600283 0 
dMomentum = -3.14419e-18 7.04731e-18 0
dEnergy = 1.41874e-09
0 -0.507319 -0.522122 0 -0.401667 -0.719284 0 
1 0.999707 0.25671 0 -0.359073 0.206898 0 
2 -0.492388 0.265412 0 0.76074 0.512386 0 
dMomentum = -1.6263e-18 6.07153e-18 0
dEnergy = 4.63491e-11
0 -0.52698 -0.556036 0 -0.382549 -0.636427 0 
1 0.980757 0.26688 0 -0.397645 0.199087 0 
2 -0.453777 0.289156 0 0.780194 0.437339 0 
dMomentum = -5.42101e-19 5.20417e-18 0
dEnergy = -7.64998e-10
0 -0.545563 -0.586001 0 -0.360388 -0.563603 0 
1 0.959882 0.276641 0 -0.43762 0.191402 0 
2 -0.414319 0.309359 0 0.798008 0.3722 0 
dMomentum = 0 5.04154e-18 0
dEnergy = -1.18249e-09
0 -0.562987 -0.612524 0 -0.336308 -0.498482 0 
1 0.936962 0.286022 0 -0.479546 0.183834 0 
2 -0.373975 0.326502 0 0.815854 0.314648 0 
dMomentum = 1.0842e-18 4.87891e-18 0
dEnergy = -1.28101e-09
0 -0.579174 -0.635951 0 -0.310995 -0.439498 0 
1 0.911886 0.295027 0 -0.523997 0.176389 0 
2 -0.332712 0.340924 0 0.834991 0.263109 0 
dMomentum = 1.51788e-18 4.39102e-18 0
dEnergy = -1.07041e-09
0 -0.594073 -0.656557 0 -0.28486 -0.385479 0 
1 0.884509 0.303663 0 -0.571695 0.169073 0 
2 -0.290436 0.352894 0 0.856555 0.216406 0 
dMomentum = -2.1684e-19 3.90313e-18 0
dEnergy = -4.94991e-10
0 -0.60765 -0.674567 0 -0.258153 -0.335535 0 
1 0.854646 0.311937 0 -0.623591 0.161899 0 
2 -0.246996 0.36263 0 0.881743 0.173636 0 
dMomentum = 1.0842e-19 4.06576e-18 0
dEnergy = 5.94849e-10
0 -0.619881 -0.690166 0 -0.231017 -0.288972 0 
1 0.822058 0.319856 0 -0.680985 0.154889 0 
2 -0.202177 0.370311 0 0.912001 0.134083 0 
dMomentum = -3.25261e-19 3.95734e-18 0
dEnergy = 2.52329e-09
0 -0.630746 -0.703511 0 -0.203534 -0.245239 0 
1 0.786426 0.327429 0 -0.745743 0.148085 0 
2 -0.15568 0.376082 0 0.949277 0.0971542 0 
dMomentum = -7.58942e-19 4.01155e-18 0
dEnergy = 6.001e-09
0 -0.640229 -0.71473 0 -0.175743 -0.203892 0 
1 0.747315 0.334669 0 -0.8207 0.141563 0 
2 -0.107086 0.380061 0 0.996443 0.0623291 0 
dMomentum = -8.67362e-19 3.57787e-18 0
dEnergy = 1.27358e-08
0 -0.648315 -0.723934 0 -0.147654 -0.164565 0 
1 0.704111 0.341592 0 -0.910469 0.135463 0 
2 -0.0557954 0.382342 0 1.05812 0.0291015 0 
dMomentum = 1.0842e-18 3.79471e-18 0
dEnergy = 2.75199e-08
0 -0.65499 -0.731215 0 -0.119262 -0.126948 0 
1 0.655888 0.348226 0 -1.0233 0.130055 0 
2 -0.000898338 0.382989 0 1.14257 -0.00310721 0 
dMomentum = -8.67362e-19 3.63208e-18 0
dEnergy = 6.75165e-08
0 -0.660236 -0.736653 0 -0.0905489 -0.0907747 0 
1 0.601126 0.354618 0 -1.17614 0.125905 0 
2 0.0591106 0.382034 0 1.26669 -0.0351304 0 
dMomentum = 1.73472e-18 3.41524e-18 0
dEnergy = 2.26714e-07
0 -0.664039 -0.740312 0 -0.0614952 -0.0558013 0 
1 0.53693 0.360859 0 -1.41245 0.124385 0 
2 0.127109 0.379453 0 1.47394 -0.0685834 0 
dMomentum = 0 3.36103e-18 0
dEnergy = 1.8998e-06
0 -0.66638 -0.742249 0 -0.0320887 -0.0217909 0 
1 0.455906 0.367167 0 -1.91046 0.129839 0 
2 0.210474 0.375082 0 1.94255 -0.108048 0 
dMomentum = 6.245e-17 1.38778e-17 0
dEnergy = 10251.7
0 -0.667238 -0.742499 0 -1.89867e-06 0.0139761 0 
1 -0.211204 -0.268095 0 -65.6677 -77.0802 0 
2 0.878442 1.01059 0 65.6677 77.0662 0 
dMomentum = -4.85723e-17 2.22045e-16 0
dEnergy = 10251.7
0 -0.650636 -0.755796 0 0.371872 -0.318984 0 
1 -3.51106 -4.10796 0 -66.0361 -76.7431 0 
2 4.1617 4.86375 0 65.6642 77.0621 0 
dMomentum = -1.59595e-16 2.77556e-16 0
dEnergy = 10251.7
0 -0.632056 -0.771761 0 0.371444 -0.319481 0 
1 -6.81284 -7.94508 0 -66.0352 -76.7421 0 
2 7.44489 8.71684 0 65.6637 77.0616 0 
dMomentum = -1.31839e-16 3.1225e-16 0
dEnergy = 10251.7
0 -0.613487 -0.787738 0 0.371355 -0.319582 0 
1 -10.1146 -11.7822 0 -66.0349 -76.7417 0 
2 10.7281 12.5699 0 65.6635 77.0613 0 
dMomentum = 5.55112e-17 5.68989e-16 0
dEnergy = 10251.7
0 -0.59492 -0.803718 0 0.371322 -0.319618 0 
1 -13.4163 -15.6193 0 -66.0347 -76.7416 0 
2 14.0112 16.423 0 65.6634 77.0612 0 
dMomentum = -4.16334e-17 2.63678e-16 0
dEnergy = 10251.7
0 -0.576354 -0.8197 0 0.371306 -0.319635 0 
1 -16.7181 -19.4563 0 -66.0346 -76.7415 0 
2 17.2944 20.276 0 65.6633 77.0611 0 
dMomentum = 2.08167e-16 3.88578e-16 0
dEnergy = 10251.7
0 -0.557789 -0.835682 0 0.371297 -0.319645 0 
1 -20.0198 -23.2934 0 -66.0346 -76.7414 0 
2 20.5776 24.1291 0 65.6633 77.0611 0 
dMomentum = 3.1225e-16 5.68989e-16 0
dEnergy = 10251.7
0 -0.539225 -0.851664 0 0.371292 -0.31965 0 
1 -23.3215 -27.1305 0 -66.0346 -76.7414 0 
2 23.8607 27.9821 0 65.6633 77.061 0 
dMomentum = 4.64906e-16 6.38378e-16 0
dEnergy = 10251.7
0 -0.52066 -0.867647 0 0.371288 -0.319654 0 
1 -26.6232 -30.9675 0 -66.0345 -76.7413 0 
2 27.1439 31.8352 0 65.6632 77.061 0 
dMomentum = 4.3715e-16 6.245e-16 0
dEnergy = 10251.7
0 -0.502096 -0.883629 0 0.371285 -0.319656 0 
1 -29.925 -34.8046 0 -66.0345 -76.7413 0 
2 30.4271 35.6882 0 65.6632 77.061 0 
