fo8
0 1.0 -1.0 0.0 0.0 0.3471128135672417 0.532726851767674 0.0
1 1.0 1.0 0.0 0.0 0.3471128135672417 0.532726851767674 0.0
2 1.0 0.0 0.0 0.0 -0.6942256271344834 -1.065453703535348 0.0
butterfly1
0 1.0 -1.0 0.0 0.0 0.306892758965492 0.125506782829762 0.0
1 1.0 1.0 0.0 0.0 0.306892758965492 0.125506782829762 0.0
2 1.0 0.0 0.0 0.0 -0.613785517930984 -0.251013565659524 0.0
butterfly2
0 1.0 -1.0 0.0 0.0 0.392955223941802 0.0975792352080344 0.0
1 1.0 1.0 0.0 0.0 0.392955223941802 0.0975792352080344 0.0
2 1.0 0.0 0.0 0.0 -0.785910447883604 -0.1951584704160688 0.0
butterfly3
0 1.0 -1.0 0.0 0.0 0.405915588857606 0.230163127422333 0.0
1 1.0 1.0 0.0 0.0 0.405915588857606 0.230163127422333 0.0
2 1.0 0.0 0.0 0.0 -0.811831177715212 -0.460326254844666 0.0
butterfly4
0 1.0 -1.0 0.0 0.0 0.350112121391296 0.0793394773483276 0.0
1 1.0 1.0 0.0 0.0 0.350112121391296 0.0793394773483276 0.0
2 1.0 0.0 0.0 0.0 -0.700224242782592 -0.1586789546966552 0.0
bumblebee
0 1.0 -1.0 0.0 0.0 0.184278506469727 0.587188195800781 0.0
1 1.0 1.0 0.0 0.0 0.184278506469727 0.587188195800781 0.0
2 1.0 0.0 0.0 0.0 -0.368557012939454 -1.174376391601562 0.0
dragonfly
0 1.0 -1.0 0.0 0.0 0.080584285736084 0.588836087036132 0.0
1 1.0 1.0 0.0 0.0 0.080584285736084 0.588836087036132 0.0
2 1.0 0.0 0.0 0.0 -0.161168571472168 -1.177672174072264 0.0
lagrange
0 1.0 1.0 0.0 0.0 0.0 1.0 0.0
1 1.0 -0.5 0.8660254037844386 0.0 -0.8660254037844386 -0.5 0.0
2 1.0 -0.5 -0.8660254037844386 0.0 0.8660254037844386 -0.5 0.0
moth1
0 1.0 -1.0 0.0 0.0 0.464445237398184 0.396059973403921 0.0
1 1.0 1.0 0.0 0.0 0.464445237398184 0.396059973403921 0.0
2 1.0 0.0 0.0 0.0 -0.928890474796368 -0.792119946807842 0.0
moth2
0 1.0 -1.0 0.0 0.0 0.439165939331987 0.452967645644678 0.0
1 1.0 1.0 0.0 0.0 0.439165939331987 0.452967645644678 0.0
2 1.0 0.0 0.0 0.0 -0.878331878663974 -0.905935291289356 0.0
moth3
0 1.0 -1.0 0.0 0.0 0.383443534851074 0.37736369323730 0.0
1 1.0 1.0 0.0 0.0 0.383443534851074 0.37736369323730 0.0
2 1.0 0.0 0.0 0.0 -0.766887069702148 -0.75472738647461 0.0
lagrange
0 1.0  1.0 0.0 0.0 0.0 0.8660254037844386 0.0
1 1.0 -0.5 0.8660254037844386 0.0 -0.75 -0.43301270189 0.0
2 1.0 -0.5 -0.8660254037844386 0.0 0.75 -0.43301270189 0.0
goggles
0 1.0 -1.0 0.0 0.0 0.0833000564575194 0.127889282226563 0.0
1 1.0 1.0 0.0 0.0 0.0833000564575194 0.127889282226563 0.0
2 1.0 0.0 0.0 0.0 -0.1666001129150388 -0.255778564453126 0.0
yarn
0 1.0 -1.0 0.0 0.0 0.559064247131347 0.349191558837891 0.0
1 1.0 1.0 0.0 0.0 0.559064247131347 0.349191558837891 0.0
2 1.0 0.0 0.0 0.0 -1.118128494262694 -0.698383117675782 0.0
