yin-yang11
0 1.0 -1.0 0.0 0.0 0.513938054919243 0.304736003875733 0.0
1 1.0 1.0 0.0 0.0 0.513938054919243 0.304736003875733 0.0
2 1.0 0.0 0.0 0.0 -1.027876109838486 -0.609472007751466 0.0
yin-yang22
0 1.0 -1.0 0.0 0.0 0.416822143554688 0.330333312988282 0.0
1 1.0 1.0 0.0 0.0 0.416822143554688 0.330333312988282 0.0
2 1.0 0.0 0.0 0.0 -0.833644287109376 -0.660666625976564 0.0
yin-yang33
0 1.0 -1.0 0.0 0.0 0.417342877101898 0.313100116109848 0.0
1 1.0 1.0 0.0 0.0 0.417342877101898 0.313100116109848 0.0
2 1.0 0.0 0.0 0.0 -0.834685754203796 -0.626200232219696 0.0